REGIAO:;NE
UF:;CE
ESTACAO:;QUIXADA
CODIGO (WMO):;A369
LATITUDE:;-4,97888888
LONGITUDE:;-39,05722222
ALTITUDE:;193
DATA DE FUNDACAO:;20/03/18
Data;Hora UTC;PRECIPITAÇÃO TOTAL, HORÁRIO (mm);PRESSAO ATMOSFERICA AO NIVEL DA ESTACAO, HORARIA (mB);PRESSÃO ATMOSFERICA MAX.NA HORA ANT. (AUT) (mB);PRESSÃO ATMOSFERICA MIN. NA HORA ANT. (AUT) (mB);RADIACAO GLOBAL (Kj/m²);TEMPERATURA DO AR - BULBO SECO, HORARIA (°C);TEMPERATURA DO PONTO DE ORVALHO (°C);TEMPERATURA MÁXIMA NA HORA ANT. (AUT) (°C);TEMPERATURA MÍNIMA NA HORA ANT. (AUT) (°C);TEMPERATURA ORVALHO MAX. NA HORA ANT. (AUT) (°C);TEMPERATURA ORVALHO MIN. NA HORA ANT. (AUT) (°C);UMIDADE REL. MAX. NA HORA ANT. (AUT) (%);UMIDADE REL. MIN. NA HORA ANT. (AUT) (%);UMIDADE RELATIVA DO AR, HORARIA (%);VENTO, DIREÇÃO HORARIA (gr) (° (gr));VENTO, RAJADA MAXIMA (m/s);VENTO, VELOCIDADE HORARIA (m/s);
2024/01/01;0000 UTC;0;991,1;991,1;989,2;;27,9;27,9;28,6;27,9;28,2;27,1;100;92;100;;;;
2024/01/01;0100 UTC;0;991,5;991,5;991;;27,7;27,7;27,9;27,7;28;27,7;100;100;100;;;;
2024/01/01;0200 UTC;0;991,3;991,5;991,2;;26,7;;27,7;26,7;27,7;27;100;100;;;;;
2024/01/01;0300 UTC;0;990,7;991,3;990,7;;26,8;;26,8;26,5;;;;;;;;;
2024/01/01;0400 UTC;8,6;990,5;990,9;990,3;;24,4;;26,9;24,4;;;;;;;;;
2024/01/01;0500 UTC;8,4;991,1;991,2;990,5;919,6;23,9;;24,4;23,9;;;;;;;;;
2024/01/01;0600 UTC;3;990,2;991,1;990,2;4774;24,5;;24,5;23,9;;;;;;;;;
2024/01/01;0700 UTC;1,6;989,8;990,4;989,8;360;23,7;;24,5;23,6;;;;;;;;;
2024/01/01;0800 UTC;,6;989,8;989,8;989,4;1796,7;24;;24;23,7;;;;;;;;;
2024/01/01;0900 UTC;0;990,7;990,7;989,8;120;23,6;;24;23,5;;;;;;;;;
2024/01/01;1000 UTC;0;990,8;990,8;990,6;480;24;;24;23,6;;;;;;;;;
2024/01/01;1100 UTC;0;992,1;992,1;990,7;6168,2;25,1;;25,1;24;;;;;;;;;
2024/01/01;1200 UTC;0;992,5;992,5;992;5807,8;25,9;;26,2;25;;;;;;;;;
2024/01/01;1300 UTC;0;992,9;992,9;992,5;5859,9;26,7;;26,7;25,7;;;;;;;;;
2024/01/01;1400 UTC;0;992,5;992,9;992,5;4560,7;27,9;;28,2;26,7;;;;;;;;;
2024/01/01;1500 UTC;0;991,7;992,6;991,7;195,8;28,6;;28,7;27,9;;;;;;;;;
2024/01/01;1600 UTC;0;990,8;991,7;990,8;27,7;29,3;29,3;29,3;28,4;29,3;28,4;100;98;100;;;;
2024/01/01;1700 UTC;0;989,5;990,8;989,5;555;29,6;28,2;30,3;29,2;30,3;27,7;100;89;92;;;;
2024/01/01;1800 UTC;0;988,5;989,5;988,5;2522,9;29,6;28,3;30,8;29,4;30,4;28,1;100;91;93;;;;
2024/01/01;1900 UTC;0;988,2;988,5;988,2;1358,9;30,3;27,9;31;29,6;29,6;27,2;98;83;87;;;;
2024/01/01;2000 UTC;0;988,2;988,2;988;192,8;29,9;28,2;30,3;29,8;28,8;27,1;93;84;91;;;;
2024/01/01;2100 UTC;0;988,4;988,4;988,2;164,5;28,7;28,7;29,9;28,7;29,2;27;100;85;100;;;;
2024/01/01;2200 UTC;0;989,3;989,3;988,4;700,8;27,2;;28,7;27,2;;;;;;;;;
2024/01/01;2300 UTC;0;989,9;989,9;989,3;827,5;26,8;;27,2;26,6;;;;;;;;;
2024/01/02;0000 UTC;0;990,9;990,9;989,9;389;26,6;;26,8;26,5;;;;;;;;;
2024/01/02;0100 UTC;0;991,5;991,5;990,9;302;26;;26,6;25,9;;;;;;;;;
2024/01/02;0200 UTC;0;991;991,5;991;363,3;25,7;;26;25,7;;;;;;;;;
2024/01/02;0300 UTC;0;990,3;991;990,3;346,2;25,3;;25,7;25,3;;;;;;;;;
2024/01/02;0400 UTC;0;989,9;990,3;989,9;1747,9;24,8;;25,3;24,8;;;;;;;;;
2024/01/02;0500 UTC;0;989,5;989,9;989,4;347,7;24,4;;24,8;24,3;;;;;;;;;
2024/01/02;0600 UTC;0;989,3;989,5;989,1;49,8;24;;24,4;24;;;;;;;;;
2024/01/02;0700 UTC;0;989,3;989,3;989,1;;23,8;;24;23,7;;;;;;;;;
2024/01/02;0800 UTC;0;989,8;989,8;989,3;;23,7;;24;23,7;;;;;;;;;
2024/01/02;0900 UTC;0;990,5;990,6;989,8;;23,7;;23,8;23,5;;;;;;;;;
2024/01/02;1000 UTC;0;991,2;991,2;990,5;3383,4;25,4;;25,5;23,7;;;;;;;;;
2024/01/02;1100 UTC;0;991,5;991,5;991,2;2531,4;26,4;;26,6;25,2;;;;;;;;;
2024/01/02;1200 UTC;0;991,4;991,5;991,3;3326;27,8;;28,2;26,3;;;;;;;;;
2024/01/02;1300 UTC;0;991,3;991,6;991,3;6460,6;28,3;;28,4;27,5;;;;;;;;;
2024/01/02;1400 UTC;0;990,8;991,3;990,8;4491,5;29,9;29,9;31;28,3;30,7;28,7;100;92;100;;;;
2024/01/02;1500 UTC;0;989,9;990,8;989,9;2165,7;30,9;30,2;32,2;29,8;30,6;28,2;100;84;97;;;;
2024/01/02;1600 UTC;2;989,4;990;989,4;4417,9;27,4;;30,9;27,3;;;;;;;;;
2024/01/02;1700 UTC;1;988,5;989,4;988,5;3706,5;27,5;;29,9;27,1;;;;;;;;;
2024/01/02;1800 UTC;0;987,5;988,5;987,5;3760,8;30,7;30;30,9;27,5;;;;;96;;;;
2024/01/02;1900 UTC;0;987;987,5;987;945,4;31;30,3;31,6;30,7;31,1;29,1;99;90;96;;;;
2024/01/02;2000 UTC;,2;987,5;987,5;987;859,7;30,9;28,3;31,2;30,7;30,2;27,2;96;81;86;;;;
2024/01/02;2100 UTC;0;988,4;988,4;987,5;904,4;29,1;29,1;31;28,9;29,2;26,9;100;83;100;;;;
2024/01/02;2200 UTC;0;989,3;989,3;988,4;406,9;27,5;27,5;29,1;27,5;29,1;27,5;100;100;100;;;;
2024/01/02;2300 UTC;0;990,3;990,3;989,3;2499;26,6;26,6;27,5;26,6;27,5;26,6;100;100;100;;;;
2024/01/03;0000 UTC;0;990,9;991;990,3;2848,4;26,4;24,5;26,8;26,4;26,8;24,5;100;89;89;;;;
2024/01/03;0100 UTC;0;991,2;991,2;990,9;4768,1;26,4;;26,6;26,3;;;;;;;;;
2024/01/03;0200 UTC;0;990,9;991,2;990,9;2695;26,1;;26,4;26,1;;;;;;;;;
2024/01/03;0300 UTC;0;990,4;990,9;990,4;662,2;25,9;;26,2;25,9;;;;;;;;;
2024/01/03;0400 UTC;0;989,9;990,4;989,9;66,8;25,6;;25,9;25,6;;;;;;;;;
2024/01/03;0500 UTC;0;989,7;989,9;989,7;0;25,3;;25,6;25,3;;;;;;;;;
2024/01/03;0600 UTC;0;989,7;989,8;989,6;2,9;25,1;;25,3;25,1;;;;;;;;;
2024/01/03;0700 UTC;0;989,9;989,9;989,7;;24,8;;25,1;24,8;;;;;;;;;
2024/01/03;0800 UTC;0;990,5;990,5;989,9;;24,7;;24,8;24,7;;;;;;;;;
2024/01/03;0900 UTC;0;991,2;991,2;990,5;;24,9;;25;24,7;;;;;;;;;
2024/01/03;1000 UTC;0;991,8;991,8;991,2;295,1;26;;26,2;24,9;;;;;;;;;
2024/01/03;1100 UTC;0;992,2;992,2;991,8;41;26,9;;26,9;26;;;;;;;;;
2024/01/03;1200 UTC;0;992,3;992,3;992,2;3209;28,7;;28,7;26,9;;;;;;;;;
2024/01/03;1300 UTC;0;991,9;992,3;991,9;1011,6;30,1;30,1;30,5;28,6;;;;;100;;;;
2024/01/03;1400 UTC;0;991,5;992;991,4;160,4;31,1;29,5;31,7;30;31,3;28,3;100;85;91;;;;
2024/01/03;1500 UTC;0;990,9;991,6;990,9;;30,4;29,7;32;30;30,5;28,2;100;82;96;;;;
2024/01/03;1600 UTC;2,6;990,7;990,9;990,4;1078;26,9;;32,5;26,6;30;27,3;100;76;;;;;
2024/01/03;1700 UTC;0;989,1;990,7;989,1;1987,7;31,7;30,4;31,7;27;;;;;93;;;;
2024/01/03;1800 UTC;,2;988,4;989,1;988,3;825;32,9;28,1;32,9;31,7;30,2;27;93;72;76;;;;
2024/01/03;1900 UTC;0;988,1;988,4;988,1;;30,7;29;33;30,6;29,7;27,8;93;74;90;;;;
2024/01/03;2000 UTC;0;988,1;988,4;987,9;;29,4;27,5;32;29,4;29,4;27,3;91;80;90;;;;
2024/01/03;2100 UTC;0;988,7;988,7;988,1;;28,8;28,8;29,4;28,8;29,2;27,5;100;89;100;;;;
2024/01/03;2200 UTC;0;989,5;989,5;988,7;;29,2;27,2;29,6;28,8;29,1;27,2;100;88;89;;;;
2024/01/03;2300 UTC;0;990,5;990,5;989,5;;27,7;27,7;29,2;27,7;28,3;27,2;100;89;100;;;;
2024/01/04;0000 UTC;0;991;991;990,5;;26,4;;27,8;26,4;27,8;25,8;100;88;;;;;
2024/01/04;0100 UTC;0;991,5;991,5;991;;25,6;;26,4;25,6;;;;;;;;;
2024/01/04;0200 UTC;0;991,6;991,6;991,5;;25,4;;25,6;25,2;;;;;;;;;
2024/01/04;0300 UTC;0;991,1;991,6;991,1;;25,3;;25,4;25,2;;;;;;;;;
2024/01/04;0400 UTC;0;990,6;991,1;990,6;;25;;25,3;25;;;;;;;;;
2024/01/04;0500 UTC;0;990,4;990,6;990,4;;25,1;;25,1;25;;;;;;;;;
2024/01/04;0600 UTC;0;990,2;990,5;990,2;;25,3;;25,4;25,1;;;;;;;;;
2024/01/04;0700 UTC;0;990,2;990,2;990,1;;25,2;;25,4;25,2;;;;;;;;;
2024/01/04;0800 UTC;0;990,7;990,7;990,2;;25,2;;25,3;25;;;;;;;;;
2024/01/04;0900 UTC;0;991,4;991,4;990,7;;25,3;;25,3;25,2;;;;;;;;;
2024/01/04;1000 UTC;0;991,7;991,7;991,4;74,8;26,1;;26,4;25,3;;;;;;;;;
2024/01/04;1100 UTC;0;992,2;992,2;991,7;600,7;27;;28;26,1;;;;;;;;;
2024/01/04;1200 UTC;0;992,3;992,4;992,2;249,5;28,5;28,5;29,1;27;;;;;100;;;;
2024/01/04;1300 UTC;0;991,6;992,3;991,6;99,3;30,6;28,4;30,7;28,5;30,1;28,2;100;88;88;;;;
2024/01/04;1400 UTC;0;990,9;991,6;990,9;;31,3;25,5;31,7;29,9;29,1;25,5;91;71;71;;;;
2024/01/04;1500 UTC;0;990;990,9;990;;32,4;24,7;33;30,6;26,9;24,7;77;63;64;;;;
2024/01/04;1600 UTC;0;989;990;989;;33,3;24,3;33,5;32;26,1;23,6;68;58;59;;;;
2024/01/04;1700 UTC;0;988;989,1;988;8,9;33,6;24;34,2;32,5;25,3;23,7;62;57;57;;;;
2024/01/04;1800 UTC;0;987,2;988;987,2;;33,8;23,8;34,6;33,2;25,2;23,6;61;54;56;;;;
2024/01/04;1900 UTC;0;987;987,2;987;;33,7;23,8;34,5;32,8;25,1;23,5;59;56;57;;;;
2024/01/04;2000 UTC;0;987,1;987,2;987;;33,2;23,8;34,3;33,2;24,7;23,8;60;56;58;;;;
2024/01/04;2100 UTC;0;987,5;987,6;987,1;;31,6;24,2;33,2;31,6;24,3;23,7;65;58;65;;;;
2024/01/04;2200 UTC;0;988,1;988,1;987,5;;30,9;23,5;31,8;30,9;24,3;23,5;66;63;65;;;;
2024/01/04;2300 UTC;0;989;989;988,1;;29;24,7;30,9;29;24,7;23,5;78;65;78;;;;
2024/01/05;0000 UTC;0;989,9;989,9;989;;27,7;25,7;29;27,7;25,7;24,7;89;78;89;;;;
2024/01/05;0100 UTC;0;990,4;990,4;989,9;;26,4;26,4;27,7;26,4;27;25,7;100;89;100;;;;
2024/01/05;0200 UTC;0;990,4;990,5;990,4;;25,5;;26,4;25,5;;;;;;;;;
2024/01/05;0300 UTC;0;990,3;990,5;990,2;;25,2;;25,5;25,2;;;;;;;;;
2024/01/05;0400 UTC;0;990;990,3;989,9;80,1;25,2;;25,2;25,2;;;;;;;;;
2024/01/05;0500 UTC;0;989,7;990;989,7;;24,9;;25,2;24,9;;;;;;;;;
2024/01/05;0600 UTC;0;989,6;989,7;989,5;;25;;25,1;24,9;;;;;;;;;
2024/01/05;0700 UTC;0;989,6;989,6;989,5;;25;;25;24,9;;;;;;;;;
2024/01/05;0800 UTC;0;990;990;989,6;;24,6;;25;24,6;;;;;;;;;
2024/01/05;0900 UTC;0;990,5;990,5;990;;24,5;;24,6;24,5;;;;;;;;;
2024/01/05;1000 UTC;0;990,8;990,9;990,5;;26,9;;26,9;24,5;;;;;;;;;
2024/01/05;1100 UTC;0;991,1;991,1;990,8;;27,2;;27,6;26,5;;;;;;;;;
2024/01/05;1200 UTC;0;990,8;991,1;990,8;7,4;29,4;29,4;29,7;26,9;;;;;100;;;;
2024/01/05;1300 UTC;0;990,7;990,9;990,7;;29,2;28,8;30,5;29;30,5;28,5;100;92;98;;;;
2024/01/05;1400 UTC;0;989,9;990,7;989,8;34,8;31,9;28,6;31,9;29,1;29,4;27,7;99;82;83;;;;
2024/01/05;1500 UTC;0;988,8;989,9;988,8;;32,3;25,5;33;30,4;28;25,5;84;67;67;;;;
2024/01/05;1600 UTC;0;987,8;988,8;987,8;;32,8;24,6;33,9;31,6;26,9;24,3;73;59;62;;;;
2024/01/05;1700 UTC;0;986,7;987,8;986,7;;33,7;24,7;34,2;32,5;25,9;23,7;65;58;59;;;;
2024/01/05;1800 UTC;0;986,2;986,7;986,2;;34,4;23,8;34,8;33,6;24,8;23,5;60;53;54;;;;
2024/01/05;1900 UTC;0;985,8;986,2;985,8;;34,1;23,2;34,8;33,9;24,1;23,1;57;52;53;;;;
2024/01/05;2000 UTC;0;985,8;985,9;985,7;;33,2;23,2;34,6;33,2;24;22,9;57;53;56;;;;
2024/01/05;2100 UTC;0;986,2;986,2;985,8;;32;22,9;33,2;32;23,2;22,6;59;54;59;;;;
2024/01/05;2200 UTC;0;986,8;986,8;986,2;;30,5;23,6;32;30,5;23,9;22,8;67;58;67;;;;
2024/01/05;2300 UTC;0;987,7;987,7;986,8;;28,8;26,2;30,7;28,8;26,2;23,6;86;66;86;;;;
2024/01/06;0000 UTC;0;988,8;988,8;987,7;;27,6;27;28,8;27,6;27;26,1;97;86;97;;;;
2024/01/06;0100 UTC;0;989,3;989,3;988,8;;26,6;26,6;27,5;26,6;27,4;26,6;100;97;100;;;;
2024/01/06;0200 UTC;0;989,5;989,5;989,3;;25,8;;26,6;25,8;26,6;26;100;100;;;;;
2024/01/06;0300 UTC;0;989,3;989,7;989,3;;25,2;;25,8;25,2;;;;;;;;;
2024/01/06;0400 UTC;0;989,1;989,3;989,1;;25,3;;25,4;25,2;;;;;;;;;
2024/01/06;0500 UTC;0;989,1;989,1;988,9;;25,1;;25,3;25;;;;;;;;;
2024/01/06;0600 UTC;0;989,2;989,2;989,1;;24,8;;25,2;24,7;;;;;;;;;
2024/01/06;0700 UTC;0;989,3;989,4;989,2;;24,6;;24,8;24,5;;;;;;;;;
2024/01/06;0800 UTC;0;989,9;989,9;989,3;;25,1;;25,1;24,6;;;;;;;;;
2024/01/06;0900 UTC;0;990,5;990,5;989,9;;25,2;;25,2;25,1;;;;;;;;;
2024/01/06;1000 UTC;0;991,1;991,1;990,5;;25,9;;25,9;25,2;;;;;;;;;
2024/01/06;1100 UTC;,8;991,5;991,6;991,1;2943,1;26,8;;26,8;25,5;;;;;;;;;
2024/01/06;1200 UTC;0;991,6;991,8;991,5;6357;27,3;;27,3;26,7;;;;;;;;;
2024/01/06;1300 UTC;0;990,7;991,6;990,7;2047;29,9;29,3;30,3;27,3;30,1;28,6;100;96;97;;;;
2024/01/06;1400 UTC;0;989,9;990,7;989,9;110,2;31,7;26,6;32,2;29,6;29,7;26,6;98;75;75;;;;
2024/01/06;1500 UTC;0;989,2;989,9;989,2;;31,8;25,6;32,7;31,3;26,8;25,4;75;67;70;;;;
2024/01/06;1600 UTC;0;988,4;989,2;988,4;;31,8;25,8;33,3;31,2;26,6;25,2;74;66;71;;;;
2024/01/06;1700 UTC;0;987,1;988,4;987,1;;33,1;25,7;34;31,8;27,1;25,2;73;62;65;;;;
2024/01/06;1800 UTC;0;986,4;987,1;986,4;;34;25;34,4;33,1;25,9;24,1;65;57;59;;;;
2024/01/06;1900 UTC;0;986,3;986,4;986,1;;34,1;24,6;34,6;33,8;25,4;24,1;61;55;58;;;;
2024/01/06;2000 UTC;0;986,1;986,2;986;;33,4;23,8;34,5;33,4;24,8;23,8;60;56;57;;;;
2024/01/06;2100 UTC;0;986,4;986,4;986,1;;31,9;24,2;33,4;31,9;24,2;23,5;64;57;64;;;;
2024/01/06;2200 UTC;0;987,2;987,2;986,4;;30,2;25,3;31,9;30,2;25,3;24,2;75;64;75;;;;
2024/01/06;2300 UTC;0;988,4;988,4;987,2;;28,5;26,8;30,3;28,5;26,8;25,2;91;74;91;;;;
2024/01/07;0000 UTC;0;989,2;989,2;988,4;;27,3;27,3;28,6;27,3;27,7;26,8;100;90;100;;;;
2024/01/07;0100 UTC;0;989,5;989,6;989,2;;26,4;26,4;27,3;26,4;27,2;26,4;100;100;100;;;;
2024/01/07;0200 UTC;0;989,5;989,6;989,5;;25,9;;26,4;25,8;;;;;;;;;
2024/01/07;0300 UTC;0;989,1;989,5;988,9;;25,6;;25,9;25,5;;;;;;;;;
2024/01/07;0400 UTC;0;989;989,2;989;;25,6;;25,8;25,6;;;;;;;;;
2024/01/07;0500 UTC;0;988,4;989;988,4;;25,6;;25,7;25,5;;;;;;;;;
2024/01/07;0600 UTC;0;988,6;988,6;988,3;;25,5;;25,6;25,4;;;;;;;;;
2024/01/07;0700 UTC;0;989,3;989,3;988,6;;25,7;;25,7;25,4;;;;;;;;;
2024/01/07;0800 UTC;0;989,7;989,7;989,3;;25,3;;25,7;25,2;;;;;;;;;
2024/01/07;0900 UTC;0;990,3;990,3;989,7;;25,5;;25,5;25;;;;;;;;;
2024/01/07;1000 UTC;,8;991,3;991,3;990,4;;25,2;;25,6;24,9;;;;;;;;;
2024/01/07;1100 UTC;0;992;992;991,3;3634,7;25,7;;25,8;25;;;;;;;;;
2024/01/07;1200 UTC;0;992;992,2;992;5045,6;28;;28;25,7;;;;;;;;;
2024/01/07;1300 UTC;0;991,6;992;991,6;890,8;28,6;28,6;29,8;27,6;;;;;100;;;;
2024/01/07;1400 UTC;,2;991,2;991,7;991,2;1350,6;31,5;27,1;31,7;28,5;30;26,6;100;77;78;;;;
2024/01/07;1500 UTC;0;990;991,2;990;;32,7;26,2;33;31,3;27,9;26,1;79;68;69;;;;
2024/01/07;1600 UTC;0;989;990;989;;34,2;25,5;34,6;32,5;26,9;25,3;70;60;60;;;;
2024/01/07;1700 UTC;0;987,9;989;987,8;;34;24,3;34,6;33,2;25,9;23,9;63;56;57;;;;
2024/01/07;1800 UTC;0;987,5;987,9;987,5;;34,4;22,3;35,3;34;24,6;22,2;57;48;49;;;;
2024/01/07;1900 UTC;0;987,6;987,6;987,4;;34,4;22,1;35,1;34,2;23,1;22,1;51;48;49;;;;
2024/01/07;2000 UTC;0;988;988;987,5;;32,2;24,1;34,7;32,2;24,3;21,8;63;48;62;;;;
2024/01/07;2100 UTC;0;988,4;988,4;988;;31,3;22,3;32,3;31,3;24,1;22,3;62;58;59;;;;
2024/01/07;2200 UTC;0;990,1;990,1;988,4;;29,2;23,2;31,3;29,2;23,2;22,1;70;58;70;;;;
2024/01/07;2300 UTC;0;991;991;990,1;;27,7;23,6;29,2;27,7;23,6;23,1;78;70;78;;;;
2024/01/08;0000 UTC;0;991,8;991,8;991;;26,7;26,7;27,7;26,7;26,7;23,6;100;78;100;;;;
2024/01/08;0100 UTC;0;991,8;992;991,7;;26;;26,7;25,9;26,7;25,6;100;97;;;;;
2024/01/08;0200 UTC;0;992;992;991,8;;25,6;;26;25,5;;;;;;;;;
2024/01/08;0300 UTC;0;991,1;992;991,1;;25,1;;25,6;25,1;;;;;;;;;
2024/01/08;0400 UTC;0;990,6;991,1;990,6;;24,7;;25,1;24,7;;;;;;;;;
2024/01/08;0500 UTC;0;990,4;990,6;990,3;;24,7;;24,8;24,7;;;;;;;;;
2024/01/08;0600 UTC;0;990,1;990,4;990,1;;24,5;;24,8;24,5;;;;;;;;;
2024/01/08;0700 UTC;0;990,1;990,2;990,1;;23,8;;24,5;23,8;;;;;;;;;
2024/01/08;0800 UTC;0;990,3;990,3;990,1;;23,4;;23,8;23,4;;;;;;;;;
2024/01/08;0900 UTC;0;990,8;990,8;990,3;;23,7;;23,7;23,4;;;;;;;;;
2024/01/08;1000 UTC;0;991;991;990,8;;26,1;;26,1;23,7;;;;;;;;;
2024/01/08;1100 UTC;0;991,5;991,5;991;;26,9;;27,5;25,9;;;;;;;;;
2024/01/08;1200 UTC;0;992;992;991,5;;28,7;28;28,8;26,8;28,8;27,7;100;96;96;;;;
2024/01/08;1300 UTC;0;991,7;992;991,7;;30,1;25,2;30,7;28,5;28,3;25,2;98;74;75;;;;
2024/01/08;1400 UTC;0;991,1;991,7;991,1;;32;22,4;32,8;30,1;26,2;22,4;76;56;57;;;;
2024/01/08;1500 UTC;0;990;991,1;990;;34,1;21,2;34,4;31,7;22,7;20,8;59;47;47;;;;
2024/01/08;1600 UTC;0;988,9;990;988,9;9,4;34,3;21,5;34,8;33,2;22;20,6;49;46;47;;;;
2024/01/08;1700 UTC;0;987,8;988,9;987,8;;35,3;20,7;35,5;34;21,6;20,5;47;43;43;;;;
2024/01/08;1800 UTC;0;987,2;987,8;987,2;;34,8;20,8;36;34,5;21,6;20,4;46;42;44;;;;
2024/01/08;1900 UTC;0;986,9;987,2;986,9;;34,9;20,7;35,8;34,8;21,3;20,3;45;42;44;;;;
2024/01/08;2000 UTC;0;987,4;987,4;986,9;;34,1;20,9;35,4;34;21,1;20,3;47;42;46;;;;
2024/01/08;2100 UTC;0;988,3;988,3;987,4;;32,4;21,8;34,1;32,4;21,8;20,8;54;46;54;;;;
2024/01/08;2200 UTC;0;989,2;989,2;988,3;;30,7;22,2;32,4;30,7;22,2;21,7;61;54;60;;;;
2024/01/08;2300 UTC;0;990,1;990,1;989,2;;29,3;22,6;30,7;29,3;22,6;22,2;67;60;67;;;;
2024/01/09;0000 UTC;0;990,5;990,5;990,1;;27,8;24,9;29,3;27,8;25;22,6;85;67;85;;;;
2024/01/09;0100 UTC;0;990,8;990,8;990,5;;26,4;26,4;27,8;26,4;26,8;24,9;100;84;100;;;;
2024/01/09;0200 UTC;0;990,9;990,9;990,8;;25,4;;26,4;25,4;;;100;98;;;;;
2024/01/09;0300 UTC;0;990,5;990,9;990,5;;25,3;;25,4;25,1;;;;;;;;;
2024/01/09;0400 UTC;0;990,1;990,5;990,1;;25,3;;25,4;25,3;;;;;;;;;
2024/01/09;0500 UTC;0;989,7;990,1;989,6;;25,1;;25,3;25,1;;;;;;;;;
2024/01/09;0600 UTC;0;989,8;989,8;989,7;;24,8;;25,1;24,8;;;;;;;;;
2024/01/09;0700 UTC;0;990,2;990,2;989,8;;25;;25;24,8;;;;;;;;;
2024/01/09;0800 UTC;0;990,8;990,8;990,2;;25,1;;25,1;24,9;;;;;;;;;
2024/01/09;0900 UTC;0;991,4;991,4;990,8;;25,2;;25,2;25,1;;;;;;;;;
2024/01/09;1000 UTC;0;991,9;991,9;991,4;;25,8;;26,5;25,2;;;;;;;;;
2024/01/09;1100 UTC;0;991,9;992,1;991,9;;27,3;;27,7;25,8;;;;;;;;;
2024/01/09;1200 UTC;0;992;992,1;991,9;;29,8;29;30;27,2;;;100;96;96;;;;
2024/01/09;1300 UTC;0;991,7;992;991,7;;31,5;26,5;32,1;29,5;29,7;26,4;97;73;75;;;;
2024/01/09;1400 UTC;0;991,1;991,7;991,1;282;32,6;25,9;32,6;30,4;26,9;25,6;78;68;68;;;;
2024/01/09;1500 UTC;0;990,2;991,1;990,1;87,1;34,2;24,8;34,2;31,9;26,1;24,1;69;58;58;;;;
2024/01/09;1600 UTC;0;989,1;990,2;989,1;2,5;34,9;23,6;35,3;33,5;25,2;23,3;60;51;52;;;;
2024/01/09;1700 UTC;0;987,8;989,1;987,8;;34,7;22,7;36,5;34,6;23,7;22,3;52;46;50;;;;
2024/01/09;1800 UTC;0;987,2;987,8;987,1;,2;35,4;22,1;35,9;34,2;22,9;21,9;50;46;46;;;;
2024/01/09;1900 UTC;0;986,9;987,2;986,9;0;35,6;21,6;36,2;35,3;22,5;21,3;46;43;44;;;;
2024/01/09;2000 UTC;0;987,3;987,3;986,9;;35,2;20,4;36;35;21,9;20,1;45;41;42;;;;
2024/01/09;2100 UTC;0;987,8;987,8;987,3;;32,3;23,3;35,2;32,3;23,4;20,2;59;42;59;;;;
2024/01/09;2200 UTC;0;988,4;988,4;987,8;0;30,2;23;32,3;30,2;23,5;23;65;59;65;;;;
2024/01/09;2300 UTC;0;989;989;988,4;10,3;28,9;23,3;30,2;28,9;23,3;23;72;65;72;;;;
2024/01/10;0000 UTC;0;989,5;989,5;989;;27,7;25,2;28,9;27,7;25,2;23,4;86;72;86;;;;
2024/01/10;0100 UTC;0;989,7;989,8;989,5;;26,5;26,5;27,8;26,5;26,8;25,2;100;86;100;;;;
2024/01/10;0200 UTC;0;989,2;989,7;989,2;;26,3;;26,5;26,2;;;;;;;;;
2024/01/10;0300 UTC;0;989,1;989,3;989,1;;26;;26,3;26;;;;;;;;;
2024/01/10;0400 UTC;0;988,7;989,2;988,7;;25,7;;26;25,7;;;;;;;;;
2024/01/10;0500 UTC;0;988,7;988,7;988,6;;25,5;;25,8;25,5;;;;;;;;;
2024/01/10;0600 UTC;0;988,8;988,8;988,7;;25,8;;25,9;25,5;;;;;;;;;
2024/01/10;0700 UTC;,2;989,3;989,3;988,8;;25,1;;25,8;25;;;;;;;;;
2024/01/10;0800 UTC;0;989,8;989,8;989,3;;25,2;;25,2;24,9;;;;;;;;;
2024/01/10;0900 UTC;0;990,4;990,4;989,8;4480,8;25,3;;25,3;24,8;;;;;;;;;
2024/01/10;1000 UTC;0;991,1;991,1;990,4;1558,8;26,8;;26,9;25,3;;;;;;;;;
2024/01/10;1100 UTC;0;991,3;991,4;991;15,4;27,4;;27,6;26,2;;;;;;;;;
2024/01/10;1200 UTC;0;991,4;991,6;991,3;;29,4;29,4;29,5;27,1;29,5;27,1;100;93;100;;;;
2024/01/10;1300 UTC;0;991,2;991,5;991,2;;30,8;26,9;30,9;28,7;29,7;26,4;100;79;80;;;;
2024/01/10;1400 UTC;0;990,6;991,2;990,6;;31,9;24,9;32,9;29,6;27;24,7;82;64;67;;;;
2024/01/10;1500 UTC;0;989,8;990,6;989,8;;33,7;24,1;34,1;31,9;24,9;23,5;67;56;57;;;;
2024/01/10;1600 UTC;0;988,7;989,9;988,7;;34;23,5;34,8;33,2;24;23,1;58;53;55;;;;
2024/01/10;1700 UTC;0;987,7;988,7;987,7;;34,9;22,6;35,4;33,6;23,9;22,6;55;49;49;;;;
2024/01/10;1800 UTC;0;986,8;987,7;986,8;;35,5;21,8;36,3;33,8;22,7;21,4;50;45;45;;;;
2024/01/10;1900 UTC;0;986,8;986,8;986,6;;35,1;21,2;35,9;35;22;21,2;46;44;45;;;;
2024/01/10;2000 UTC;0;986,9;986,9;986,7;;34;21,3;35,2;34;21,5;20,9;47;44;47;;;;
2024/01/10;2100 UTC;0;987,5;987,5;986,9;;32,2;22,8;34;32,2;22,8;21,5;58;47;58;;;;
2024/01/10;2200 UTC;0;988,1;988,1;987,4;;30,6;22,1;32,2;30,6;22,9;22,1;61;58;61;;;;
2024/01/10;2300 UTC;0;988,8;988,8;988,1;;29,5;20,8;30,7;29,5;22,1;20,8;61;59;60;;;;
2024/01/11;0000 UTC;0;990,2;990,2;988,8;;28,1;22,3;29,5;28,1;22,3;20,7;71;59;71;;;;
2024/01/11;0100 UTC;0;990,7;990,7;990,2;;27;25,6;28,1;27;25,6;22,4;92;71;92;;;;
2024/01/11;0200 UTC;0;990,6;990,9;990,6;;26,4;26,4;27;26,4;26,8;25,9;100;92;100;;;;
2024/01/11;0300 UTC;0;989,8;990,6;989,7;;26,2;;26,4;26,2;26,4;25,7;100;97;;;;;
2024/01/11;0400 UTC;0;989,4;989,8;989,3;;25,7;;26,2;25,7;;;;;;;;;
2024/01/11;0500 UTC;0;988,8;989,4;988,8;;25,3;;25,8;25,3;;;;;;;;;
2024/01/11;0600 UTC;0;988,6;988,8;988,5;;25,2;;25,3;25,1;;;;;;;;;
2024/01/11;0700 UTC;0;988,8;988,9;988,6;;25;;25,2;24,9;;;;;;;;;
2024/01/11;0800 UTC;0;989,1;989,1;988,8;;24,9;;25,1;24,8;;;;;;;;;
2024/01/11;0900 UTC;0;989,5;989,5;988,9;;25,2;;25,2;24,8;;;;;;;;;
2024/01/11;1000 UTC;0;990,4;990,4;989,5;;25,8;;25,8;25,2;;;;;;;;;
2024/01/11;1100 UTC;0;990,8;990,9;990,4;;27,5;;27,5;25,5;;;;;;;;;
2024/01/11;1200 UTC;0;990,7;991,1;990,7;;28,5;28,5;28,9;27,5;28,9;27,5;100;98;100;;;;
2024/01/11;1300 UTC;0;990,4;990,7;990,4;;29,3;27,3;30;28,5;29,6;27,3;100;89;89;;;;
2024/01/11;1400 UTC;0;990;990,5;990;;30,7;25,2;31,6;29,1;27,5;24,8;90;70;73;;;;
2024/01/11;1500 UTC;0;989,6;990,1;989,6;;30,9;24,6;33;30,7;25,3;24,1;73;63;69;;;;
2024/01/11;1600 UTC;0;989;989,6;988,9;;32,1;25,1;32,4;30,9;25,5;24,6;71;66;67;;;;
2024/01/11;1700 UTC;0;987,7;989;987,7;;33,8;24,8;34,1;32;25,7;24,5;67;60;60;;;;
2024/01/11;1800 UTC;0;986,7;987,7;986,7;;33,9;23,6;34,5;33;24,6;23,4;59;55;55;;;;
2024/01/11;1900 UTC;0;986,6;986,7;986,6;;33,3;23,8;34,6;33,1;24;23,4;58;54;57;;;;
2024/01/11;2000 UTC;0;986,6;986,7;986,5;;32,9;23,5;33,5;32,9;23,9;23,3;58;56;58;;;;
2024/01/11;2100 UTC;0;986,8;986,8;986,5;;32,1;23;32,9;32,1;23,5;23;59;57;59;;;;
2024/01/11;2200 UTC;0;987,6;987,6;986,8;;31,2;24,2;32,1;30,8;24,3;23;67;59;67;;;;
2024/01/11;2300 UTC;0;988,7;988,7;987,5;;27,1;27,1;31,2;26,8;27,3;23,7;100;67;100;;;;
2024/01/12;0000 UTC;0;989,9;989,9;988,7;749,2;27,6;26,6;27,9;27;27,3;25,7;100;88;94;;;;
2024/01/12;0100 UTC;3;989,8;990,1;989,7;296,6;25,1;;27,6;24,9;;;;;;;;;
2024/01/12;0200 UTC;0;989,3;989,8;989,3;4901,3;25,6;;25,7;25;;;;;;;;;
2024/01/12;0300 UTC;0;989;989,3;989;4649,4;25,5;;25,7;25,5;;;;;;;;;
2024/01/12;0400 UTC;0;988,3;988,9;988,3;4619,6;25,2;;25,6;25,2;;;;;;;;;
2024/01/12;0500 UTC;0;988,4;988,4;988,1;4851,5;25,6;;25,6;25,2;;;;;;;;;
2024/01/12;0600 UTC;0;988,2;988,5;988,1;6018,5;25,6;;25,6;25,5;;;;;;;;;
2024/01/12;0700 UTC;0;988,5;988,5;988,2;6662;25,6;;25,6;25,5;;;;;;;;;
2024/01/12;0800 UTC;1;988,8;988,8;988,5;6096,3;25,1;;25,8;25,1;;;;;;;;;
2024/01/12;0900 UTC;1,6;989,5;989,5;988,8;;23,2;;25,1;23,1;;;;;;;;;
2024/01/12;1000 UTC;0;990,5;990,5;989,5;4323,4;22,8;;23,2;22,7;;;;;;;;;
2024/01/12;1100 UTC;,4;991;991;990,4;3466,5;23,1;;23,2;22,8;;;;;;;;;
2024/01/12;1200 UTC;3,6;991,4;991,4;990,9;5379,4;23,3;;23,8;23,1;;;;;;;;;
2024/01/12;1300 UTC;5,8;991,2;991,4;991,2;;23,6;;23,6;23,2;;;;;;;;;
2024/01/12;1400 UTC;1;991;991,2;991;;24;;24;23,6;;;;;;;;;
2024/01/12;1500 UTC;0;990,6;991;990,6;4234,7;25,7;;25,8;23,8;;;;;;;;;
2024/01/12;1600 UTC;0;989,7;990,6;989,7;3913,9;25,4;;25,8;25;;;;;;;;;
2024/01/12;1700 UTC;0;988,9;989,7;988,9;3732,2;26,6;;26,6;25,4;;;;;;;;;
2024/01/12;1800 UTC;0;988,6;988,9;988,4;4540,2;27;;28,2;26,5;;;;;;;;;
2024/01/12;1900 UTC;,2;988,3;988,8;988,3;1788,8;25,9;;27,1;25,7;;;;;;;;;
2024/01/12;2000 UTC;0;988,4;988,4;988,2;;26,2;;26,3;25,9;;;;;;;;;
2024/01/12;2100 UTC;0;988,6;988,8;988,4;;25,5;;26,2;25,5;;;;;;;;;
2024/01/12;2200 UTC;0;988,8;988,8;988,5;;25;;25,5;24,9;;;;;;;;;
2024/01/12;2300 UTC;0;990,1;990,1;988,8;;24,7;;25;24,6;;;;;;;;;
2024/01/13;0000 UTC;0;990,7;990,7;990,1;;24,7;;25,1;24,7;;;;;;;;;
2024/01/13;0100 UTC;0;990,8;990,9;990,7;;24;;24,7;23,9;;;;;;;;;
2024/01/13;0200 UTC;0;990,9;991;990,8;;24,1;;24,9;24;;;;;;;;;
2024/01/13;0300 UTC;0;990,2;990,9;990,2;1080;23,9;;24,2;23,8;;;;;;;;;
2024/01/13;0400 UTC;0;989,6;990,2;989,6;585,7;24,5;;24,5;23,9;;;;;;;;;
2024/01/13;0500 UTC;0;989,3;989,6;989,3;1301,9;24,3;;24,6;24,3;;;;;;;;;
2024/01/13;0600 UTC;0;989,3;989,3;988,8;1506,5;24,2;;24,4;24,1;;;;;;;;;
2024/01/13;0700 UTC;0;989,6;989,6;989,3;;24,3;;24,3;24,1;;;;;;;;;
2024/01/13;0800 UTC;0;990,3;990,3;989,6;3311,1;24,4;;24,4;24,2;;;;;;;;;
2024/01/13;0900 UTC;0;990,9;990,9;990,3;5693,5;24,3;;24,4;24,3;;;;;;;;;
2024/01/13;1000 UTC;0;991,6;991,6;990,9;6123;25,1;;25,1;24,3;;;;;;;;;
2024/01/13;1100 UTC;,8;991,8;991,8;991,6;3851,3;26,7;;26,7;25;;;;;;;;;
2024/01/13;1200 UTC;0;992;992,1;991,8;4924,2;27,9;;28,8;26,7;;;;;;;;;
2024/01/13;1300 UTC;0;991,7;992;991,7;4744,9;28;;28,8;27,3;;;;;;;;;
2024/01/13;1400 UTC;0;991,1;991,7;991,1;1108;30,9;28,9;31,2;28;30,6;28,2;100;86;89;;;;
2024/01/13;1500 UTC;0;990,4;991,1;990,4;3798,8;30,1;25,9;30,9;29,7;30,6;24,7;100;72;78;;;;
2024/01/13;1600 UTC;0;989,9;990,4;989,8;660,2;30,6;25,7;32,1;30;27,8;24,9;83;69;75;;;;
2024/01/13;1700 UTC;,2;990,4;990,4;989,6;;25,7;;30,6;25,7;29,1;25,6;100;75;;;;;
2024/01/13;1800 UTC;1,6;989,4;990,4;989,4;120;25,8;;25,8;24,2;;;;;;;;;
2024/01/13;1900 UTC;0;989,7;989,7;989,2;5616,2;27,1;;27,4;25,8;;;;;;;;;
2024/01/13;2000 UTC;0;989,6;989,7;989,5;5296,6;27,6;;27,8;27;;;;;;;;;
2024/01/13;2100 UTC;0;990;990,2;989,5;3515;26,4;;27,6;26,4;;;;;;;;;
2024/01/13;2200 UTC;17,4;991,5;991,6;990;2261,2;23,2;;26,6;23,2;;;;;;;;;
2024/01/13;2300 UTC;6;991,6;991,6;991,2;718,6;23,1;;23,3;22,9;;;;;;;;;
2024/01/14;0000 UTC;,2;992,4;992,4;991,6;;23,1;;23,3;23;;;;;;;;;
2024/01/14;0100 UTC;0;992,6;992,6;992,4;;23,2;;23,3;23;;;;;;;;;
2024/01/14;0200 UTC;0;992,6;992,6;992,4;;23,3;;23,4;23,2;;;;;;;;;
2024/01/14;0300 UTC;0;992,2;992,6;992,2;;23,4;;23,5;23,3;;;;;;;;;
2024/01/14;0400 UTC;0;991,4;992,2;991,4;;23,5;;23,6;23,4;;;;;;;;;
2024/01/14;0500 UTC;0;991,4;991,4;991,1;;23,6;;23,6;23,4;;;;;;;;;
2024/01/14;0600 UTC;0;991,5;991,6;991,3;;23,6;;23,7;23,5;;;;;;;;;
2024/01/14;0700 UTC;0;991,8;991,8;991,4;;23,7;;23,7;23,5;;;;;;;;;
2024/01/14;0800 UTC;0;992;992;991,7;;23,7;;23,7;23,6;;;;;;;;;
2024/01/14;0900 UTC;0;992,7;992,7;992;227,1;24,1;;24,1;23,7;;;;;;;;;
2024/01/14;1000 UTC;0;993,2;993,2;992,7;;25,2;;25,3;24,1;;;;;;;;;
2024/01/14;1100 UTC;0;993,6;993,6;993,2;;25,9;;26;25;;;;;;;;;
2024/01/14;1200 UTC;0;993,8;993,8;993,5;1712,7;27,9;;28;25,9;;;;;;;;;
2024/01/14;1300 UTC;0;993,7;993,8;993,6;3908,5;29,2;29,2;29,2;27,9;;;;;100;;;;
2024/01/14;1400 UTC;0;993,1;993,7;993,1;2285,4;30,7;27,6;30,9;29,2;30,6;27,6;100;84;84;;;;
2024/01/14;1500 UTC;0;992,6;993,1;992,6;865,4;31,5;26,1;32;30,2;28,4;26,1;89;73;73;;;;
2024/01/14;1600 UTC;0;991,6;992,6;991,6;536,4;32,1;25,3;32,4;30,9;26,9;24,6;78;65;68;;;;
2024/01/14;1700 UTC;0;990,9;991,7;990,9;355,3;32;24,3;33;31,3;25,8;23,6;69;61;64;;;;
2024/01/14;1800 UTC;0;990,2;990,9;990,2;405,3;32,1;25,8;32,4;31,8;25,8;23,8;70;62;69;;;;
2024/01/14;1900 UTC;0;990,1;990,2;990;402,1;32;24,1;32,5;31,8;26,5;23,4;72;61;63;;;;
2024/01/14;2000 UTC;0;990,3;990,3;990;454,7;30,8;24,5;32,1;30,8;24,5;23,3;69;60;69;;;;
2024/01/14;2100 UTC;0;990,6;990,6;990,3;216;29,5;25,5;30,9;29,5;25,5;24,3;79;68;79;;;;
2024/01/14;2200 UTC;0;990,7;990,7;990,5;507;27,9;27,9;29,5;27,9;28,2;25,2;100;78;100;;;;
2024/01/14;2300 UTC;0;991,5;991,5;990,7;435,9;28,3;25,5;28,9;27,6;28;24,1;100;75;85;;;;
2024/01/15;0000 UTC;0;992;992;991,5;;26,7;26,7;28,3;26,7;27,8;25,5;100;85;100;;;;
2024/01/15;0100 UTC;0;992,3;992,3;992;21,8;25,6;;26,7;25,6;;;;;;;;;
2024/01/15;0200 UTC;0;992,5;992,6;992,3;4,3;25;;25,7;24,9;;;;;;;;;
2024/01/15;0300 UTC;0;992,1;992,5;992;646;24,6;;25;24,4;;;;;;;;;
2024/01/15;0400 UTC;0;991,7;992,1;991,7;;23,9;;24,6;23,9;;;;;;;;;
2024/01/15;0500 UTC;0;991,6;991,7;991,5;;23,6;;24;23,5;;;;;;;;;
2024/01/15;0600 UTC;0;991,4;991,6;991,3;;23,3;;23,6;23,2;;;;;;;;;
2024/01/15;0700 UTC;0;991,9;991,9;991,4;;23,6;;23,6;23;;;;;;;;;
2024/01/15;0800 UTC;0;992,3;992,3;991,9;;23,5;;23,7;23,4;;;;;;;;;
2024/01/15;0900 UTC;0;992,8;992,8;992,3;;23,8;;23,8;23,4;;;;;;;;;
2024/01/15;1000 UTC;0;993,5;993,5;992,8;9,2;25,4;;25,4;23,8;;;;;;;;;
2024/01/15;1100 UTC;0;994,1;994,1;993,5;2626;27,3;27,3;27,4;25,4;;;;;100;;;;
2024/01/15;1200 UTC;0;994,1;994,2;994;2464,1;27,7;27,7;28,2;27;28,2;27;100;100;100;;;;
2024/01/15;1300 UTC;0;993,6;994,1;993,6;1930,8;29,8;29;29,8;27,7;29,2;28;100;94;95;;;;
2024/01/15;1400 UTC;0;993,4;993,8;993,3;1026,5;30,8;27,6;31;29,4;28,7;26,8;95;81;83;;;;
2024/01/15;1500 UTC;0;992,5;993,4;992,5;906,7;31,2;26,6;31,5;29,9;27,6;25,8;85;75;77;;;;
2024/01/15;1600 UTC;0;991,8;992,5;991,8;592,6;31,6;25,6;32,4;31;27,9;24,8;81;68;71;;;;
2024/01/15;1700 UTC;0;990,7;991,8;990,7;570,3;33,1;26,4;33,2;31,1;26,4;25;75;63;68;;;;
2024/01/15;1800 UTC;0;990,1;990,7;990;331,1;32,9;25;33,2;32,2;26,4;23,6;69;58;63;;;;
2024/01/15;1900 UTC;0;989,9;990,1;989,9;334,6;32,7;25,1;33,3;31,9;25,2;23,1;66;57;64;;;;
2024/01/15;2000 UTC;0;990;990;989,9;360,6;32,3;23,6;33;32,3;24,7;23,4;64;58;60;;;;
2024/01/15;2100 UTC;0;990,5;990,5;990;590,2;30,1;24,8;32,3;30,1;24,8;23,2;73;60;73;;;;
2024/01/15;2200 UTC;0;990,9;990,9;990,5;1403,2;29,3;25,9;30,1;29,1;26,3;24,9;85;73;82;;;;
2024/01/15;2300 UTC;0;991,4;991,4;990,9;1405,5;28,8;26,9;29,7;28,8;26,9;25,5;90;79;90;;;;
2024/01/16;0000 UTC;0;992,1;992,1;991,4;2279,5;27,1;27,1;28,7;27,1;28,1;26,9;100;90;100;;;;
2024/01/16;0100 UTC;0;992,5;992,5;992,1;2729,3;26,1;;27,1;26,1;;;;;;;;;
2024/01/16;0200 UTC;0;992,3;992,5;992,2;2744;25,5;;26,1;25,4;;;;;;;;;
2024/01/16;0300 UTC;0;991,9;992,3;991,9;1121,4;24,6;;25,5;24,6;;;;;;;;;
2024/01/16;0400 UTC;0;991;991,9;991;;24,3;;24,7;24,3;;;;;;;;;
2024/01/16;0500 UTC;0;990,5;991;990,5;;24,2;;24,5;24,1;;;;;;;;;
2024/01/16;0600 UTC;0;990,5;990,6;990,3;;23,6;;24,2;23,6;;;;;;;;;
2024/01/16;0700 UTC;0;990,7;990,7;990,4;;23,3;;23,6;23,3;;;;;;;;;
2024/01/16;0800 UTC;0;991,1;991,1;990,7;;23,5;;23,6;23,3;;;;;;;;;
2024/01/16;0900 UTC;0;991,9;991,9;991,1;;23,5;;23,5;23,2;;;;;;;;;
2024/01/16;1000 UTC;0;992,6;992,6;991,9;;24,4;;24,4;23,3;;;;;;;;;
2024/01/16;1100 UTC;0;993,1;993,1;992,5;2628,7;26,3;;26,3;24,4;;;;;;;;;
2024/01/16;1200 UTC;0;993,2;993,3;993;1535,2;27,6;27,6;28,1;26,3;;;;;100;;;;
2024/01/16;1300 UTC;0;992,9;993,2;992,9;1403;29;26,4;29,2;27,6;28,5;26,4;100;86;86;;;;
2024/01/16;1400 UTC;0;992,6;992,9;992,6;750;29,8;25;30,4;29;27,2;24,8;89;74;75;;;;
2024/01/16;1500 UTC;0;991,8;992,6;991,7;704,7;30,3;24,5;31,3;29,5;26,5;23,8;80;68;71;;;;
2024/01/16;1600 UTC;0;990,9;991,8;990,9;414;31,5;23,4;32,2;30,3;25,3;23,2;71;61;62;;;;
2024/01/16;1700 UTC;0;990,2;990,9;990,2;328,6;31,9;22,6;32,4;31,5;24,5;22,5;64;56;58;;;;
2024/01/16;1800 UTC;0;989,5;990,2;989,5;228,4;32,3;23,1;33,2;31,9;24,3;22,2;61;54;58;;;;
2024/01/16;1900 UTC;0;989,1;989,5;989,1;159,4;32,3;23,7;32,6;31,7;24,5;22,8;64;58;60;;;;
2024/01/16;2000 UTC;0;989,2;989,2;989,1;;31,4;24,6;32,4;31,4;24,9;23,1;68;59;67;;;;
2024/01/16;2100 UTC;0;989,6;989,6;989,2;;29,3;25;31,4;29,3;25,6;24,6;78;67;78;;;;
2024/01/16;2200 UTC;0;990,4;990,4;989,6;938,4;27,8;26,1;29,3;27,8;26,1;25;91;78;91;;;;
2024/01/16;2300 UTC;0;990,9;990,9;990,4;1620,4;27;26,6;27,9;27;26,6;26;98;90;98;;;;
2024/01/17;0000 UTC;0;991,5;991,5;990,9;1919,5;26,3;26,3;27;26,2;26,9;26,3;100;98;100;;;;
2024/01/17;0100 UTC;0;991,9;991,9;991,5;1984,9;25,7;25,7;26,3;25,7;26,3;25,7;100;100;100;;;;
2024/01/17;0200 UTC;0;991,7;991,9;991,7;2320,8;25,1;;25,7;25,1;;;;;;;;;
2024/01/17;0300 UTC;0;991,2;991,7;991,2;2416,2;24,8;;25,1;24,7;;;;;;;;;
2024/01/17;0400 UTC;0;990,9;991,2;990,9;1912,8;24,5;;24,9;24,4;;;;;;;;;
2024/01/17;0500 UTC;0;990,8;990,9;990,8;476,7;24,7;;24,8;24,5;;;;;;;;;
2024/01/17;0600 UTC;0;990,7;990,8;990,6;;24,3;;24,7;24,3;;;;;;;;;
2024/01/17;0700 UTC;0;991,1;991,1;990,7;;24,6;;24,6;24,2;;;;;;;;;
2024/01/17;0800 UTC;0;991,5;991,5;990,9;;24,7;;24,9;24,5;;;;;;;;;
2024/01/17;0900 UTC;0;992;992;991,5;;24,5;;24,6;24,1;;;;;;;;;
2024/01/17;1000 UTC;0;992,8;992,8;992;1398,3;26,1;26,1;26,1;24,5;;;;;100;;;;
2024/01/17;1100 UTC;0;993,1;993,1;992,8;2790,3;27,3;27,4;27,3;25,8;27,4;25,8;100;99;100;;;;
2024/01/17;1200 UTC;0;993,2;993,3;993;1381,9;29;25,8;29,2;27,1;28;25,8;100;83;83;;;;
2024/01/17;1300 UTC;0;993;993,3;992,9;247,3;29,6;24;29,6;28,4;26,6;23;87;69;72;;;;
2024/01/17;1400 UTC;0;992,4;992,9;992,3;71,3;31,1;22,8;31,6;29,4;24,9;21,6;73;59;61;;;;
2024/01/17;1500 UTC;0;991,6;992,4;991,6;;31,6;22,2;32,2;30,8;23,1;21,8;62;56;58;;;;
2024/01/17;1600 UTC;0;990,6;991,6;990,6;;31,8;22,3;32,9;31,4;23,1;22;61;54;57;;;;
2024/01/17;1700 UTC;0;990;990,6;990;4,8;33,5;22,5;33,6;31,7;23,6;22,1;60;52;52;;;;
2024/01/17;1800 UTC;0;989,3;990;989,3;80,6;33,5;22,1;34,1;33;23,4;20,9;55;48;51;;;;
2024/01/17;1900 UTC;0;988,9;989,3;988,9;;33,6;21,1;33,9;33,4;22,6;20,9;53;47;48;;;;
2024/01/17;2000 UTC;0;989,1;989,1;988,9;1,4;33,3;20,4;33,9;33,2;21,3;19,9;49;45;47;;;;
2024/01/17;2100 UTC;0;989,3;989,3;989,1;;31,3;21;33,3;31,3;21;19,7;54;46;54;;;;
2024/01/17;2200 UTC;0;990,2;990,2;989,3;;29,6;23,9;31,3;29,6;23,9;20,6;72;54;72;;;;
2024/01/17;2300 UTC;0;990,7;990,7;990,2;;27,7;25,3;29,5;27,6;25,3;23,9;87;72;87;;;;
2024/01/18;0000 UTC;0;991;991,1;990,7;;26,9;26,5;27,7;26,8;26,5;25,3;98;87;98;;;;
2024/01/18;0100 UTC;0;991,5;991,5;991;;25,5;;26,9;25,4;26,7;25,1;100;97;;;;;
2024/01/18;0200 UTC;0;991,5;991,6;991,4;;24,6;;25,5;24,6;;;;;;;;;
2024/01/18;0300 UTC;0;991,2;991,5;991,2;;24,5;;24,7;24,5;;;;;;;;;
2024/01/18;0400 UTC;0;990,8;991,2;990,8;;24,5;;24,5;24,4;;;;;;;;;
2024/01/18;0500 UTC;0;990,5;990,8;990,5;;24,5;;24,5;24,2;;;;;;;;;
2024/01/18;0600 UTC;0;990,5;990,6;990,5;;23,9;;24,5;23,9;;;;;;;;;
2024/01/18;0700 UTC;0;990,6;990,6;990,5;;24;;24,1;23,6;;;;;;;;;
2024/01/18;0800 UTC;0;991;991;990,5;;23,4;;24;23,4;;;;;;;;;
2024/01/18;0900 UTC;0;991,5;991,5;991;;23,7;;23,7;23,1;;;;;;;;;
2024/01/18;1000 UTC;0;992,4;992,4;991,5;;25,8;;25,8;23,7;;;;;;;;;
2024/01/18;1100 UTC;0;992,9;992,9;992,3;;27,1;27,1;27,4;25,8;;;;;100;;;;
2024/01/18;1200 UTC;0;993;993;992,8;;29,1;25;29,1;26,9;28,5;25;100;79;79;;;;
2024/01/18;1300 UTC;0;992,4;993;992,4;;30,8;23,6;31;28,9;25;22,8;79;63;65;;;;
2024/01/18;1400 UTC;0;991,9;992,5;991,8;;32,1;22,5;32,1;30,6;23,4;21,8;65;56;57;;;;
2024/01/18;1500 UTC;0;991;991,9;991;;32,9;22;33,9;31,8;22,9;21,3;57;51;53;;;;
2024/01/18;1600 UTC;0;989,9;991;989,9;4,3;33,7;22,3;34,5;32,2;23,1;21,2;54;49;51;;;;
2024/01/18;1700 UTC;0;988,8;989,9;988,8;23,6;34,3;22,2;34,7;33,2;23,4;21,6;53;47;49;;;;
2024/01/18;1800 UTC;0;988,1;988,8;988,1;32,4;34,5;21,5;35,2;33,1;22,8;21;52;45;47;;;;
2024/01/18;1900 UTC;0;987,6;988,1;987,6;55;34,8;21,1;35,2;33,6;22,4;20,7;50;44;45;;;;
2024/01/18;2000 UTC;0;988;988;987,6;74,9;34,1;20,3;34,8;34,1;21,7;20,1;48;43;45;;;;
2024/01/18;2100 UTC;0;988,5;988,5;988;137,9;32,6;20,3;34,1;32,6;20,8;20;49;44;48;;;;
2024/01/18;2200 UTC;0;989,5;989,5;988,5;241,5;30,3;21,6;32,6;30,3;21,6;20;60;48;60;;;;
2024/01/18;2300 UTC;0;990,6;990,6;989,5;17,2;28;22,3;30,3;28;22,5;21,6;72;60;71;;;;
2024/01/19;0000 UTC;0;991,3;991,3;990,6;;27,1;21;28,3;27;22,2;21;71;66;70;;;;
2024/01/19;0100 UTC;0;991,5;991,5;991,3;;26,2;22;27,2;26,2;22;20,9;78;69;78;;;;
2024/01/19;0200 UTC;0;991,4;991,6;991,4;;25,3;25,3;26,3;25,3;25,4;22;100;78;100;;;;
2024/01/19;0300 UTC;0;991,2;991,6;991,2;;24,4;;25,3;24,4;;;;;;;;;
2024/01/19;0400 UTC;0;990,8;991,2;990,8;;24,3;;24,7;24,2;;;;;;;;;
2024/01/19;0500 UTC;0;990,3;990,8;990,2;;24,2;;24,4;24,2;;;;;;;;;
2024/01/19;0600 UTC;0;990,2;990,4;990,2;;23,9;;24,2;23,8;;;;;;;;;
2024/01/19;0700 UTC;0;990,2;990,2;990,1;;23,9;;24,4;23,9;;;;;;;;;
2024/01/19;0800 UTC;0;990,7;990,7;990,2;;23,9;;24;23,8;;;;;;;;;
2024/01/19;0900 UTC;0;991,4;991,4;990,7;;24,2;;24,2;23,8;;;;;;;;;
2024/01/19;1000 UTC;0;992,2;992,2;991,4;;25,6;;25,6;24,2;;;;;;;;;
2024/01/19;1100 UTC;0;992,6;992,6;992,2;;27,8;;27,8;25,6;;;;;;;;;
2024/01/19;1200 UTC;0;992,8;993;992,6;;28,6;28,6;29;27,1;;;;;100;;;;
2024/01/19;1300 UTC;0;992,2;992,8;992,2;;30,8;26;30,8;28,6;29,7;25,6;100;75;76;;;;
2024/01/19;1400 UTC;0;991,7;992,2;991,6;;32,4;25,1;32,4;30,4;26,8;24,6;80;65;66;;;;
2024/01/19;1500 UTC;0;990,8;991,7;990,8;15,6;32,9;24,8;33,3;31,5;25,6;24,1;68;61;62;;;;
2024/01/19;1600 UTC;0;989,6;990,8;989,6;;34,1;24,1;34,2;32,7;25,5;23,6;64;56;56;;;;
2024/01/19;1700 UTC;0;988,4;989,6;988,4;;33,7;23,3;35,6;33,7;24,9;22,9;58;51;55;;;;
2024/01/19;1800 UTC;0;987,8;988,4;987,7;;35,7;23;36;33,7;24,1;22,9;55;48;48;;;;
2024/01/19;1900 UTC;0;987,7;987,8;987,6;;33,9;22,5;36,1;33,9;23,9;22,5;52;47;52;;;;
2024/01/19;2000 UTC;0;987,7;987,7;987,5;2,3;34,4;22,4;34,8;33,6;23,1;22,4;54;49;50;;;;
2024/01/19;2100 UTC;0;988,1;988,1;987,7;221;32,3;23,7;34,3;32,3;23,7;22;60;50;60;;;;
2024/01/19;2200 UTC;0;989,3;989,3;988,1;409,3;29,6;24,4;32,3;29,6;24,5;23,7;74;60;74;;;;
2024/01/19;2300 UTC;0;990,2;990,2;989,3;776,3;28,3;24,3;29,6;28,3;24,5;24,3;79;73;79;;;;
2024/01/20;0000 UTC;0;991,3;991,3;990,3;579,7;27,2;25,1;28,4;27,2;25,1;24,1;88;79;88;;;;
2024/01/20;0100 UTC;0;991,5;991,6;991,3;1274,1;26,3;26,3;27,3;26,3;26,8;25,1;100;88;100;;;;
2024/01/20;0200 UTC;0;991,1;991,5;991;1453,5;26;;26,3;26;;;;;;;;;
2024/01/20;0300 UTC;0;990,6;991,1;990,6;367;25,7;;26,1;25,7;;;;;;;;;
2024/01/20;0400 UTC;0;989,8;990,6;989,8;847,2;25,2;;25,7;25,2;;;;;;;;;
2024/01/20;0500 UTC;0;989,6;989,8;989,6;47,4;25,5;;25,6;25;;;;;;;;;
2024/01/20;0600 UTC;0;989,4;989,6;989,4;;24,8;;25,5;24,8;;;;;;;;;
2024/01/20;0700 UTC;0;989,2;989,4;989,2;;24,5;;24,8;24,5;;;;;;;;;
2024/01/20;0800 UTC;0;989,8;989,8;989,2;;24,4;;24,6;24,3;;;;;;;;;
2024/01/20;0900 UTC;0;990,6;990,6;989,8;;24,6;;24,6;24,3;;;;;;;;;
2024/01/20;1000 UTC;0;991,6;991,6;990,6;;26;;26;24,6;;;;;;;;;
2024/01/20;1100 UTC;0;992,3;992,3;991,6;;27;;27,6;26;;;;;;;;;
2024/01/20;1200 UTC;0;992,3;992,4;992,3;;28,5;28,5;28,6;27;28,6;27,1;100;97;100;;;;
2024/01/20;1300 UTC;0;991,8;992,3;991,8;;30,1;26,6;30,1;28,4;29,5;26,1;100;80;82;;;;
2024/01/20;1400 UTC;0;991,2;991,8;991,2;;31,7;24,6;31,9;30,1;26,9;24,2;82;66;66;;;;
2024/01/20;1500 UTC;0;990,4;991,2;990,4;;33,2;24,5;33,2;31,2;24,7;23,4;66;59;61;;;;
2024/01/20;1600 UTC;0;989,3;990,4;989,3;;34,1;23,6;34,1;32,2;24,9;22,8;62;54;54;;;;
2024/01/20;1700 UTC;0;988,5;989,3;988,4;;33,8;23;35,2;33,1;24,1;22,4;56;51;54;;;;
2024/01/20;1800 UTC;0;987,7;988,5;987,7;;34,8;22,8;35,4;33,7;23,7;22,3;54;48;50;;;;
2024/01/20;1900 UTC;0;987,5;987,8;987,4;;34,2;22,9;35,5;33,2;23,7;22,4;54;49;52;;;;
2024/01/20;2000 UTC;0;987,8;987,8;987,4;;33,2;23;34,3;33,2;23,7;22,8;56;51;55;;;;
2024/01/20;2100 UTC;0;988,5;988,5;987,8;;31,9;21,8;33,3;31,9;23,1;21,8;56;54;55;;;;
2024/01/20;2200 UTC;0;989,6;989,6;988,5;;30,1;22,3;31,9;30,1;22,3;21,8;63;55;63;;;;
2024/01/20;2300 UTC;0;990,1;990,2;989,5;;28,5;23,6;30,1;28,5;23,6;22,3;75;63;75;;;;
2024/01/21;0000 UTC;0;990,9;990,9;990,2;;27,2;26,9;28,5;27,2;26,9;23,7;98;75;98;;;;
2024/01/21;0100 UTC;0;991,8;991,8;990,9;;26,4;26,4;27,2;26,4;27,1;26,4;100;98;100;;;;
2024/01/21;0200 UTC;0;991,8;992,1;991,8;;25,8;;26,4;25,8;;;;;;;;;
2024/01/21;0300 UTC;0;991,1;991,8;991,1;;25,6;;25,8;25,6;;;;;;;;;
2024/01/21;0400 UTC;0;990,3;991,1;990,3;;25,5;;25,7;25,2;;;;;;;;;
2024/01/21;0500 UTC;0;989,9;990,3;989,9;;25,4;;25,5;25,3;;;;;;;;;
2024/01/21;0600 UTC;0;990;990,1;989,9;;25,1;;25,4;25;;;;;;;;;
2024/01/21;0700 UTC;0;990,3;990,3;990;;25,1;;25,2;25;;;;;;;;;
2024/01/21;0800 UTC;0;990,8;990,8;990,3;;24,9;;25,3;24,9;;;;;;;;;
2024/01/21;0900 UTC;0;991,3;991,3;990,8;;25,2;;25,2;24,8;;;;;;;;;
2024/01/21;1000 UTC;0;991,9;991,9;991,3;;26,7;;26,9;25,2;;;;;;;;;
2024/01/21;1100 UTC;0;992,4;992,4;991,9;;27,3;;28,3;26,6;;;;;;;;;
2024/01/21;1200 UTC;0;992,2;992,5;992,2;;29,6;29,4;30;27,3;29,9;27,9;100;97;99;;;;
2024/01/21;1300 UTC;0;991,8;992,3;991,7;;31,3;26,5;31,9;29,6;30;26,3;100;75;76;;;;
2024/01/21;1400 UTC;0;991,3;991,8;991,3;;33,1;25,3;33,3;30,6;27,6;24,7;79;63;64;;;;
2024/01/21;1500 UTC;0;990,4;991,3;990,4;;33;24,5;33,8;31,9;26,3;24,2;68;59;61;;;;
2024/01/21;1600 UTC;0;989,3;990,4;989,3;;35;23,3;35,6;32,8;25,2;23,3;63;50;51;;;;
2024/01/21;1700 UTC;0;988,4;989,3;988,4;;35,3;22,5;36,1;34,4;24;22,5;53;48;48;;;;
2024/01/21;1800 UTC;0;987,7;988,4;987,7;;36,2;22,6;36,5;34,9;23,4;22,1;49;44;46;;;;
2024/01/21;1900 UTC;0;987,2;987,8;987,2;47,6;36,5;22,8;36,6;35,8;22,8;21,4;46;43;45;;;;
2024/01/21;2000 UTC;0;987,6;987,6;987,2;;34,6;22,8;36,6;34,6;23,3;21,6;51;43;51;;;;
2024/01/21;2100 UTC;0;988,3;988,3;987,6;;33;23;34,7;33;23,4;22,8;56;51;56;;;;
2024/01/21;2200 UTC;0;989,4;989,4;988,3;6;30,7;23,3;33;30,7;23,3;23;65;56;65;;;;
2024/01/21;2300 UTC;0;990,5;990,5;989,5;644,3;29;24,1;30,7;29;24,6;23,3;76;65;75;;;;
2024/01/22;0000 UTC;0;991,7;991,7;990,5;989,9;27,9;25,7;29;27,9;25,7;24;88;75;88;;;;
2024/01/22;0100 UTC;0;992,3;992,3;991,7;424,6;26,9;26,9;27,9;26,9;27,2;25,8;100;88;100;;;;
2024/01/22;0200 UTC;0;991,9;992,3;991,9;;26,3;;26,9;26,2;;;;;;;;;
2024/01/22;0300 UTC;0;991,7;991,9;991,7;;26,2;;26,3;26;;;;;;;;;
2024/01/22;0400 UTC;0;991;991,7;991;;26;;26,2;26;;;;;;;;;
2024/01/22;0500 UTC;0;990,8;991,1;990,7;;25,7;;26;25,6;;;;;;;;;
2024/01/22;0600 UTC;0;990,5;990,8;990,5;;25,6;;25,8;25,5;;;;;;;;;
2024/01/22;0700 UTC;0;991;991;990,5;;25,5;;25,6;25,5;;;;;;;;;
2024/01/22;0800 UTC;0;991,2;991,2;991;;25,5;;25,5;25,4;;;;;;;;;
2024/01/22;0900 UTC;0;992,1;992,1;991,2;;25,6;;25,7;25,5;;;;;;;;;
2024/01/22;1000 UTC;0;992,7;992,7;992,1;;26,2;;26,2;25,6;;;;;;;;;
2024/01/22;1100 UTC;0;993,1;993,2;992,7;55,1;27,9;;28;26,2;;;;;;;;;
2024/01/22;1200 UTC;0;993,3;993,4;993,1;733,5;29,1;29,2;30,2;27,7;;;;;100;;;;
2024/01/22;1300 UTC;0;992,8;993,3;992,8;15,5;30,1;29,2;31,2;29,1;30,6;28,6;100;91;95;;;;
2024/01/22;1400 UTC;0;992,2;992,8;992,2;;31,5;28,4;31,6;30,1;29,8;28,1;96;84;84;;;;
2024/01/22;1500 UTC;0;991,3;992,2;991,3;;33,1;26,7;33,5;31,3;29;26,2;85;67;69;;;;
2024/01/22;1600 UTC;0;990,4;991,4;990,4;;33,5;25,9;34,3;31,7;27,3;24,5;75;59;64;;;;
2024/01/22;1700 UTC;0;989,3;990,4;989,3;;33;25,1;34,2;32,5;26,4;25;69;61;63;;;;
2024/01/22;1800 UTC;0;989;989,3;988,7;;29,7;28,2;34,1;29,7;28,3;25,2;93;61;92;;;;
2024/01/22;1900 UTC;8,4;988,9;989,5;988,9;4025,4;25,6;;29,6;24,9;;;;;;;;;
2024/01/22;2000 UTC;,6;989,3;989,3;988,9;3611,1;28,2;;28,4;25,6;;;;;;;;;
2024/01/22;2100 UTC;0;989,8;989,8;989,2;1946,1;28;28,1;28,4;28;;;;;100;;;;
2024/01/22;2200 UTC;0;990,5;990,5;989,8;1907;27,5;;28;27,4;;;;;;;;;
2024/01/22;2300 UTC;0;991;991;990,4;2301,3;27,4;;27,6;27,3;;;;;;;;;
2024/01/23;0000 UTC;0;991,9;991,9;991;1622,7;26,7;;27,5;26,7;;;;;;;;;
2024/01/23;0100 UTC;0;992,1;992,2;991,9;2804,1;26,4;;26,7;26,4;;;;;;;;;
2024/01/23;0200 UTC;0;991,8;992,1;991,7;3126,6;26;;26,4;26;;;;;;;;;
2024/01/23;0300 UTC;0;991,4;991,8;991,3;1797,2;25,5;;26;25,5;;;;;;;;;
2024/01/23;0400 UTC;0;990,9;991,4;990,8;17,3;25,7;;25,7;25,5;;;;;;;;;
2024/01/23;0500 UTC;0;990,5;990,9;990,4;;25,6;;25,7;25,6;;;;;;;;;
2024/01/23;0600 UTC;0;990,3;990,5;990,3;;25,4;;25,8;25,4;;;;;;;;;
2024/01/23;0700 UTC;0;990,1;990,3;990;;25;;25,4;24,9;;;;;;;;;
2024/01/23;0800 UTC;0;990,7;990,7;990;;25;;25,1;24,8;;;;;;;;;
2024/01/23;0900 UTC;0;991,3;991,3;990,8;;25,3;;25,3;25;;;;;;;;;
2024/01/23;1000 UTC;0;992;992;991,3;;26,6;;26,8;25,3;;;;;;;;;
2024/01/23;1100 UTC;0;992,4;992,4;992;;27,4;;27,4;26,2;;;;;;;;;
2024/01/23;1200 UTC;0;992,8;992,8;992,4;1096,6;28,5;28,5;28,6;27,4;;;;;100;;;;
2024/01/23;1300 UTC;0;992,7;992,9;992,7;1411,4;30;30;30;28,4;30;28,4;100;99;100;;;;
2024/01/23;1400 UTC;0;992,1;992,7;992,1;501,4;31,4;28,3;31,9;29,8;30,8;28,3;100;83;83;;;;
2024/01/23;1500 UTC;0;991,2;992;991,1;65,8;30,8;27,6;32,6;30,8;28,9;27;86;75;83;;;;
2024/01/23;1600 UTC;0;990;991,2;990;;32,2;26,8;33;30,5;28,2;26,3;84;71;73;;;;
2024/01/23;1700 UTC;0;989,3;990;989,3;92,6;28,7;28,7;33,7;28,7;28,8;25,8;100;66;100;;;;
2024/01/23;1800 UTC;5,8;988,5;989,5;988,5;3167,5;29,7;29,7;29,8;26,2;;;;;100;;;;
2024/01/23;1900 UTC;0;988,3;988,6;988,2;1569,5;29,3;29,3;30;28,6;30,1;28,6;100;99;100;;;;
2024/01/23;2000 UTC;0;988,3;988,3;988,1;784,1;29,5;29,5;29,7;29;29,7;29;100;100;100;;;;
2024/01/23;2100 UTC;,2;988,6;988,7;988,3;;27,6;;29,5;27,6;29,3;27;100;90;;;;;
2024/01/23;2200 UTC;0;989,4;989,4;988,6;;28,5;28,5;28,7;27,4;28,7;27,5;100;96;100;;;;
2024/01/23;2300 UTC;0;990,4;990,4;989,4;;27,5;27,5;28,5;27,5;28,5;27,5;100;100;100;;;;
2024/01/24;0000 UTC;0;990,9;990,9;990,4;;26,7;;27,5;26,7;27,5;25,2;100;90;;;;;
2024/01/24;0100 UTC;0;991,3;991,3;990,9;;26,1;;26,8;26;;;;;;;;;
2024/01/24;0200 UTC;0;991,4;991,5;991,3;;25,4;;26,1;25,4;;;;;;;;;
2024/01/24;0300 UTC;0;990,8;991,4;990,7;;25,2;;25,4;25,1;;;;;;;;;
2024/01/24;0400 UTC;0;990,1;990,8;990,1;;24,6;;25,3;24,6;;;;;;;;;
2024/01/24;0500 UTC;0;989,7;990,1;989,7;;24,5;;24,6;24,5;;;;;;;;;
2024/01/24;0600 UTC;0;989,4;989,7;989,3;;24,7;;24,8;24,5;;;;;;;;;
2024/01/24;0700 UTC;0;989,6;989,7;989,4;;24,3;;24,7;24,3;;;;;;;;;
2024/01/24;0800 UTC;0;990;990,1;989,6;;24,2;;24,3;24,1;;;;;;;;;
2024/01/24;0900 UTC;0;990,7;990,7;990;;24,5;;24,5;24,1;;;;;;;;;
2024/01/24;1000 UTC;0;990,9;991;990,6;;25,6;;25,6;24,5;;;;;;;;;
2024/01/24;1100 UTC;0;991;991,1;990,9;161,4;27,1;;27,2;25,6;;;;;;;;;
2024/01/24;1200 UTC;0;991;991,1;990,9;949,3;29,5;29,5;29,5;27;;;;;100;;;;
2024/01/24;1300 UTC;0;991;991,1;990,9;524,6;30,3;29,1;31,1;28,9;30,7;28,8;100;91;93;;;;
2024/01/24;1400 UTC;0;990,6;991;990,6;;30,2;27,7;30,3;29,8;29,7;27,5;99;85;87;;;;
2024/01/24;1500 UTC;0;990;990,6;990;;30,9;27;31;30,2;28,2;26,8;87;79;79;;;;
2024/01/24;1600 UTC;0;989,6;990,1;989,6;;30,3;26,9;31;30,1;28;26,5;87;79;82;;;;
2024/01/24;1700 UTC;0;988,8;989,6;988,8;;31,5;25,9;31,6;30,3;27,6;25,9;85;72;73;;;;
2024/01/24;1800 UTC;0;988;988,8;988;3,5;31,2;26,6;32,1;31,2;27,1;25,7;77;71;77;;;;
2024/01/24;1900 UTC;0;987,9;988,1;987,8;;31;25,8;31,2;30,8;26,7;25,1;78;71;74;;;;
2024/01/24;2000 UTC;0;987,8;987,9;987,7;;30,8;25,5;31,1;30,7;26,1;25,5;77;73;74;;;;
2024/01/24;2100 UTC;0;988,5;988,5;987,8;790,4;29,9;25,3;30,8;29,9;25,7;25,1;76;74;76;;;;
2024/01/24;2200 UTC;0;989,3;989,3;988,4;961,3;28,9;24,9;29,9;28,9;25,3;24,8;79;76;79;;;;
2024/01/24;2300 UTC;0;990,2;990,2;989,3;1154,6;27,7;26;28,9;27,7;26;24,9;91;79;91;;;;
2024/01/25;0000 UTC;0;990,9;990,9;990,2;1429,9;26,9;26,9;27,7;26,8;27;26,1;100;91;100;;;;
2024/01/25;0100 UTC;0;990,9;991;990,8;1771,1;25,9;25,9;26,9;25,9;26,9;25,9;100;100;100;;;;
2024/01/25;0200 UTC;0;990,9;991,1;990,9;2299,6;25,8;;25,9;25,7;;;;;;;;;
2024/01/25;0300 UTC;0;990,2;990,9;990,2;2439,3;25,2;;25,8;25,2;;;;;;;;;
2024/01/25;0400 UTC;0;989,6;990,2;989,5;2090,3;24,4;;25,2;24,4;;;;;;;;;
2024/01/25;0500 UTC;0;988,9;989,6;988,9;580,4;24,4;;24,6;24,4;;;;;;;;;
2024/01/25;0600 UTC;0;988,8;988,9;988,7;;24,4;;24,4;24,3;;;;;;;;;
2024/01/25;0700 UTC;0;988,9;988,9;988,7;;24,2;;24,4;24,1;;;;;;;;;
2024/01/25;0800 UTC;0;989,3;989,3;988,9;;24;;24,3;24;;;;;;;;;
2024/01/25;0900 UTC;0;989,7;989,7;989,3;;24,2;;24,2;23,8;;;;;;;;;
2024/01/25;1000 UTC;0;990,4;990,4;989,7;;26;;26,1;24,2;;;;;;;;;
2024/01/25;1100 UTC;0;990,8;990,8;990,4;;27,4;;27,5;26;;;;;;;;;
2024/01/25;1200 UTC;0;990,9;990,9;990,7;195,7;28,7;28,7;28,8;27;;;;;100;;;;
2024/01/25;1300 UTC;0;990,6;990,9;990,6;285,9;30,3;27,1;30,7;28,7;29,6;26,9;100;83;83;;;;
2024/01/25;1400 UTC;0;990,2;990,6;990,1;397,1;31,2;25,9;32,9;30,4;27,7;25,3;85;67;73;;;;
2024/01/25;1500 UTC;0;989,3;990,2;989,3;280,6;32;24,6;32,8;30,9;26,5;24,6;73;65;65;;;;
2024/01/25;1600 UTC;0;988,6;989,3;988,5;640,9;32,1;25;32,3;31,4;25,9;24,7;71;65;66;;;;
2024/01/25;1700 UTC;0;988;988,6;988;483,9;31,2;25,2;32,3;31,2;25,5;24,5;71;64;71;;;;
2024/01/25;1800 UTC;0;987,1;988;987,1;353,7;32,4;24,9;32,6;31;25,9;24,6;72;63;65;;;;
2024/01/25;1900 UTC;0;986,7;987,1;986,7;466,7;32,9;23,1;33,3;32,4;25,2;23,1;65;57;57;;;;
2024/01/25;2000 UTC;0;986,7;986,8;986,6;482,2;32,7;23,7;33;32,2;24,4;23,1;63;57;59;;;;
2024/01/25;2100 UTC;0;987,2;987,2;986,7;210,3;31,5;21,7;32,7;31,5;23,6;21,6;59;55;56;;;;
2024/01/25;2200 UTC;0;988,1;988,1;987,2;38,5;30,3;21,7;31,5;30,2;21,8;21,6;60;56;60;;;;
2024/01/25;2300 UTC;0;989,5;989,5;988,1;;28,8;22,6;30,3;28,8;22,6;21,7;69;60;69;;;;
2024/01/26;0000 UTC;0;990,6;990,6;989,5;;27,5;24,8;28,8;27,5;24,8;22,6;85;69;85;;;;
2024/01/26;0100 UTC;0;991,1;991,1;990,6;;26,5;26,6;27,5;26,5;26,8;24,8;100;85;100;;;;
2024/01/26;0200 UTC;0;991,1;991,3;991,1;;25,7;;26,6;25,7;;;;;;;;;
2024/01/26;0300 UTC;0;990,6;991,1;990,6;;25;;25,7;25;;;;;;;;;
2024/01/26;0400 UTC;0;990,2;990,6;990,1;;24,4;;25;24,4;;;;;;;;;
2024/01/26;0500 UTC;0;989,7;990,2;989,7;;24,1;;24,4;24;;;;;;;;;
2024/01/26;0600 UTC;0;989,6;989,7;989,5;;24,3;;24,4;24,1;;;;;;;;;
2024/01/26;0700 UTC;0;989,6;989,6;989,5;;23,9;;24,3;23,9;;;;;;;;;
2024/01/26;0800 UTC;0;990;990;989,6;;23,3;;23,9;23,3;;;;;;;;;
2024/01/26;0900 UTC;0;990,4;990,4;989,9;;23,1;;23,3;23;;;;;;;;;
2024/01/26;1000 UTC;0;991;991;990,4;;26,1;;26,1;23,1;;;;;;;;;
2024/01/26;1100 UTC;0;991,4;991,4;991;;27,4;;27,5;25,8;;;;;;;;;
2024/01/26;1200 UTC;0;991,3;991,5;991,2;18,1;29,8;29,8;29,8;27,4;29,8;28,1;100;98;100;;;;
2024/01/26;1300 UTC;0;991,2;991,4;991,2;132;31,1;27,2;31,9;29,2;30,4;27,2;100;80;80;;;;
2024/01/26;1400 UTC;0;990,5;991,2;990,5;296,4;32,4;25,7;33;31,1;27,9;25,7;80;68;68;;;;
2024/01/26;1500 UTC;0;989,7;990,5;989,7;250,9;34,1;24,8;34,6;32,4;26,8;24,6;69;57;59;;;;
2024/01/26;1600 UTC;0;988,8;989,8;988,8;385,7;32,9;25,3;35,1;32;25,9;24,4;68;56;65;;;;
2024/01/26;1700 UTC;0;987,7;988,8;987,7;359,3;33,6;24,1;34,3;32,9;25,5;24,1;65;58;58;;;;
2024/01/26;1800 UTC;0;986,8;987,7;986,8;320,7;32,4;24,6;35,1;32,4;25,1;23,5;64;53;64;;;;
2024/01/26;1900 UTC;0;986,9;986,9;986,8;817,7;30,4;27,3;32,6;30,2;27,7;24,3;86;62;84;;;;
2024/01/26;2000 UTC;0;987,3;987,3;986,9;698,6;31,9;25,5;32;30,4;27,2;25,4;84;69;69;;;;
2024/01/26;2100 UTC;0;988;988;987,3;861,4;30,5;25,9;31,9;30,1;26,8;25,2;82;68;76;;;;
2024/01/26;2200 UTC;0;988,9;988,9;988;839,8;30;25,7;30,6;29,9;25,8;25,5;78;75;78;;;;
2024/01/26;2300 UTC;0;990,1;990,1;988,9;1078,6;29;26,5;30;29;26,5;25,6;86;78;86;;;;
2024/01/27;0000 UTC;0;991;991,1;990,1;1319,7;28,1;27,6;29;28,1;27,6;26,5;97;86;97;;;;
2024/01/27;0100 UTC;0;991,7;991,7;991;1651,3;27,5;27,5;28,1;27,5;27,9;27,5;100;97;100;;;;
2024/01/27;0200 UTC;0;991,6;991,8;991,5;2053,5;27,2;;27,4;27,1;;;;;;;;;
2024/01/27;0300 UTC;0;991,4;991,7;991,4;1861,9;26,9;;27,2;26,9;;;;;;;;;
2024/01/27;0400 UTC;0;990,7;991,4;990,7;1454,9;26,7;;26,9;26,7;;;;;;;;;
2024/01/27;0500 UTC;0;990,4;990,7;990,3;1152,2;26,7;;26,8;26,6;;;;;;;;;
2024/01/27;0600 UTC;0;990;990,4;990;1115,3;26,4;;26,7;26,4;;;;;;;;;
2024/01/27;0700 UTC;0;990,1;990,2;989,9;759,2;25,8;;26,4;25,8;;;;;;;;;
2024/01/27;0800 UTC;0;990,4;990,4;990,1;213,4;25,5;;25,9;25,5;;;;;;;;;
2024/01/27;0900 UTC;0;990,9;990,9;990,4;;25,1;;25,5;25,1;;;;;;;;;
2024/01/27;1000 UTC;0;991,7;991,7;990,9;;26,7;;26,7;25,1;;;;;;;;;
2024/01/27;1100 UTC;0;992,2;992,2;991,7;664,2;27,5;;27,5;26,7;;;;;;;;;
2024/01/27;1200 UTC;,8;992,5;992,6;992,2;5000,2;28,7;;28,7;25,9;;;;;;;;;
2024/01/27;1300 UTC;0;992,5;992,7;992,4;3340,9;30,1;30,1;30,1;28,2;30,1;27,5;100;94;100;;;;
2024/01/27;1400 UTC;0;992,1;992,5;992;1029,7;29,7;28,4;31,6;29,7;30,4;27,2;100;79;93;;;;
2024/01/27;1500 UTC;,2;991,1;992,1;991,1;442,1;32,6;25,2;34;29,7;29,8;25,1;100;62;65;;;;
2024/01/27;1600 UTC;0;990;991,2;990;166,4;33,6;23,9;33,9;32,6;25,6;23,5;66;55;57;;;;
2024/01/27;1700 UTC;0;989,1;989,9;989;6,6;33,8;24;35,6;33;25;22;62;50;57;;;;
2024/01/27;1800 UTC;0;988,4;989,1;988,4;296,4;34;22,8;35,4;33,5;24,6;21,2;58;46;52;;;;
2024/01/27;1900 UTC;0;988,6;988,6;988,4;535,4;32,2;23,8;34;32,2;23,8;22,5;61;51;61;;;;
2024/01/27;2000 UTC;0;989;989;988,6;775,4;32;22,9;32,2;30,7;25;22,9;72;59;59;;;;
2024/01/27;2100 UTC;0;989,3;989,4;989;698,2;30,9;23,7;32;30,8;23,7;22,7;66;58;66;;;;
2024/01/27;2200 UTC;0;989,8;989,8;989,3;1049,9;29,2;25;30,9;29,2;25,1;23,7;78;66;78;;;;
2024/01/27;2300 UTC;0;990,8;990,8;989,8;323,4;28;26,1;29,2;27,9;26,1;25;90;78;90;;;;
2024/01/28;0000 UTC;0;991,4;991,4;990,8;;27;27;28;27;27,1;26,1;100;90;100;;;;
2024/01/28;0100 UTC;0;992;992;991,4;;26,7;26,7;27,1;26,5;27,1;26,5;100;100;100;;;;
2024/01/28;0200 UTC;0;992,1;992,3;992;;26,5;26,5;26,9;26,5;26,9;26,5;100;100;100;;;;
2024/01/28;0300 UTC;0;991,8;992,1;991,8;;26,3;;26,6;26,3;;;;;;;;;
2024/01/28;0400 UTC;0;991,2;991,8;991,2;;26,2;;26,3;26;;;;;;;;;
2024/01/28;0500 UTC;0;990,8;991,2;990,8;;26,4;;26,4;26,1;;;;;;;;;
2024/01/28;0600 UTC;0;990,6;990,8;990,5;;26,1;;26,6;26,1;;;;;;;;;
2024/01/28;0700 UTC;0;990,6;990,6;990,5;;25,5;;26,1;25,5;;;;;;;;;
2024/01/28;0800 UTC;0;991;991;990,6;;25,4;;25,5;25,3;;;;;;;;;
2024/01/28;0900 UTC;0;991,7;991,7;991;;25,6;;25,6;25,3;;;;;;;;;
2024/01/28;1000 UTC;0;992;992,1;991,6;;26,2;;26,2;25,6;;;;;;;;;
2024/01/28;1100 UTC;0;992,7;992,7;992,1;1300,4;27,5;27,5;28,1;26,2;;;;;100;;;;
2024/01/28;1200 UTC;0;993;993;992,7;1302,2;29,1;28,3;29,4;27,5;29,1;27,5;100;95;95;;;;
2024/01/28;1300 UTC;0;992,6;993;992,6;871;30,8;26,7;31,4;29,1;28,5;26,7;96;78;79;;;;
2024/01/28;1400 UTC;0;992,4;992,6;992,3;748;31,9;26,1;32,3;30,7;27,4;25,5;81;68;71;;;;
2024/01/28;1500 UTC;0;991,6;992,4;991,5;587,5;33,5;25,3;33,9;31,7;26,2;25;72;62;62;;;;
2024/01/28;1600 UTC;0;990,7;991,6;990,7;483,5;34,8;24,4;34,9;33,3;25,5;23,7;63;55;55;;;;
2024/01/28;1700 UTC;0;989,6;990,7;989,6;371,9;35,2;23;35,9;33,5;24,7;22,6;56;48;49;;;;
2024/01/28;1800 UTC;0;988,7;989,6;988,7;211;35,3;22,4;36;34,4;23,3;22,1;51;46;47;;;;
2024/01/28;1900 UTC;0;988,2;988,7;988,2;111,9;35,7;22;36;34,7;22,8;21,2;49;44;45;;;;
2024/01/28;2000 UTC;0;988,4;988,4;988,1;197,2;35;20,8;36,1;34,8;22,4;20,2;46;42;44;;;;
2024/01/28;2100 UTC;0;988,9;989;988,4;4,4;32,8;21,5;35;32,8;21,8;21,1;52;44;51;;;;
2024/01/28;2200 UTC;0;989,7;989,7;988,9;;30,9;19,4;32,9;30,9;21,4;19,4;51;49;50;;;;
2024/01/28;2300 UTC;0;991;991,1;989,7;;29,9;22,6;30,9;29,9;22,6;19,1;65;50;65;;;;
2024/01/29;0000 UTC;0;991,9;991,9;991;;28,4;26,9;29,8;28,4;26,9;22,6;92;65;92;;;;
2024/01/29;0100 UTC;0;992,4;992,4;991,8;;27,9;27,9;28,4;27,9;28,1;27;100;92;100;;;;
2024/01/29;0200 UTC;0;992,7;992,7;992,4;;27,4;27,4;27,9;27,4;27,9;27,4;100;100;100;;;;
2024/01/29;0300 UTC;0;992,4;992,7;992,4;;27,2;27,2;27,4;27,2;27,4;27,2;100;100;100;;;;
2024/01/29;0400 UTC;0;991,9;992,4;991,9;;27,1;27,1;27,2;26,9;27,2;25,9;100;93;100;;;;
2024/01/29;0500 UTC;0;991,8;991,9;991,7;;27,1;27,1;27,2;27;27,2;27;100;100;100;;;;
2024/01/29;0600 UTC;0;991,6;991,8;991,5;;26,5;26,5;27,1;26,5;27,1;26,5;100;100;100;;;;
2024/01/29;0700 UTC;0;991,9;991,9;991,6;;25,9;25,9;26,5;25,8;26,5;25,8;100;100;100;;;;
2024/01/29;0800 UTC;0;992,4;992,4;991,9;;25;25;26;25;26;25;100;100;100;;;;
2024/01/29;0900 UTC;0;992,6;992,6;992,3;;24,3;24,3;25;24,3;25;24,3;100;100;100;;;;
2024/01/29;1000 UTC;0;993,1;993,1;992,6;;25,5;25,5;25,5;24,3;25,5;24,3;100;100;100;;;;
2024/01/29;1100 UTC;0;993,5;993,5;993,1;;26,4;26,4;26,4;25,4;26,4;25,4;100;100;100;;;;
2024/01/29;1200 UTC;0;993,4;993,7;993,4;;27,4;26,5;27,5;26,2;27;26,2;100;95;95;;;;
2024/01/29;1300 UTC;0;993,1;993,4;993,1;;28,3;25,7;28,3;27,3;26,6;25,4;95;85;86;;;;
2024/01/29;1400 UTC;0;992,5;993,1;992,5;374,3;31,4;24,1;31,4;28,3;26,1;23,6;86;65;65;;;;
2024/01/29;1500 UTC;0;991,7;992,5;991,7;397,6;32,8;22,7;32,8;31;24,5;22;66;55;56;;;;
2024/01/29;1600 UTC;0;990,7;991,7;990,7;142,8;33,1;22,1;34,4;32,7;22,9;21;56;48;53;;;;
2024/01/29;1700 UTC;0;989,8;990,7;989,8;,2;34,4;20,8;35;33,1;22,7;20,6;54;45;45;;;;
2024/01/29;1800 UTC;0;989;989,8;989;6,7;34,5;19;35,4;34,1;21,5;19;47;40;40;;;;
2024/01/29;1900 UTC;0;988,6;989;988,6;;34,5;18,5;35,7;34,2;19,7;18,4;42;37;39;;;;
2024/01/29;2000 UTC;0;988,8;988,8;988,5;;33,4;20,7;35,2;33,4;20,8;18,1;47;38;47;;;;
2024/01/29;2100 UTC;0;989,1;989,1;988,8;;30,9;21,1;33,4;30,9;21,2;20,1;56;46;56;;;;
2024/01/29;2200 UTC;0;990,2;990,2;989,1;;29,5;21,1;30,9;29,5;21,2;20,6;61;55;61;;;;
2024/01/29;2300 UTC;0;991,2;991,2;990,2;;28,2;21,8;29,5;28,2;21,9;21,1;68;61;68;;;;
2024/01/30;0000 UTC;0;992,1;992,1;991,2;;27,1;23,5;28,2;27,1;23,5;21,9;81;69;81;;;;
2024/01/30;0100 UTC;0;992,5;992,5;992,1;;26,3;25,8;27,1;26,2;25,8;23,5;97;81;97;;;;
2024/01/30;0200 UTC;0;992,5;992,7;992,5;;25,3;25,3;26,3;25,2;26,2;25,2;100;97;100;;;;
2024/01/30;0300 UTC;0;992;992,5;992;;24,4;;25,7;24,4;;;;;;;;;
2024/01/30;0400 UTC;0;991,3;992;991,3;;24;;24,6;23,8;;;;;;;;;
2024/01/30;0500 UTC;0;990,8;991,3;990,8;;24;;24,6;23,9;;;;;;;;;
2024/01/30;0600 UTC;0;990,8;990,8;990,8;;23,6;;24;23,5;;;;;;;;;
2024/01/30;0700 UTC;0;991,1;991,1;990,8;;23,4;;24,1;23,4;;;;;;;;;
2024/01/30;0800 UTC;0;991,2;991,3;991;;22,8;;23,4;22,7;;;;;;;;;
2024/01/30;0900 UTC;0;991,7;991,7;991,2;;22,5;;22,8;22,3;;;;;;;;;
2024/01/30;1000 UTC;0;992,3;992,3;991,7;;26,5;;26,7;22,5;;;;;;;;;
2024/01/30;1100 UTC;0;992,5;992,5;992,3;;28,4;28,4;28,4;26,5;28,4;26,1;100;95;100;;;;
2024/01/30;1200 UTC;0;992,5;992,6;992,4;;30,1;26,1;30,8;27,6;28,7;25,8;100;76;79;;;;
2024/01/30;1300 UTC;0;992,3;992,5;992,3;14,9;31,1;24,4;32,1;30;26,7;24,4;81;67;68;;;;
2024/01/30;1400 UTC;0;991,6;992,3;991,6;3,2;32,3;23,6;32,6;30,2;25;23,4;71;59;60;;;;
2024/01/30;1500 UTC;0;990,7;991,6;990,7;51,2;34;23,3;34,1;31,9;24;22,6;62;54;54;;;;
2024/01/30;1600 UTC;0;989,7;990,7;989,7;;35,5;22,4;35,8;33,1;23,5;22,3;55;46;47;;;;
2024/01/30;1700 UTC;0;988,7;989,7;988,7;;36,3;21,3;37,3;34,7;22,6;21,1;47;41;42;;;;
2024/01/30;1800 UTC;0;987,9;988,7;987,9;;36,4;20,4;37,6;35,5;21,6;20,2;42;39;40;;;;
2024/01/30;1900 UTC;0;987,4;987,9;987,4;;35,7;20,5;37,2;35,7;21,2;20;41;39;41;;;;
2024/01/30;2000 UTC;0;987,4;987,5;987,2;;35,2;20,4;36,5;35,2;21,1;20,2;42;40;42;;;;
2024/01/30;2100 UTC;0;988;988;987,4;;33,9;21,5;35,2;33,9;21,6;20,4;48;42;48;;;;
2024/01/30;2200 UTC;0;989,1;989,1;988;;31;23,7;33,9;31;23,7;21;65;48;65;;;;
2024/01/30;2300 UTC;0;990;990;989,1;;29,8;23,7;31;29,7;23,8;23,6;70;65;70;;;;
2024/01/31;0000 UTC;0;991;991;990;;28,7;24,4;29,8;28,7;24,4;23,5;78;70;78;;;;
2024/01/31;0100 UTC;0;991,3;991,3;991;;27,8;25,8;28,7;27,7;25,8;24,5;89;78;89;;;;
2024/01/31;0200 UTC;0;991,6;991,7;991,3;;26,7;;27,8;26,7;27,3;25,8;100;89;;;;;
2024/01/31;0300 UTC;0;991,4;991,7;991,4;;26,7;;26,9;26,6;;;;;;;;;
2024/01/31;0400 UTC;0;990,6;991,4;990,6;;26,4;;26,7;26,4;;;;;;;;;
2024/01/31;0500 UTC;0;990,2;990,6;990,2;;26,1;;26,4;26,1;;;;;;;;;
2024/01/31;0600 UTC;0;990,2;990,2;990,1;;25,8;;26,1;25,7;;;;;;;;;
2024/01/31;0700 UTC;0;990,4;990,4;990,2;;25,6;;25,8;25,6;;;;;;;;;
2024/01/31;0800 UTC;0;990,5;990,5;990,4;;25,2;;25,6;25,2;;;;;;;;;
2024/01/31;0900 UTC;0;990,9;990,9;990,5;;24,8;;25,2;24,8;;;;;;;;;
2024/01/31;1000 UTC;0;991,5;991,5;990,9;;26,8;;26,9;24,8;;;;;;;;;
2024/01/31;1100 UTC;0;992,1;992,1;991,5;;27,3;;27,3;26,3;;;;;;;;;
2024/01/31;1200 UTC;0;992;992,2;992;1,3;29,5;29,1;30,1;27,3;29,9;27,9;100;97;98;;;;
2024/01/31;1300 UTC;0;991,9;992,1;991,9;;30,9;27,4;31,6;28,8;29,9;27;100;79;81;;;;
2024/01/31;1400 UTC;0;991,1;991,9;991,1;8,5;32,7;25,5;32,8;30,5;27,4;25,5;81;66;66;;;;
2024/01/31;1500 UTC;0;990,2;991,1;990,2;5,5;34,2;23;34,7;32,5;25,9;23;67;52;52;;;;
2024/01/31;1600 UTC;0;989;990,2;989;;35,8;22,3;35,8;34,2;23,5;21,9;52;46;46;;;;
2024/01/31;1700 UTC;0;988,2;989;988,1;;36,5;20,6;37;35,1;22,6;20,4;47;40;40;;;;
2024/01/31;1800 UTC;0;987,4;988,1;987,4;25,7;37,2;19,4;38;35,8;21,1;19,4;40;35;35;;;;
2024/01/31;1900 UTC;0;986,9;987,4;986,9;28,3;36,7;18,8;37,7;36,1;19,9;18,5;37;34;35;;;;
2024/01/31;2000 UTC;0;987,1;987,1;986,8;;36,1;18,7;37;36,1;19,4;18,4;36;34;36;;;;
2024/01/31;2100 UTC;0;987,7;987,7;987,1;;34,7;18,4;36,1;34,7;18,8;18,2;38;36;38;;;;
2024/01/31;2200 UTC;0;988,9;988,9;987,7;;30,6;22,5;34,8;30,6;22,5;18,3;62;38;62;;;;
2024/01/31;2300 UTC;0;989,8;989,8;988,9;;28,9;24,3;30,6;28,9;24,3;22,5;76;62;76;;;;
2024/02/01;0000 UTC;0;990,3;990,3;989,8;;27,9;26,5;28,9;27,9;26,5;24,3;92;76;92;;;;
2024/02/01;0100 UTC;0;990,6;990,6;990,3;;27,1;27,1;27,9;27,1;27,6;26,5;100;92;100;;;;
2024/02/01;0200 UTC;0;991;991,1;990,6;;27;27;27,2;27;27,2;27;100;100;100;;;;
2024/02/01;0300 UTC;0;990,8;991;990,8;3,3;26,9;;27;26,8;;;;;;;;;
2024/02/01;0400 UTC;0;990,2;990,8;990,2;242,2;26,8;;27;26,8;;;;;;;;;
2024/02/01;0500 UTC;0;990;990,2;989,9;7,6;26,4;;26,9;26,4;;;;;;;;;
2024/02/01;0600 UTC;0;990;990,1;989,9;;25,6;;26,4;25,6;;;;;;;;;
2024/02/01;0700 UTC;0;990,2;990,3;989,9;2,2;25,8;;25,9;25,6;;;;;;;;;
2024/02/01;0800 UTC;0;990,5;990,5;990,1;;25,5;;25,8;25,5;;;;;;;;;
2024/02/01;0900 UTC;0;991;991;990,5;;25,5;;25,5;25,4;;;;;;;;;
2024/02/01;1000 UTC;0;991,9;991,9;991;;26,4;;26,4;25,5;;;;;;;;;
2024/02/01;1100 UTC;0;992,1;992,2;991,9;;27,8;27;28,4;26,4;28,4;26;100;95;95;;;;
2024/02/01;1200 UTC;0;992,2;992,3;992,1;;29,6;26;29,7;27,8;27,1;25,7;95;80;81;;;;
2024/02/01;1300 UTC;0;991,8;992,2;991,8;359,9;30,5;24,5;30,6;29,2;26;23,5;82;67;70;;;;
2024/02/01;1400 UTC;0;991,1;991,8;991;129,8;32,8;20;33,4;30,6;24,4;20;70;47;47;;;;
2024/02/01;1500 UTC;0;990,3;991,1;990,3;;33,7;18,5;34,4;32,5;20,8;18,2;49;39;41;;;;
2024/02/01;1600 UTC;0;989,3;990,3;989,3;;35,4;18,7;35,9;33,7;19,6;17,1;42;35;38;;;;
2024/02/01;1700 UTC;0;988,3;989,3;988,3;;35,9;17;36,7;34,6;18,6;16,5;38;32;33;;;;
2024/02/01;1800 UTC;0;987,3;988,3;987,3;;36,2;16,9;36,8;34,8;17,5;16,3;35;31;32;;;;
2024/02/01;1900 UTC;0;986,9;987,3;986,8;;36,2;17,8;36,6;35,6;17,9;16,6;35;32;34;;;;
2024/02/01;2000 UTC;0;986,9;987;986,8;;35,1;17,7;36,2;35,1;18,3;17,5;36;34;36;;;;
2024/02/01;2100 UTC;0;987,8;987,8;986,9;;31,9;22;35,1;31,9;22;17,3;56;35;56;;;;
2024/02/01;2200 UTC;0;988,7;988,7;987,8;;30,4;21,1;31,9;30,3;22;21,1;58;56;58;;;;
2024/02/01;2300 UTC;0;989,9;989,9;988,7;;29,1;21,2;30,4;29,1;21,2;21;63;58;63;;;;
2024/02/02;0000 UTC;0;990,7;990,7;989,9;;28;22;29,1;28;22;21,2;70;63;70;;;;
2024/02/02;0100 UTC;0;990,8;990,9;990,7;;27,5;26,6;28;27,5;26,6;22,1;95;70;95;;;;
2024/02/02;0200 UTC;0;990,5;990,9;990,5;;27,1;27,1;27,5;27;27,4;26,7;100;95;100;;;;
2024/02/02;0300 UTC;0;990;990,5;990;;26,8;26,8;27,1;26,7;27,1;26,7;100;100;100;;;;
2024/02/02;0400 UTC;0;990;990,2;989,9;;26,2;;26,8;26,2;26,8;26,1;100;99;;;;;
2024/02/02;0500 UTC;0;989,7;990,1;989,6;;25,9;;26,3;25,9;;;;;;;;;
2024/02/02;0600 UTC;0;989,6;989,6;989,5;;26;;26;25,7;;;;;;;;;
2024/02/02;0700 UTC;0;989,9;990;989,6;;25,8;;26;25,8;;;;;;;;;
2024/02/02;0800 UTC;0;990;990;989,8;;26;;26;25,8;;;;;;;;;
2024/02/02;0900 UTC;0;990,4;990,4;990;;25,6;;26;25,6;;;;;;;;;
2024/02/02;1000 UTC;0;990,9;991;990,4;25,8;26,8;;26,9;25,6;;;;;;;;;
2024/02/02;1100 UTC;0;991,8;991,8;990,9;58,2;28,4;28;28,8;26,7;28,6;26,8;100;96;97;;;;
2024/02/02;1200 UTC;0;991,9;992,2;991,8;126,7;29,9;25,9;30,6;27,8;28;25,8;98;78;79;;;;
2024/02/02;1300 UTC;0;991,5;991,9;991,5;2,1;31,4;24,4;31,4;29,5;26,1;24,1;81;66;66;;;;
2024/02/02;1400 UTC;0;990,7;991,6;990,6;14,2;32,9;22,5;33,3;30,7;24,7;22,3;69;55;55;;;;
2024/02/02;1500 UTC;0;989,7;990,7;989,7;;33,3;21,2;34,5;32,3;23,1;21,2;57;48;49;;;;
2024/02/02;1600 UTC;0;988,6;989,7;988,6;;34,9;20,7;35,2;33,2;22,2;20,7;51;44;44;;;;
2024/02/02;1700 UTC;0;987,8;988,6;987,8;;35,1;20,2;36;34,7;21;19,6;45;38;42;;;;
2024/02/02;1800 UTC;0;986,9;987,8;986,9;7,3;36,3;18,6;36,8;34,7;20,5;18,2;42;35;35;;;;
2024/02/02;1900 UTC;0;986,5;986,9;986,4;;35,7;16,7;37,2;35,6;18,8;16,1;36;31;32;;;;
2024/02/02;2000 UTC;0;986,8;986,8;986,3;;34;21,4;35,7;34;21,5;16,8;48;32;48;;;;
2024/02/02;2100 UTC;0;987,7;987,7;986,8;;31,9;21,9;34;31,9;22,1;21,2;56;48;56;;;;
2024/02/02;2200 UTC;0;989;989;987,7;;29,9;23,6;31,9;29,9;24,1;21,9;70;56;69;;;;
2024/02/02;2300 UTC;0;989,9;989,9;989;;28,7;25,6;29,9;28,7;25,7;23,7;83;69;83;;;;
2024/02/03;0000 UTC;0;990,4;990,4;989,9;;28,2;25,4;28,7;28,2;25,7;25,4;86;83;85;;;;
2024/02/03;0100 UTC;0;990,9;990,9;990,3;;27,2;26,8;28,2;27,2;26,8;25,4;97;85;97;;;;
2024/02/03;0200 UTC;0;990,9;991;990,8;;26,6;26,6;27,2;26,6;27,1;26,6;100;98;100;;;;
2024/02/03;0300 UTC;0;990,8;991;990,7;;25,9;;26,6;25,9;;;100;97;;;;;
2024/02/03;0400 UTC;0;990,4;990,8;990,4;;25,8;;26;25,7;;;;;;;;;
2024/02/03;0500 UTC;0;989,9;990,5;989,9;;25,6;;25,9;25,4;;;;;;;;;
2024/02/03;0600 UTC;0;990,2;990,2;989,7;;25,4;;25,6;25,3;;;;;;;;;
2024/02/03;0700 UTC;0;990,5;990,5;990,2;;24,9;;25,4;24,6;;;;;;;;;
2024/02/03;0800 UTC;0;990,7;990,7;990,4;;25,9;;26,1;24,9;;;;;;;;;
2024/02/03;0900 UTC;0;991;991;990,7;;25,4;;26,1;25,4;;;;;;;;;
2024/02/03;1000 UTC;0;991,7;991,7;991;257,5;26,7;;26,7;25,3;;;;;;;;;
2024/02/03;1100 UTC;0;992;992;991,6;;28,5;28,5;28,7;26,3;;;;;100;;;;
2024/02/03;1200 UTC;0;992,1;992,1;991,9;24,7;30,5;26,4;30,5;28,2;29,1;25,4;100;77;79;;;;
2024/02/03;1300 UTC;0;991,7;992,1;991,6;,1;31,6;25;31,8;30,3;26,1;24,5;78;68;68;;;;
2024/02/03;1400 UTC;0;991,2;991,7;991,2;72,8;31,7;24,1;32,8;31,1;25,1;24;69;62;64;;;;
2024/02/03;1500 UTC;0;990,1;991,2;990,1;3,7;33,6;24;34,5;31,7;24,8;23,6;64;55;57;;;;
2024/02/03;1600 UTC;0;989,1;990,1;989,1;;35,2;23,2;35,9;33,6;24,3;22,7;58;49;50;;;;
2024/02/03;1700 UTC;0;987,7;989,2;987,7;;36,2;22,1;36,2;34,4;23,2;21,8;51;44;44;;;;
2024/02/03;1800 UTC;0;987,4;987,7;987,4;;34,4;21,7;36,3;33,9;22,1;21,1;49;43;48;;;;
2024/02/03;1900 UTC;0;987,1;987,4;987;;34,8;21,9;35,3;34,2;22,2;21,3;48;46;47;;;;
2024/02/03;2000 UTC;0;987,4;987,4;987,1;;33,8;22;34,8;33,7;22,2;21;51;46;50;;;;
2024/02/03;2100 UTC;0;988,3;988,3;987,4;;31,7;22,5;33,8;31,7;22,6;21,7;58;50;58;;;;
2024/02/03;2200 UTC;0;989;989;988,3;;30,9;22,3;31,7;30,8;22,5;22,3;61;58;60;;;;
2024/02/03;2300 UTC;0;990,2;990,2;989;;30,3;22,8;30,9;30,1;22,8;22,1;65;60;65;;;;
2024/02/04;0000 UTC;0;991;991;990,2;;29,2;24;30,3;29,2;24;22,8;74;65;74;;;;
2024/02/04;0100 UTC;0;991,3;991,3;991;;27,7;25,5;29,2;27,7;25,5;24,1;88;74;88;;;;
2024/02/04;0200 UTC;0;991,1;991,5;991,1;;27,2;27,2;27,7;27,2;27,5;25,6;100;88;100;;;;
2024/02/04;0300 UTC;0;990,5;991,1;990,5;;26,4;;27,2;26,4;;;;;;;;;
2024/02/04;0400 UTC;0;990,2;990,6;990,1;;26,1;;26,5;26,1;;;;;;;;;
2024/02/04;0500 UTC;0;989,7;990,2;989,7;164,1;26,2;;26,2;26;;;;;;;;;
2024/02/04;0600 UTC;0;989,6;989,7;989,6;1489,9;26,1;;26,4;26,1;;;;;;;;;
2024/02/04;0700 UTC;0;989,8;989,8;989,6;1157,3;25,8;;26,1;25,8;;;;;;;;;
2024/02/04;0800 UTC;0;990,4;990,4;989,8;1107,8;25,9;;26,1;25,8;;;;;;;;;
2024/02/04;0900 UTC;0;990,8;990,8;990,4;1541,6;25,8;25,8;25,9;25,6;;;;;100;;;;
2024/02/04;1000 UTC;0;991,3;991,3;990,8;1465,9;26;26;26,5;25,8;26,5;25,8;100;100;100;;;;
2024/02/04;1100 UTC;0;991,7;991,7;991,3;679,8;28,2;26,9;28,4;26;27,6;26;100;92;93;;;;
2024/02/04;1200 UTC;0;991,8;991,9;991,7;;30,6;24,7;30,7;28,2;27;24,6;93;71;71;;;;
2024/02/04;1300 UTC;0;991,4;991,8;991,3;;32,1;23,2;32,6;30,2;25;23,1;71;58;60;;;;
2024/02/04;1400 UTC;0;990,7;991,4;990,7;17,8;33,4;21,9;33,5;31,4;23,2;21,6;61;51;51;;;;
2024/02/04;1500 UTC;0;989,5;990,7;989,5;;35;21,1;35,5;33,4;22,5;20,6;53;44;44;;;;
2024/02/04;1600 UTC;0;988,2;989,5;988,2;;35,6;21,1;36,2;34,3;21,5;20,3;46;41;43;;;;
2024/02/04;1700 UTC;0;987,2;988,2;987,1;;35,4;20,9;36,6;34,9;21,3;20,4;44;40;43;;;;
2024/02/04;1800 UTC;0;986,5;987,2;986,4;;36,7;20;37,3;35,2;21,1;19,6;43;37;38;;;;
2024/02/04;1900 UTC;0;986;986,5;986;;37,1;19,6;37,1;36;20,1;19,2;39;36;36;;;;
2024/02/04;2000 UTC;0;986,1;986,1;985,8;;36,3;19;37,2;36,2;19,5;18,7;37;35;36;;;;
2024/02/04;2100 UTC;0;986,8;986,8;986,1;;34,7;19,1;36,3;34,7;19,2;18,8;40;36;40;;;;
2024/02/04;2200 UTC;0;988,1;988,1;986,8;;31,8;21,1;34,7;31,8;21,2;18,9;53;40;53;;;;
2024/02/04;2300 UTC;0;989;989;988,1;;30,1;21,2;31,8;30,1;21,2;20,9;59;53;59;;;;
2024/02/05;0000 UTC;0;989,9;989,9;989;;28,5;25,1;30,1;28,5;25,1;21,3;82;59;82;;;;
2024/02/05;0100 UTC;0;990,1;990,2;989,9;;27,5;27,5;28,5;27,5;27,5;25,1;100;82;100;;;;
2024/02/05;0200 UTC;0;990;990,2;990;185,2;26,7;26,7;27,5;26,7;27,5;26,7;100;100;100;;;;
2024/02/05;0300 UTC;0;989,5;990;989,5;241,8;26,2;;26,7;26,2;;;;;;;;;
2024/02/05;0400 UTC;0;989,2;989,5;989,1;1382,1;25,5;;26,2;25,5;;;;;;;;;
2024/02/05;0500 UTC;0;989;989,2;988,9;2746,5;25,2;;25,5;25,1;;;;;;;;;
2024/02/05;0600 UTC;0;989,3;989,3;988,9;1665,5;24,9;;25,3;24,9;;;;;;;;;
2024/02/05;0700 UTC;0;989,6;989,7;989,3;44,2;24,8;;25,1;24,8;;;;;;;;;
2024/02/05;0800 UTC;0;990,3;990,3;989,6;;24,2;;24,8;24,2;;;;;;;;;
2024/02/05;0900 UTC;0;991,1;991,1;990,3;;24,3;;24,7;24,1;;;;;;;;;
2024/02/05;1000 UTC;0;991,8;991,8;991,1;5;26,6;26,7;26,6;24,3;;;;;100;;;;
2024/02/05;1100 UTC;0;992,3;992,3;991,8;;28,4;25,4;28,6;26,5;27,5;25;100;82;84;;;;
2024/02/05;1200 UTC;0;991,7;992,4;991,7;5,5;30,6;23,5;30,6;28,4;25,2;23,4;84;66;66;;;;
2024/02/05;1300 UTC;0;991,5;991,8;991,4;;32;23,3;32,6;30,5;23,9;22,9;66;59;60;;;;
2024/02/05;1400 UTC;0;991;991,5;990,9;3,3;33,5;22,7;34;31,8;23,6;22,6;60;53;53;;;;
2024/02/05;1500 UTC;0;989,9;991;989,8;;34,9;22,6;35,2;32,5;23,6;22,1;56;49;49;;;;
2024/02/05;1600 UTC;0;988,5;989,9;988,5;;36,5;22,5;36,5;33,4;22,6;21,6;51;45;45;;;;
2024/02/05;1700 UTC;0;987,8;988,7;987,8;;36,4;21;37,1;34,8;22,5;20,6;47;40;41;;;;
2024/02/05;1800 UTC;0;986,7;987,8;986,7;;36,6;20;37,4;35,8;21;19,6;42;37;38;;;;
2024/02/05;1900 UTC;0;986,1;986,7;986,1;;36,8;20;37,5;36;20,6;19,4;39;36;38;;;;
2024/02/05;2000 UTC;0;986,9;986,9;986,1;,1;34,2;21,4;36,9;34,2;21,6;19,8;47;37;47;;;;
2024/02/05;2100 UTC;0;987,4;987,5;986,9;;32,9;22;34,2;32,9;22;21,4;53;47;53;;;;
2024/02/05;2200 UTC;0;988,6;988,6;987,4;40;30,7;22,2;32,9;30,7;22,2;21,8;60;53;60;;;;
2024/02/05;2300 UTC;0;989,8;989,8;988,6;;29,3;23,9;30,7;29,3;24;22,2;73;60;73;;;;
2024/02/06;0000 UTC;0;990,7;990,7;989,8;;28,2;25,1;29,3;28,2;25,1;23,7;83;73;83;;;;
2024/02/06;0100 UTC;0;991,2;991,2;990,7;;27,4;27,4;28,3;27,4;27,4;25,1;100;83;100;;;;
2024/02/06;0200 UTC;0;991,4;991,5;991,2;;26,8;26,8;27,4;26,8;27,4;26,8;100;100;100;;;;
2024/02/06;0300 UTC;0;991,3;991,5;991,2;120,7;26,9;27;27;26,8;27;26,8;100;100;100;;;;
2024/02/06;0400 UTC;0;990,7;991,3;990,7;93,5;27;27,1;27,2;26,9;27,2;26,9;100;100;100;;;;
2024/02/06;0500 UTC;0;990,6;990,7;990,5;14;26,8;26,8;27;26,7;27;26,8;100;100;100;;;;
2024/02/06;0600 UTC;0;990,7;990,7;990,5;173;26,7;;26,9;26,6;;;;;;;;;
2024/02/06;0700 UTC;0;990,9;990,9;990,6;108,2;26,1;;26,7;26,1;;;;;;;;;
2024/02/06;0800 UTC;0;991;991;990,7;25,3;25,6;;26;25,5;;;;;;;;;
2024/02/06;0900 UTC;0;991,6;991,6;991;903,9;25,6;;25,7;25,4;;;;;;;;;
2024/02/06;1000 UTC;0;992,6;992,6;991,6;1278,5;26,9;;26,9;25,6;;;;;;;;;
2024/02/06;1100 UTC;0;993,4;993,4;992,6;467,1;28,2;27,6;28,5;26,7;28,3;26,7;100;96;97;;;;
2024/02/06;1200 UTC;0;993,5;993,6;993,4;80,9;29,6;25,9;30,1;28,2;27,9;25,9;97;80;80;;;;
2024/02/06;1300 UTC;0;993;993,5;992,9;62,3;32,1;24,1;33,1;29,4;26,3;24,1;81;61;63;;;;
2024/02/06;1400 UTC;0;992,2;993;992,2;102,5;33,4;22,8;34,1;31,8;24,5;22,8;64;52;54;;;;
2024/02/06;1500 UTC;0;991,3;992,2;991,3;;35,4;22,2;35,7;33;23,7;22,1;55;47;47;;;;
2024/02/06;1600 UTC;0;990,1;991,3;990,1;;36,5;20,9;36,6;34,5;22,7;20,8;49;40;40;;;;
2024/02/06;1700 UTC;0;989;990,1;989;;36,7;20,4;37,6;35,6;21,4;19,9;42;37;39;;;;
2024/02/06;1800 UTC;0;988,3;989,1;988,3;;37,2;20,2;37,4;35,7;20,9;19,9;41;37;37;;;;
2024/02/06;1900 UTC;0;988,1;988,4;988;;36;19,6;37,9;36;20,3;19,5;39;35;38;;;;
2024/02/06;2000 UTC;0;988,4;988,5;988,1;;34,1;21,6;36;33,9;21,7;19,5;49;38;48;;;;
2024/02/06;2100 UTC;0;989,2;989,2;988,4;;32,4;21,8;34,4;32,4;21,8;21,2;54;47;54;;;;
2024/02/06;2200 UTC;0;990,3;990,3;989,2;;30,5;22,5;32,4;30,5;22,5;21,8;62;54;62;;;;
2024/02/06;2300 UTC;0;991;991;990,3;322;29,2;23,8;30,5;29,1;23,8;22,6;73;62;73;;;;
2024/02/07;0000 UTC;0;991,7;991,7;991;598,4;28,1;25,6;29,2;28,1;25,6;23,8;87;73;87;;;;
2024/02/07;0100 UTC;0;992,1;992,1;991,7;1074,6;27,3;27,3;28,1;27,3;27,6;25,7;100;87;100;;;;
2024/02/07;0200 UTC;0;991,8;992,2;991,8;1809,9;27,1;27,1;27,3;27,1;27,4;27,1;100;100;100;;;;
2024/02/07;0300 UTC;0;991,1;991,8;991,1;742,7;26,8;;27,1;26,8;;;;;;;;;
2024/02/07;0400 UTC;0;990,5;991,1;990,5;450,4;26,9;;26,9;26,7;;;;;;;;;
2024/02/07;0500 UTC;0;989,8;990,5;989,8;1184,6;26,5;;26,9;26,5;;;;;;;;;
2024/02/07;0600 UTC;0;989,7;989,8;989,6;2460,2;26,4;;26,6;26,3;;;;;;;;;
2024/02/07;0700 UTC;0;990;990;989,6;2466,1;26,2;;26,6;26,2;;;;;;;;;
2024/02/07;0800 UTC;0;990,5;990,5;990;2593,9;25,6;;26,2;25,6;;;;;;;;;
2024/02/07;0900 UTC;0;990,7;990,8;990,4;1855,7;25,7;;25,7;25,4;;;;;;;;;
2024/02/07;1000 UTC;,6;991,4;991,4;990,7;4155,6;26,3;;26,3;25,4;;;;;;;;;
2024/02/07;1100 UTC;0;991,7;991,8;991,4;2634,9;28,4;28,4;28,4;26,3;;;;;100;;;;
2024/02/07;1200 UTC;0;991,7;991,8;991,6;1407,2;29;27,4;29,9;28,2;29,6;27,3;100;88;91;;;;
2024/02/07;1300 UTC;0;991,4;991,7;991,4;533,9;31,4;25,6;31,5;29;27,8;25,3;92;72;72;;;;
2024/02/07;1400 UTC;0;990,9;991,5;990,8;39,8;31,8;23,9;33,5;30,8;25,9;23,9;72;60;63;;;;
2024/02/07;1500 UTC;0;989,9;990,9;989,9;50,6;34,4;23;34,9;31,7;24,6;22,7;64;51;52;;;;
2024/02/07;1600 UTC;0;988,9;989,9;988,9;;35,8;22,3;35,9;34;23,3;22;53;45;46;;;;
2024/02/07;1700 UTC;0;988;988,9;988;;36,8;20,8;37,5;34,9;22,5;20,6;46;39;40;;;;
2024/02/07;1800 UTC;0;987,3;988;987,3;;35,9;21,6;37,7;35,5;21,6;19,7;45;35;43;;;;
2024/02/07;1900 UTC;0;987,5;987,6;987,1;76,7;29,6;26,5;37,8;29,6;26,5;21;83;40;83;;;;
2024/02/07;2000 UTC;0;987,7;987,7;987,4;;34,2;23,3;34,2;29,4;27,3;23,2;88;53;53;;;;
2024/02/07;2100 UTC;0;988,2;988,2;987,7;;32,5;22,2;34,2;32,5;23,2;22,2;55;51;55;;;;
2024/02/07;2200 UTC;0;989;989;988,2;;31,2;22,3;32,5;31,2;22,3;21,9;59;54;59;;;;
2024/02/07;2300 UTC;0;989,6;989,6;989;,1;29,5;23,3;31,2;29,5;23,3;22,3;70;59;70;;;;
2024/02/08;0000 UTC;0;990,8;990,8;989,6;;28,4;24,6;29,5;28,4;24,6;23,3;80;70;80;;;;
2024/02/08;0100 UTC;0;991,3;991,3;990,8;;27,4;27,4;28,4;27,4;27,4;24,6;100;80;100;;;;
2024/02/08;0200 UTC;0;991,3;991,4;991,3;;27,2;27,3;27,4;27,1;27,4;27,1;100;100;100;;;;
2024/02/08;0300 UTC;0;990,9;991,3;990,9;;27;;27,3;27;;;;;;;;;
2024/02/08;0400 UTC;0;990,3;990,9;990,3;;26,7;;27;26,7;;;;;;;;;
2024/02/08;0500 UTC;0;989,7;990,3;989,7;45,9;26,8;;26,8;26,6;;;;;;;;;
2024/02/08;0600 UTC;0;989,4;989,7;989,4;2,6;26,5;;26,8;26,5;;;;;;;;;
2024/02/08;0700 UTC;0;989,3;989,5;989,3;;26;;26,5;26;;;;;;;;;
2024/02/08;0800 UTC;0;989,6;989,6;989,3;24,6;25,8;;26,1;25,8;;;;;;;;;
2024/02/08;0900 UTC;0;990;990;989,6;25,1;25,7;;26,1;25,7;;;;;;;;;
2024/02/08;1000 UTC;0;990,5;990,6;990;262,9;27,6;;27,6;25,7;;;;;;;;;
2024/02/08;1100 UTC;0;991,1;991,1;990,5;;28,1;28,1;28,9;27,2;;;;;100;;;;
2024/02/08;1200 UTC;0;991,5;991,5;991,1;42,2;30;27,6;30,5;28,1;29,6;27,4;100;86;87;;;;
2024/02/08;1300 UTC;0;991,2;991,5;991,1;47,5;31,8;26;32,5;29,9;28,4;25,4;88;70;71;;;;
2024/02/08;1400 UTC;0;990,5;991,3;990,5;89,8;33,9;24,7;34,4;31,5;26;24,4;72;57;59;;;;
2024/02/08;1500 UTC;0;989,3;990,5;989,3;0;34,5;23,4;35,4;33;25,2;22,7;60;50;52;;;;
2024/02/08;1600 UTC;0;988,4;989,3;988,4;;35,8;22,4;36,8;34,2;23,8;22,3;52;46;46;;;;
2024/02/08;1700 UTC;0;987,4;988,4;987,3;;36,4;22,3;36,8;34,8;23,3;21,4;49;43;44;;;;
2024/02/08;1800 UTC;0;987,1;987,6;987,1;221,2;33,7;22,7;36,4;32,5;24,6;22;62;44;53;;;;
2024/02/08;1900 UTC;0;986,7;987,2;986,7;35;35,4;21,9;35,8;33,6;22,6;21,1;53;45;46;;;;
2024/02/08;2000 UTC;0;986,8;986,8;986,6;163;34,7;21,3;35,5;34,5;22,3;21,3;48;46;46;;;;
2024/02/08;2100 UTC;0;987,4;987,4;986,7;241,3;33;22,1;34,7;33;22,1;21,2;53;46;53;;;;
2024/02/08;2200 UTC;0;988,1;988,1;987,4;298,6;31,2;22,4;33;31,2;22,4;21,9;60;53;60;;;;
2024/02/08;2300 UTC;0;989,4;989,4;988,1;429,2;29,6;23,8;31,1;29,6;23,8;22,4;71;60;71;;;;
2024/02/09;0000 UTC;0;990,7;990,7;989,4;635,7;28,5;24,9;29,6;28,5;24,9;23,8;81;71;81;;;;
2024/02/09;0100 UTC;0;991,1;991,1;990,7;903,1;27,5;26,8;28,5;27,5;26,8;24,9;97;81;97;;;;
2024/02/09;0200 UTC;0;991,4;991,4;991;1536,1;27,2;27,3;27,5;27,2;27,5;26,9;100;97;100;;;;
2024/02/09;0300 UTC;0;990,8;991,4;990,8;1905,1;26,9;;27,3;26,9;;;;;;;;;
2024/02/09;0400 UTC;0;990,3;990,8;990,3;2049,3;27;;27,1;26,9;;;;;;;;;
2024/02/09;0500 UTC;0;990;990,4;990;2132,2;26,8;;27,1;26,7;;;;;;;;;
2024/02/09;0600 UTC;0;989,8;990;989,7;2462,7;26,7;;26,8;26,6;;;;;;;;;
2024/02/09;0700 UTC;0;989,8;989,8;989,6;2430,3;26,6;;26,8;26,6;;;;;;;;;
2024/02/09;0800 UTC;0;990;990;989,7;2328,6;26,4;;26,6;26,4;;;;;;;;;
2024/02/09;0900 UTC;0;990,4;990,4;990;2289,3;26,2;;26,4;26,1;;;;;;;;;
2024/02/09;1000 UTC;0;990,9;990,9;990,4;1672,3;26,8;;26,8;26,2;;;;;;;;;
2024/02/09;1100 UTC;0;991,6;991,6;990,9;852,7;28,4;28,4;28,5;26,8;28,5;27,1;100;98;100;;;;
2024/02/09;1200 UTC;0;991,6;991,7;991,5;746,6;30,1;28;30,2;27,9;28,9;27,5;100;87;88;;;;
2024/02/09;1300 UTC;0;991,7;991,8;991,5;541,1;31,5;26,7;31,8;29,9;28,1;26,4;88;76;76;;;;
2024/02/09;1400 UTC;0;990,9;991,7;990,9;204,7;34,2;25,4;34,3;30,8;27,2;25,2;79;59;60;;;;
2024/02/09;1500 UTC;,6;990;990,9;990;112,3;33,2;28,5;34,5;29,8;30;24,6;100;59;76;;;;
2024/02/09;1600 UTC;6,6;989,1;990,3;989,1;1420;29,7;;33,7;27,3;;;;;;;;;
2024/02/09;1700 UTC;7,2;989,2;989,7;989;5923,6;26,8;;31,1;25,4;;;;;;;;;
2024/02/09;1800 UTC;0;988,4;989,2;988,4;4002,5;27,7;;28;26,7;;;;;;;;;
2024/02/09;1900 UTC;0;987,6;988,4;987,6;1628,9;29,2;29,3;29,2;27,6;;;;;100;;;;
2024/02/09;2000 UTC;0;988,1;988,1;987,6;1262,1;28,7;28,7;29,6;28,7;29,6;28,7;100;98;100;;;;
2024/02/09;2100 UTC;0;989;989,3;988,1;2581,1;25,7;;28,8;25,7;;;;;;;;;
2024/02/09;2200 UTC;0;989,5;989,5;989;3214,7;26,2;;26,2;25,7;;;;;;;;;
2024/02/09;2300 UTC;0;990,2;990,2;989,5;2481,8;26,5;;26,6;26,2;;;;;;;;;
2024/02/10;0000 UTC;0;991,4;991,4;990,2;1728,4;26,9;;27,1;26,3;;;;;;;;;
2024/02/10;0100 UTC;0;991,9;992;991,4;1425,1;27,9;27,9;27,9;26,9;;;;;100;;;;
2024/02/10;0200 UTC;0;991,8;992,1;991,8;1756,1;27,2;;27,9;27,2;27,9;26,9;100;98;;;;;
2024/02/10;0300 UTC;0;991,1;991,8;991,1;2211,1;26,7;;27,2;26,7;;;;;;;;;
2024/02/10;0400 UTC;0;990,5;991,1;990,5;2083,2;26,3;;26,7;26,1;;;;;;;;;
2024/02/10;0500 UTC;0;990,2;990,5;990,2;866,5;26,5;;26,5;26,2;;;;;;;;;
2024/02/10;0600 UTC;0;989,8;990,2;989,7;;26,2;;26,6;26,2;;;;;;;;;
2024/02/10;0700 UTC;0;989,7;989,9;989,7;;26,3;;26,5;26,2;;;;;;;;;
2024/02/10;0800 UTC;0;990,1;990,1;989,7;,3;26,3;;26,6;26,3;;;;;;;;;
2024/02/10;0900 UTC;0;990,5;990,5;990,1;8,7;25,8;;26,3;25,8;;;;;;;;;
2024/02/10;1000 UTC;0;991,3;991,3;990,5;;26,3;;26,3;25,8;;;;;;;;;
2024/02/10;1100 UTC;0;991,8;991,8;991,3;765,6;27,4;;27,4;26,3;;;;;;;;;
2024/02/10;1200 UTC;0;992,2;992,2;991,8;1348,2;28,8;28,8;28,9;27,4;28,9;27,5;100;97;100;;;;
2024/02/10;1300 UTC;0;992,1;992,2;992;1033,6;30,6;27;30,8;28,8;28,8;26,8;100;79;82;;;;
2024/02/10;1400 UTC;0;991,9;992,1;991,9;765,4;32,3;25,2;32,4;30,1;27,4;25,1;83;66;66;;;;
2024/02/10;1500 UTC;0;990,7;991,9;990,7;640,5;33,1;24,4;33,7;31,8;25,9;24,2;68;59;60;;;;
2024/02/10;1600 UTC;0;989,5;990,7;989,5;608,9;33,5;24,2;33,7;32,6;25;23,7;62;58;59;;;;
2024/02/10;1700 UTC;0;989,1;989,5;988,3;671,2;28,8;27,5;35,3;28,8;27,5;23,6;93;53;93;;;;
2024/02/10;1800 UTC;,2;989,8;990;989,1;2707,4;25,2;;28,8;25,2;;;;;;;;;
2024/02/10;1900 UTC;0;989,8;989,8;989,3;2742,6;25,5;;25,6;24,8;;;;;;;;;
2024/02/10;2000 UTC;,2;991,3;991,6;989,8;2892,7;23,5;;25,9;23,5;;;;;;;;;
2024/02/10;2100 UTC;,6;990,4;991,3;990,4;3315,4;23,2;;23,5;23,1;;;;;;;;;
2024/02/10;2200 UTC;0;991,3;991,3;990,4;1379,2;23,6;;23,6;23,2;;;;;;;;;
2024/02/10;2300 UTC;,4;991,6;991,9;991,4;130,7;23,8;;24;23,5;;;;;;;;;
2024/02/11;0000 UTC;0;992,2;992,3;991,6;7,4;23,8;;24;23,6;;;;;;;;;
2024/02/11;0100 UTC;0;992,8;992,8;992,2;12,5;23,9;;23,9;23,7;;;;;;;;;
2024/02/11;0200 UTC;0;993,1;993,2;992,8;;23,9;;24;23,7;;;;;;;;;
2024/02/11;0300 UTC;0;992,3;993,1;992,3;;23,9;;24;23,8;;;;;;;;;
2024/02/11;0400 UTC;0;991,7;992,3;991,7;;24,1;;24,1;23,8;;;;;;;;;
2024/02/11;0500 UTC;0;991,2;991,7;991,1;;24,1;;24,2;24;;;;;;;;;
2024/02/11;0600 UTC;0;991,1;991,3;991;;24,4;;24,4;24;;;;;;;;;
2024/02/11;0700 UTC;0;990,8;991,1;990,8;;24,3;;24,4;24,3;;;;;;;;;
2024/02/11;0800 UTC;0;990,9;990,9;990,7;;24,3;;24,4;24,2;;;;;;;;;
2024/02/11;0900 UTC;0;991,2;991,2;990,9;;24,4;;24,5;24,3;;;;;;;;;
2024/02/11;1000 UTC;0;991,9;991,9;991,2;;25,6;;25,6;24,4;;;;;;;;;
2024/02/11;1100 UTC;0;992,7;992,7;991,9;519,7;26,7;;27,2;25,6;;;;;;;;;
2024/02/11;1200 UTC;0;993,1;993,1;992,7;1422,9;27,5;;27,5;26,5;;;;;;;;;
2024/02/11;1300 UTC;,2;993;993,3;992,9;1366,7;28,5;28,5;29;27,5;;;;;100;;;;
2024/02/11;1400 UTC;0;992,6;993;992,6;1172,1;30,4;28,1;30,6;28,5;30;28,1;100;87;87;;;;
2024/02/11;1500 UTC;0;991,3;992,6;991,3;1008,7;30,7;25,8;32,1;30,4;28,8;25,7;90;71;75;;;;
2024/02/11;1600 UTC;0;990,2;991,3;990,2;814;32,9;24,9;33,4;30,7;27,1;24,9;78;62;63;;;;
2024/02/11;1700 UTC;0;989;990,2;989;712;33,7;24,5;33,9;32,5;26;23,8;67;58;59;;;;
2024/02/11;1800 UTC;0;988;989,1;988;437,6;34;23,2;34,7;33,3;24,7;22,4;60;51;53;;;;
2024/02/11;1900 UTC;0;987,6;988;987,5;34,2;33,9;22,8;34,3;33,5;23,6;22,6;55;51;52;;;;
2024/02/11;2000 UTC;0;987,5;987,6;987,4;345,7;33,2;22,5;34,2;33,2;23;22,4;54;51;54;;;;
2024/02/11;2100 UTC;0;987,7;987,7;987,5;669,5;32,3;22,1;33,2;32,3;22,9;21,8;55;52;55;;;;
2024/02/11;2200 UTC;0;988,4;988,4;987,7;850,7;30;25;32,3;29,7;25;22;75;55;75;;;;
2024/02/11;2300 UTC;0;989,6;989,6;988,4;1721,3;28,6;28,1;30;28,6;28,7;25;100;75;97;;;;
2024/02/12;0000 UTC;0;990,4;990,4;989,6;1663,9;27,5;27,5;28,6;27,4;28,2;27,4;100;96;100;;;;
2024/02/12;0100 UTC;0;990,9;990,9;990,4;1642,5;26,8;26,8;27,5;26,7;27,5;26,8;100;100;100;;;;
2024/02/12;0200 UTC;0;991,2;991,2;990,9;1656,9;26,6;26,6;27;26,4;27;26,5;100;100;100;;;;
2024/02/12;0300 UTC;0;990,9;991,3;990,9;1648;26,5;26,5;26,6;26,2;26,6;26,2;100;100;100;;;;
2024/02/12;0400 UTC;0;990,5;990,9;990,5;1383,6;25,9;;26,5;25,9;;;;;;;;;
2024/02/12;0500 UTC;0;989,8;990,5;989,8;1366,7;25,5;;25,9;25,4;;;;;;;;;
2024/02/12;0600 UTC;0;989,7;989,8;989,6;1144,5;25,9;;26,1;25,5;;;;;;;;;
2024/02/12;0700 UTC;0;989,5;989,7;989,4;1290,1;26,2;;26,2;25,9;;;;;;;;;
2024/02/12;0800 UTC;0;989,7;989,7;989,4;1480,3;26,2;;26,3;26,2;;;;;;;;;
2024/02/12;0900 UTC;0;990;990;989,7;1644,7;26;;26,2;25,9;;;;;;;;;
2024/02/12;1000 UTC;0;990,7;990,7;990;1800,1;26,8;;26,8;26;;;;;;;;;
2024/02/12;1100 UTC;0;991,4;991,4;990,7;93,7;28,2;28,2;28,5;26,7;;;;;100;;;;
2024/02/12;1200 UTC;0;991,4;991,5;991,3;467,1;29,7;27,7;30,2;28,1;29,1;27,3;100;88;89;;;;
2024/02/12;1300 UTC;0;991;991,4;991;619;31,4;26,1;32;29,4;27,9;25,3;89;72;74;;;;
2024/02/12;1400 UTC;0;990,7;991;990,7;597,9;32,7;25,2;33,1;30,3;26,4;24,9;78;64;64;;;;
2024/02/12;1500 UTC;0;990,2;990,7;990,2;567,2;33,2;24,9;33,6;31,9;25,8;24,3;68;62;62;;;;
2024/02/12;1600 UTC;0;989,1;990,2;989,1;463;33,6;23,6;35,2;32,7;24,8;23,3;62;53;56;;;;
2024/02/12;1700 UTC;0;988,3;989,2;988,3;267,3;34,3;23;35,5;33,3;23,7;22,5;57;49;52;;;;
2024/02/12;1800 UTC;0;987,3;988,3;987,3;129,6;35,2;23,7;35,3;34,1;23,7;22,8;53;50;51;;;;
2024/02/12;1900 UTC;0;986,9;987,3;986,8;29,6;34,9;23,4;35,5;34,1;24,1;23,1;54;50;52;;;;
2024/02/12;2000 UTC;0;986,6;986,9;986,6;;34,4;22,8;35;34,3;23,7;22,6;53;50;51;;;;
2024/02/12;2100 UTC;0;987,1;987,1;986,6;25;33,2;21,9;34,4;33,2;22,8;21,8;52;50;51;;;;
2024/02/12;2200 UTC;0;987,8;987,8;987,1;462,6;31,5;22,3;33,2;31,5;22,3;21,8;58;51;58;;;;
2024/02/12;2300 UTC;0;989,2;989,2;987,8;604,3;30,5;26,9;31,5;30,5;26,9;22,3;81;58;81;;;;
2024/02/13;0000 UTC;0;990,5;990,5;989,2;1188,2;29;29;30,5;29;29,1;27;100;81;100;;;;
2024/02/13;0100 UTC;0;990,7;990,7;990,4;1399,4;28;28;29;28;29;28;100;100;100;;;;
2024/02/13;0200 UTC;0;991;991;990,6;1456;27,6;27,6;28;27,6;28;27,6;100;100;100;;;;
2024/02/13;0300 UTC;0;990,8;991;990,8;1117,8;26,8;;27,6;26,8;27,6;27,1;100;100;;;;;
2024/02/13;0400 UTC;0;990,1;990,8;990;589,5;26,2;;26,8;26,2;;;;;;;;;
2024/02/13;0500 UTC;0;989,7;990,1;989,6;1609;25,9;;26,2;25,9;;;;;;;;;
2024/02/13;0600 UTC;0;989,6;989,7;989,4;981,3;25,8;;25,9;25,8;;;;;;;;;
2024/02/13;0700 UTC;0;989,7;989,8;989,6;172,3;25,9;;25,9;25,8;;;;;;;;;
2024/02/13;0800 UTC;0;990;990;989,7;;25,2;;25,9;25,2;;;;;;;;;
2024/02/13;0900 UTC;0;990,2;990,2;989,9;;25,1;;25,3;25;;;;;;;;;
2024/02/13;1000 UTC;0;991,1;991,1;990,2;;27,2;;27,3;25,1;;;;;;;;;
2024/02/13;1100 UTC;0;992;992;991,1;;28;28;28;27,2;28,1;27,2;100;97;100;;;;
2024/02/13;1200 UTC;0;992;992,1;991,9;33,3;29,9;29,3;29,9;28;29,6;28;100;97;97;;;;
2024/02/13;1300 UTC;0;992;992,2;991,9;10,1;30,9;27,1;31,2;29,5;29,1;26,9;96;79;80;;;;
2024/02/13;1400 UTC;0;991,6;992,1;991,6;;33,2;26;33,6;30,7;27,5;26;80;65;66;;;;
2024/02/13;1500 UTC;0;990,7;991,6;990,7;;33;25,5;34,1;31,8;26,6;25,2;71;63;65;;;;
2024/02/13;1600 UTC;0;989,6;990,7;989,6;;33,8;24,9;34,7;32,9;26,2;24,7;65;59;60;;;;
2024/02/13;1700 UTC;0;988,4;989,6;988,4;;35;24,5;35,1;33,8;25,3;23,9;60;54;55;;;;
2024/02/13;1800 UTC;0;987,9;988,4;987,9;;33,5;24,8;35;33,1;25,3;23,6;63;54;60;;;;
2024/02/13;1900 UTC;0;987,9;988,2;987,8;;31,8;26;35,1;31,7;26,6;24,6;72;58;71;;;;
2024/02/13;2000 UTC;0;988,6;988,6;987,9;;31;25,9;32;31;26,2;25,1;75;68;74;;;;
2024/02/13;2100 UTC;0;989,3;989,4;988,6;;30;26,1;31,1;30;26,1;25,8;80;74;80;;;;
2024/02/13;2200 UTC;0;991,3;991,3;989,2;;29,2;27,4;30;29,2;27,5;26,1;90;80;90;;;;
2024/02/13;2300 UTC;1,8;994;994;991,3;1528,2;23,9;;29,3;23,6;;;;;;;;;
2024/02/14;0000 UTC;1;994,2;994,2;993,9;6496,5;23,5;;24;23,3;;;;;;;;;
2024/02/14;0100 UTC;1,2;993,8;994,2;993,8;6777,5;23,1;;23,6;23,1;;;;;;;;;
2024/02/14;0200 UTC;,4;992,9;993,8;992,9;6327,8;23,1;;23,3;23,1;;;;;;;;;
2024/02/14;0300 UTC;0;992,5;992,9;992,5;6008,8;22,7;;23,3;22,7;;;;;;;;;
2024/02/14;0400 UTC;0;992,3;992,8;992,3;4824,3;23;;23;22,7;;;;;;;;;
2024/02/14;0500 UTC;0;991,3;992,3;991,3;2616,9;23;;23;22,8;;;;;;;;;
2024/02/14;0600 UTC;0;990,8;991,3;990,8;792,6;23,1;;23,1;22,7;;;;;;;;;
2024/02/14;0700 UTC;0;990,9;991;990,8;;23,2;;23,4;22,9;;;;;;;;;
2024/02/14;0800 UTC;0;991,7;991,7;990,9;;23,2;;23,6;23,2;;;;;;;;;
2024/02/14;0900 UTC;0;992,1;992,2;991,7;;23,5;;23,6;23,2;;;;;;;;;
2024/02/14;1000 UTC;0;992,9;992,9;992,1;;24,5;;24,5;23,5;;;;;;;;;
2024/02/14;1100 UTC;0;993,7;993,7;992,9;;25,3;;25,5;24,5;;;;;;;;;
2024/02/14;1200 UTC;0;993,6;993,9;993,6;4,3;26,8;;26,8;25,3;;;;;;;;;
2024/02/14;1300 UTC;0;993,7;993,9;993,6;359,8;28,2;;28,7;26,8;;;;;;;;;
2024/02/14;1400 UTC;0;993,4;993,7;993,4;772,9;29;29;29,2;28;;;100;96;100;;;;
2024/02/14;1500 UTC;2,4;992,9;993,4;992,9;;25,5;;29,1;25,2;;;;;;;;;
2024/02/14;1600 UTC;0;991,6;992,9;991,6;2997,2;28,4;;28,4;25,5;;;;;;;;;
2024/02/14;1700 UTC;0;990,5;991,6;990,4;1749,4;31;30,5;31;28,4;;;;;97;;;;
2024/02/14;1800 UTC;3;990,6;990,6;990,1;605,5;24,1;;32,5;24,1;30,7;28;100;80;;;;;
2024/02/14;1900 UTC;9,6;990,1;990,8;990;;25,7;;25,7;23,2;;;;;;;;;
2024/02/14;2000 UTC;,6;991,6;992;990,1;3612,3;23,7;;26,4;23,7;;;;;;;;;
2024/02/14;2100 UTC;0;991,3;991,6;991;1044,7;23,9;;23,9;23,6;;;;;;;;;
2024/02/14;2200 UTC;0;992,2;992,3;991,3;4494,2;23,8;;23,9;23,5;;;;;;;;;
2024/02/14;2300 UTC;0;992,6;992,6;992,2;1587;23,8;;24;23,6;;;;;;;;;
2024/02/15;0000 UTC;0;993,2;993,2;992,6;;23,4;;23,8;23,3;;;;;;;;;
2024/02/15;0100 UTC;0;993,6;993,6;993;;23,3;;23,5;23,2;;;;;;;;;
2024/02/15;0200 UTC;0;993,4;993,7;993,4;;23,3;;23,5;23,2;;;;;;;;;
2024/02/15;0300 UTC;,2;992,6;993,6;992,6;;23,4;;23,5;23,3;;;;;;;;;
2024/02/15;0400 UTC;0;991,6;992,6;991,6;;23,7;;23,7;23,3;;;;;;;;;
2024/02/15;0500 UTC;0;991,4;991,6;991,4;;23,5;;23,8;23,5;;;;;;;;;
2024/02/15;0600 UTC;0;991,5;991,6;991,3;;23,6;;23,6;23,5;;;;;;;;;
2024/02/15;0700 UTC;0;992;992;991,5;;23,9;;24;23,6;;;;;;;;;
2024/02/15;0800 UTC;0;992,4;992,4;991,9;;24,5;;24,6;23,9;;;;;;;;;
2024/02/15;0900 UTC;0;992,5;992,5;992,4;;24,1;;24,5;24,1;;;;;;;;;
2024/02/15;1000 UTC;0;992,9;992,9;992,5;;24,9;;24,9;24,1;;;;;;;;;
2024/02/15;1100 UTC;0;993,2;993,2;992,9;;25,7;;25,7;24,9;;;;;;;;;
2024/02/15;1200 UTC;0;993;993,2;993;984,9;27,2;;27,4;25,6;;;;;;;;;
2024/02/15;1300 UTC;0;992,6;993;992,5;833,6;29,7;;29,7;27,2;;;;;;;;;
2024/02/15;1400 UTC;0;992,1;992,6;992,1;23,3;30,5;30,5;30,8;29;30,8;29;100;95;100;;;;
2024/02/15;1500 UTC;0;991,5;992,1;991,5;;31,9;29,8;32,1;30,4;31,8;29,2;100;87;89;;;;
2024/02/15;1600 UTC;0;990,7;991,5;990,7;;32,7;28,1;33,1;31,6;30,4;27,7;91;76;77;;;;
2024/02/15;1700 UTC;,8;990,5;990,7;989,9;52,9;28,6;28,6;32,9;28,6;29,3;27,2;100;75;100;;;;
2024/02/15;1800 UTC;3,8;988,7;990,6;988,7;1495,9;31,1;31,1;31,1;26;;;;;100;;;;
2024/02/15;1900 UTC;2;988,7;989;988,7;2423,1;26,8;;31,1;26,5;;;;;;;;;
2024/02/15;2000 UTC;0;990;990;988,6;3567,4;27,1;;27,7;26,8;;;;;;;;;
2024/02/15;2100 UTC;2,4;991,1;991,1;990;2038,1;25,4;;27,1;25,4;;;;;;;;;
2024/02/15;2200 UTC;0;991,7;991,7;991,1;4470,7;25,2;;25,5;25,2;;;;;;;;;
2024/02/15;2300 UTC;,8;992,3;992,3;991,7;5669,9;25,3;;25,3;25,1;;;;;;;;;
2024/02/16;0000 UTC;0;993,4;993,4;992,3;5670,1;24,9;;25,2;24,9;;;;;;;;;
2024/02/16;0100 UTC;0;993,8;993,8;993,4;2471,8;24,9;;24,9;24,8;;;;;;;;;
2024/02/16;0200 UTC;0;993,1;993,9;993,1;982,6;24,2;;25;24,2;;;;;;;;;
2024/02/16;0300 UTC;0;993,1;993,2;993;94,1;24,2;;24,3;24,1;;;;;;;;;
2024/02/16;0400 UTC;0;992,7;993,1;992,7;;24,1;;24,3;24,1;;;;;;;;;
2024/02/16;0500 UTC;0;992,1;992,7;992,1;;23,9;;24,2;23,8;;;;;;;;;
2024/02/16;0600 UTC;0;991,6;992,1;991,6;;23,8;;23,9;23,8;;;;;;;;;
2024/02/16;0700 UTC;0;991,5;991,6;991,4;;23,7;;23,8;23,7;;;;;;;;;
2024/02/16;0800 UTC;0;991,7;991,7;991,5;;23,9;;23,9;23,3;;;;;;;;;
2024/02/16;0900 UTC;0;992,3;992,3;991,7;;24;;24,2;23,8;;;;;;;;;
2024/02/16;1000 UTC;0;992,5;992,5;992,3;;25;;25;23,9;;;;;;;;;
2024/02/16;1100 UTC;0;993,3;993,3;992,5;392,1;25,6;;25,6;25;;;;;;;;;
2024/02/16;1200 UTC;0;993,4;993,5;993,3;1406,4;26,3;;26,4;25,5;;;;;;;;;
2024/02/16;1300 UTC;0;993,3;993,5;993,3;2162;28,3;;28,4;26,2;;;;;;;;;
2024/02/16;1400 UTC;0;993,1;993,3;993;2591,5;27,8;;28,3;27,6;;;;;;;;;
2024/02/16;1500 UTC;,2;992,3;993,1;992,3;2429,1;29,3;;29,4;27,6;;;;;;;;;
2024/02/16;1600 UTC;0;991,3;992,3;991,3;2113,9;30,8;29,8;31,3;29,1;31;28,3;100;91;94;;;;
2024/02/16;1700 UTC;0;990,1;991,3;990,1;2095,9;31;28,7;31,4;30,5;30,8;28,3;100;86;88;;;;
2024/02/16;1800 UTC;0;989,6;990,1;989,6;379,4;30,6;27,3;31,2;30,6;29,1;27,1;90;80;83;;;;
2024/02/16;1900 UTC;0;989,3;989,6;989,3;;30,6;27,2;31;30,5;28,3;26,7;86;80;82;;;;
2024/02/16;2000 UTC;0;989,4;989,4;989,3;;28,9;;30,6;28,9;29,9;27,2;100;83;;;;;
2024/02/16;2100 UTC;0;989,9;989,9;989,4;;27,8;;28,9;27,8;;;;;;;;;
2024/02/16;2200 UTC;0;990,2;990,2;989,9;;27;;27,8;27;;;;;;;;;
2024/02/16;2300 UTC;0;990,7;990,7;990,1;;26,6;;27;26,5;;;;;;;;;
2024/02/17;0000 UTC;0;991,5;991,5;990,7;;26;;26,7;26;;;;;;;;;
2024/02/17;0100 UTC;0;992,1;992,2;991,5;;25,8;;26,2;25,7;;;;;;;;;
2024/02/17;0200 UTC;0;992,1;992,1;991,9;;25,5;;25,8;25,5;;;;;;;;;
2024/02/17;0300 UTC;0;991,4;992,1;991,4;;25;;25,6;24,9;;;;;;;;;
2024/02/17;0400 UTC;0;991,1;991,4;991,1;;25,1;;25,1;24,8;;;;;;;;;
2024/02/17;0500 UTC;0;990,6;991,1;990,6;;24,5;;25;24,4;;;;;;;;;
2024/02/17;0600 UTC;0;990,5;990,6;990,4;;24,2;;24,5;24,2;;;;;;;;;
2024/02/17;0700 UTC;0;990,5;990,7;990,5;;24,1;;24,3;24,1;;;;;;;;;
2024/02/17;0800 UTC;0;990,8;990,8;990,4;;23,9;;24,2;23,9;;;;;;;;;
2024/02/17;0900 UTC;0;990,8;990,9;990,7;;23,9;;24;23,6;;;;;;;;;
2024/02/17;1000 UTC;0;991,1;991,1;990,7;;26,7;;26,7;23,8;;;;;;;;;
2024/02/17;1100 UTC;0;991,7;991,7;991,1;13,1;27,6;;28,3;26,7;;;;;;;;;
2024/02/17;1200 UTC;0;991,7;992;991,7;22,9;29,4;29,4;29,4;27,6;;;;;100;;;;
2024/02/17;1300 UTC;0;991,5;991,8;991,5;687,4;30;30;30,2;28,9;30,2;28,5;100;96;100;;;;
2024/02/17;1400 UTC;0;990,9;991,6;990,8;760,9;30,7;29,7;31,5;29,8;31,3;29;100;89;95;;;;
2024/02/17;1500 UTC;0;990,3;990,9;990,3;991,8;32,2;28;32,4;30,4;29,8;27,6;96;78;78;;;;
2024/02/17;1600 UTC;0;989,5;990,3;989,5;403,4;32,9;27,5;33,1;31,7;28,8;27,1;82;72;73;;;;
2024/02/17;1700 UTC;1,4;988,8;989,5;988,8;161,9;29;;33,6;27,2;;;;;;;;;
2024/02/17;1800 UTC;0;988;988,8;988;3151,1;32,6;29,6;32,6;29,1;31,6;29,1;100;83;85;;;;
2024/02/17;1900 UTC;,2;987,3;988,1;987,3;513,2;31,5;28,7;33;30,9;30,5;28;95;80;85;;;;
2024/02/17;2000 UTC;0;986,9;987,3;986,8;;31,5;29;31,8;31,3;29,7;28;89;81;87;;;;
2024/02/17;2100 UTC;0;987,4;987,4;986,9;;29,7;29,7;31,5;29,7;30,6;28,2;100;83;100;;;;
2024/02/17;2200 UTC;0;988;988;987,4;;28,3;;29,7;28,3;;;;;;;;;
2024/02/17;2300 UTC;0;989,3;989,3;988;;28;;28,5;27,8;;;;;;;;;
2024/02/18;0000 UTC;0;990,2;990,2;989,3;;27,2;;28;27,2;;;;;;;;;
2024/02/18;0100 UTC;0;990,6;990,6;990,2;;26,3;;27,2;26,3;;;;;;;;;
2024/02/18;0200 UTC;0;990,2;990,6;990,2;;25,9;;26,3;25,9;;;;;;;;;
2024/02/18;0300 UTC;0;989,8;990,2;989,8;;25,5;;25,9;25,5;;;;;;;;;
2024/02/18;0400 UTC;0;989,5;989,8;989,5;;25,5;;25,7;25,5;;;;;;;;;
2024/02/18;0500 UTC;0;989;989,5;989;;25,5;;25,6;25,5;;;;;;;;;
2024/02/18;0600 UTC;0;988,6;989;988,6;;25,5;;25,6;25,5;;;;;;;;;
2024/02/18;0700 UTC;0;988,9;988,9;988,6;;25,4;;25,6;25,4;;;;;;;;;
2024/02/18;0800 UTC;0;989,5;989,5;988,9;;25,5;;25,5;25,4;;;;;;;;;
2024/02/18;0900 UTC;0;989,8;989,8;989,5;;25,5;;25,6;25,5;;;;;;;;;
2024/02/18;1000 UTC;0;990,5;990,5;989,8;;26,5;;26,5;25,5;;;;;;;;;
2024/02/18;1100 UTC;0;991,3;991,3;990,5;;28;;28,3;26,5;;;;;;;;;
2024/02/18;1200 UTC;0;991,6;991,6;991,2;49,7;28,7;;29,2;28;;;;;;;;;
2024/02/18;1300 UTC;0;991,4;991,7;991,3;;30,8;30,8;30,8;28,6;;;;;100;;;;
2024/02/18;1400 UTC;0;990,5;991,4;990,5;71,9;30,4;30,4;31,8;30,1;31,8;30,1;100;100;100;;;;
2024/02/18;1500 UTC;1;989,6;990,5;989,6;249,6;27,5;;31,8;27,2;;;;;;;;;
2024/02/18;1600 UTC;,2;989,2;989,6;989,1;3318,8;28,6;;28,7;27,1;;;;;;;;;
2024/02/18;1700 UTC;,2;989,4;989,6;988,9;4374,3;24,5;;28,5;24,5;;;;;;;;;
2024/02/18;1800 UTC;2;988,1;989,4;988,1;524,1;23,9;;24,5;23,4;;;;;;;;;
2024/02/18;1900 UTC;0;987,7;988,1;987,5;6202,2;23,9;;24;23,7;;;;;;;;;
2024/02/18;2000 UTC;0;988,7;988,7;987,7;3218,5;24,4;;24,4;23,8;;;;;;;;;
2024/02/18;2100 UTC;0;988,5;989;988,5;1107,9;24,3;;24,4;24,1;;;;;;;;;
2024/02/18;2200 UTC;,4;989,3;989,3;988;1102;24,4;;24,4;24,2;;;;;;;;;
2024/02/18;2300 UTC;,2;989,4;989,6;989,3;169,2;24,2;;24,5;24,2;;;;;;;;;
2024/02/19;0000 UTC;0;990,2;990,2;989,4;;24,4;;24,4;24,2;;;;;;;;;
2024/02/19;0100 UTC;0;990,6;990,7;990,2;;24,7;;24,7;24,4;;;;;;;;;
2024/02/19;0200 UTC;0;990,3;990,6;990,2;;24,9;;24,9;24,6;;;;;;;;;
2024/02/19;0300 UTC;1,4;990,5;990,6;990;225,4;23,6;;24,9;23,6;;;;;;;;;
2024/02/19;0400 UTC;,6;989,7;990,5;989,7;3691,3;23,5;;23,6;23,4;;;;;;;;;
2024/02/19;0500 UTC;0;988,8;989,7;988,8;5576,6;23,6;;23,7;23,5;;;;;;;;;
2024/02/19;0600 UTC;0;988,2;988,8;988,2;5331,8;23,3;;23,6;23,3;;;;;;;;;
2024/02/19;0700 UTC;0;987,9;988,3;987,9;5011,8;23;;23,3;23;;;;;;;;;
2024/02/19;0800 UTC;0;988,5;988,5;987,8;4200;23,1;;23,1;22,9;;;;;;;;;
2024/02/19;0900 UTC;0;989,3;989,3;988,5;2757,9;22,8;;23,1;22,6;;;;;;;;;
2024/02/19;1000 UTC;0;990,1;990,1;989,3;1176,9;23,6;;23,6;22,8;;;;;;;;;
2024/02/19;1100 UTC;,2;990,8;990,8;990,1;;24,1;;24,2;23,6;;;;;;;;;
2024/02/19;1200 UTC;0;991;991;990,8;;24,9;;24,9;24;;;;;;;;;
2024/02/19;1300 UTC;0;991;991;990,8;1899,2;25,4;;25,6;24,9;;;;;;;;;
2024/02/19;1400 UTC;2,2;991;991,1;990,9;637,2;25;;25,5;24,7;;;;;;;;;
2024/02/19;1500 UTC;0;990,2;991;990,2;2037,8;27,1;;27,3;25;;;;;;;;;
2024/02/19;1600 UTC;0;988,9;990,2;988,9;5928,7;29,2;;29,2;27;;;;;;;;;
2024/02/19;1700 UTC;,2;987,4;988,9;987,4;1479;31,2;31,2;31,2;29;;;;;100;;;;
2024/02/19;1800 UTC;0;986,6;987,4;986,6;64,4;31,9;31,2;31,9;30,7;31,8;30,7;100;95;96;;;;
2024/02/19;1900 UTC;0;986,2;986,6;986,1;;30,4;30,4;32,2;30,2;32,1;29,7;100;92;100;;;;
2024/02/19;2000 UTC;11,2;987,2;987,3;986,1;276,7;24,6;;31;24,4;;;;;;;;;
2024/02/19;2100 UTC;,2;987,6;987,7;986,8;359,2;24,8;;25;24,5;;;;;;;;;
2024/02/19;2200 UTC;0;988,2;988,3;987,6;3637,1;25;;25;24,6;;;;;;;;;
2024/02/19;2300 UTC;,2;988,8;988,9;988,2;1256,1;25,1;;25,3;24,9;;;;;;;;;
2024/02/20;0000 UTC;0;989,5;989,5;988,8;71,6;25,4;;25,4;25;;;;;;;;;
2024/02/20;0100 UTC;0;989,1;989,6;989;;25,4;;25,5;25,3;;;;;;;;;
2024/02/20;0200 UTC;0;989;989,1;988,9;;25,4;;25,5;25,2;;;;;;;;;
2024/02/20;0300 UTC;0;988,7;989;988,7;;25,1;;25,4;25,1;;;;;;;;;
2024/02/20;0400 UTC;0;988,3;988,7;988,3;;25;;25,1;24,9;;;;;;;;;
2024/02/20;0500 UTC;0;987,9;988,3;987,9;;24,9;;25,1;24,9;;;;;;;;;
2024/02/20;0600 UTC;0;987,5;987,9;987,4;;24,7;;25;24,7;;;;;;;;;
2024/02/20;0700 UTC;0;987,7;987,7;987,4;;24,5;;24,7;24,5;;;;;;;;;
2024/02/20;0800 UTC;0;988;988;987,7;;24,5;;24,5;24,4;;;;;;;;;
2024/02/20;0900 UTC;0;988,4;988,4;988;;24,6;;24,6;24,3;;;;;;;;;
2024/02/20;1000 UTC;0;989,2;989,2;988,4;;25,2;;25,2;24,6;;;;;;;;;
2024/02/20;1100 UTC;0;990,1;990,1;989,2;2348,3;26,4;;26,6;25,2;;;;;;;;;
2024/02/20;1200 UTC;2,6;991,6;991,6;990,1;473,6;22,1;;26,6;21,8;;;;;;;;;
2024/02/20;1300 UTC;3;991,3;991,8;991,3;4248,5;23,6;;23,6;22;;;;;;;;;
2024/02/20;1400 UTC;0;990,2;991,3;990,2;3955,3;26,5;;26,6;23,5;;;;;;;;;
2024/02/20;1500 UTC;0;989,3;990,2;989,3;3977,1;26,5;;27,1;25,9;;;;;;;;;
2024/02/20;1600 UTC;,2;987,7;989,3;987,7;867,3;28,2;;28,5;26,5;;;;;;;;;
2024/02/20;1700 UTC;0;987,2;987,7;987,2;26,1;28,8;;29,5;28,2;;;;;;;;;
2024/02/20;1800 UTC;0;986,6;987,2;986,6;1032,4;28,7;;29,2;28,5;;;;;;;;;
2024/02/20;1900 UTC;0;986,1;986,6;986,1;,4;28,9;;29,1;28,6;;;;;;;;;
2024/02/20;2000 UTC;0;986,8;986,8;986,1;210,1;28,5;;29;28,5;;;;;;;;;
2024/02/20;2100 UTC;0;987,6;987,6;986,8;;27,3;;28,5;27,3;;;;;;;;;
2024/02/20;2200 UTC;0;988,4;988,4;987,6;12,9;26,5;;27,3;26,5;;;;;;;;;
2024/02/20;2300 UTC;0;989,6;989,6;988,4;2111,9;26,3;;26,5;26,3;;;;;;;;;
2024/02/21;0000 UTC;0;990,4;990,4;989,6;2363,9;25,9;;26,4;25,9;;;;;;;;;
2024/02/21;0100 UTC;0;990,7;990,8;990,4;1721,4;25,6;;25,9;25,6;;;;;;;;;
2024/02/21;0200 UTC;0;990,2;990,7;990,2;2979,3;25;;25,6;25;;;;;;;;;
2024/02/21;0300 UTC;0;989,5;990,2;989,5;2853,7;24,7;;25;24,7;;;;;;;;;
2024/02/21;0400 UTC;0;989,1;989,5;989,1;1758,4;24;;24,7;24;;;;;;;;;
2024/02/21;0500 UTC;0;988,9;989,2;988,9;;24,1;;24,3;24;;;;;;;;;
2024/02/21;0600 UTC;0;988,5;988,9;988,5;;24;;24,2;24;;;;;;;;;
2024/02/21;0700 UTC;0;988,6;988,7;988,5;;24,2;;24,2;24;;;;;;;;;
2024/02/21;0800 UTC;0;989,1;989,1;988,5;;24,4;;24,4;24,1;;;;;;;;;
2024/02/21;0900 UTC;1,4;989,6;989,6;989,1;;23,6;;24,4;23,6;;;;;;;;;
2024/02/21;1000 UTC;1,6;990,2;990,2;989,6;;23,4;;23,6;23,2;;;;;;;;;
2024/02/21;1100 UTC;1,6;991,1;991,1;990,2;;24,3;;24,3;23,4;;;;;;;;;
2024/02/21;1200 UTC;,4;991,4;991,4;991,1;87,4;25,6;;25,6;24,1;;;;;;;;;
2024/02/21;1300 UTC;0;991,4;991,5;991,4;2254,2;26,6;;26,6;25,6;;;;;;;;;
2024/02/21;1400 UTC;0;991;991,4;991;2652,5;27,7;;28,1;26,6;;;;;;;;;
2024/02/21;1500 UTC;0;990,5;991;990,3;360,3;26,6;;28,9;26,6;;;;;;;;;
2024/02/21;1600 UTC;,4;989,7;990,7;989,7;578,4;24,6;;26,6;24;;;;;;;;;
2024/02/21;1700 UTC;0;988,1;989,7;988,1;5387,8;27,8;;27,8;24,6;;;;;;;;;
2024/02/21;1800 UTC;0;987,3;988,1;987,3;4113,6;28,6;;28,6;27,5;;;;;;;;;
2024/02/21;1900 UTC;0;986,8;987,3;986,7;1704;27,9;;28,9;27,8;;;;;;;;;
2024/02/21;2000 UTC;0;987,3;987,3;986,8;198,9;27,7;;28;27,7;;;;;;;;;
2024/02/21;2100 UTC;0;988,1;988,1;987,2;;26,9;;27,7;26,9;;;;;;;;;
2024/02/21;2200 UTC;0;989,1;989,1;988,1;279;25,6;;27;25,6;;;;;;;;;
2024/02/21;2300 UTC;0;989,9;989,9;989,1;2570,3;25,2;;25,6;25,2;;;;;;;;;
2024/02/22;0000 UTC;0;990,5;990,5;989,9;765,9;25;;25,2;24,9;;;;;;;;;
2024/02/22;0100 UTC;0;990,8;990,8;990,5;;24,9;;25;24,8;;;;;;;;;
2024/02/22;0200 UTC;0;990,7;990,9;990,7;;24,6;;24,9;24,5;;;;;;;;;
2024/02/22;0300 UTC;0;990,1;990,7;990,1;;24,5;;24,7;24,5;;;;;;;;;
2024/02/22;0400 UTC;0;989,4;990,1;989,4;;24,4;;24,6;24,4;;;;;;;;;
2024/02/22;0500 UTC;0;989,1;989,4;989;;24,3;;24,5;24,3;;;;;;;;;
2024/02/22;0600 UTC;0;989,1;989,1;989;;24;;24,3;24;;;;;;;;;
2024/02/22;0700 UTC;0;989,2;989,2;989;;23,8;;24;23,8;;;;;;;;;
2024/02/22;0800 UTC;0;989,5;989,5;989,2;;23,3;;23,8;23,3;;;;;;;;;
2024/02/22;0900 UTC;0;990;990;989,5;;23,4;;23,4;23,3;;;;;;;;;
2024/02/22;1000 UTC;0;990,5;990,5;990;;24,6;;24,6;23,4;;;;;;;;;
2024/02/22;1100 UTC;0;991,4;991,4;990,5;;27,5;;27,6;24,6;;;;;;;;;
2024/02/22;1200 UTC;,2;991,7;991,8;991,4;;28,6;;29,2;27,5;;;;;;;;;
2024/02/22;1300 UTC;0;991,8;991,8;991,7;;28,5;;29,3;28,1;;;;;;;;;
2024/02/22;1400 UTC;0;991,5;991,8;991,5;;29,6;;29,7;28,5;;;;;;;;;
2024/02/22;1500 UTC;0;990,6;991,5;990,6;;31,2;31,2;31,3;29,2;31,3;28,6;100;94;100;;;;
2024/02/22;1600 UTC;0;989,7;990,6;989,7;;30,5;30,5;31,2;30,1;30,9;30,2;100;100;100;;;;
2024/02/22;1700 UTC;0;988,5;989,7;988,5;;32,1;29,4;32,1;30,5;31,5;28,9;100;86;86;;;;
2024/02/22;1800 UTC;1,2;988;988,6;988;2209;29,2;;32,1;26,6;;;;;;;;;
2024/02/22;1900 UTC;0;987,6;988;987,6;938,4;30,9;30,5;30,9;29,2;30,8;29,6;100;97;98;;;;
2024/02/22;2000 UTC;0;988,2;988,3;987,6;271,7;29,5;29,5;31;29,4;30,9;28,4;100;89;100;;;;
2024/02/22;2100 UTC;0;988,8;988,9;988,2;;25,4;;29,6;25,4;;;;;;;;;
2024/02/22;2200 UTC;0;989,4;989,4;988,8;;24,8;;25,4;24,7;;;;;;;;;
2024/02/22;2300 UTC;0;990,4;990,4;989,4;;24,6;;24,9;24,6;;;;;;;;;
2024/02/23;0000 UTC;0;991;991;990,3;;25,2;;25,2;24,6;;;;;;;;;
2024/02/23;0100 UTC;0;991,3;991,4;991;;25,2;;25,4;25;;;;;;;;;
2024/02/23;0200 UTC;0;991,5;991,6;991,3;;24,6;;25,3;24,6;;;;;;;;;
2024/02/23;0300 UTC;0;991,2;991,5;991,2;;24,2;;24,6;24,2;;;;;;;;;
2024/02/23;0400 UTC;0;990,4;991,2;990,4;;24,1;;24,3;24,1;;;;;;;;;
2024/02/23;0500 UTC;0;989,7;990,4;989,7;;24,1;;24,2;24;;;;;;;;;
2024/02/23;0600 UTC;0;989,3;989,7;989,1;;24,1;;24,3;24;;;;;;;;;
2024/02/23;0700 UTC;0;989,7;989,8;989,3;;24,1;;24,2;24;;;;;;;;;
2024/02/23;0800 UTC;0;990,4;990,4;989,7;;24,1;;24,1;24;;;;;;;;;
2024/02/23;0900 UTC;1,6;991,2;991,2;990,4;;24,2;;24,3;24,1;;;;;;;;;
2024/02/23;1000 UTC;,2;992;992;991,2;;24,5;;24,5;24,2;;;;;;;;;
2024/02/23;1100 UTC;0;993;993;992;;24,4;;24,6;24,2;;;;;;;;;
2024/02/23;1200 UTC;0;993,5;993,5;993;;24,9;;24,9;24,2;;;;;;;;;
2024/02/23;1300 UTC;0;993,5;993,5;993,3;;25,1;;25,2;24,7;;;;;;;;;
2024/02/23;1400 UTC;0;993,3;993,5;993,2;963,7;27;;27,1;25,1;;;;;;;;;
2024/02/23;1500 UTC;,2;992,2;993,3;992,2;2540,1;27,8;;28,5;27;;;;;;;;;
2024/02/23;1600 UTC;0;991,5;992,3;991,5;39,9;26,9;;27,8;26,3;;;;;;;;;
2024/02/23;1700 UTC;0;990,1;991,5;990,1;;27,9;;27,9;26,9;;;;;;;;;
2024/02/23;1800 UTC;0;989,8;990,2;989,8;;28,2;;28,5;27,6;;;;;;;;;
2024/02/23;1900 UTC;0;989,6;989,8;989,4;;28,4;;28,6;28,1;;;;;;;;;
2024/02/23;2000 UTC;0;990,1;990,3;989,6;;28,1;;28,4;28,1;;;;;;;;;
2024/02/23;2100 UTC;0;992,6;992,6;990,1;;24,7;;28,2;24,7;;;;;;;;;
2024/02/23;2200 UTC;4;991,4;992,9;991;1634,8;22,1;;24,7;21,9;;;;;;;;;
2024/02/23;2300 UTC;,6;991,1;991,7;991;1713,2;22,1;;22,3;22;;;;;;;;;
2024/02/24;0000 UTC;0;991,9;992,1;991,1;434,8;22,4;;22,5;22,1;;;;;;;;;
2024/02/24;0100 UTC;0;993;993;991,9;;22,5;;22,5;22,4;;;;;;;;;
2024/02/24;0200 UTC;0;993,1;993,1;992,9;;22,7;;22,7;22,4;;;;;;;;;
2024/02/24;0300 UTC;0;992,3;993,1;992,3;;23,9;;24,3;22,6;;;;;;;;;
2024/02/24;0400 UTC;0;991,7;992,3;991,7;;22,7;;23,9;22,7;;;;;;;;;
2024/02/24;0500 UTC;0;991,1;991,7;991;;22,5;;22,7;22,4;;;;;;;;;
2024/02/24;0600 UTC;0;990,8;991,1;990,7;;22,6;;22,7;22,3;;;;;;;;;
2024/02/24;0700 UTC;0;991,3;991,3;990,7;;23,1;;23,1;22,5;;;;;;;;;
2024/02/24;0800 UTC;0;991,2;991,3;991,1;;22,7;;23,1;22,7;;;;;;;;;
2024/02/24;0900 UTC;0;991,7;991,7;991,3;;22,7;;22,9;22,6;;;;;;;;;
2024/02/24;1000 UTC;0;992,2;992,2;991,7;21,8;25;;25;22,7;;;;;;;;;
2024/02/24;1100 UTC;0;992,7;992,7;992,2;588,1;26,5;;26,8;25;;;;;;;;;
2024/02/24;1200 UTC;,2;992,8;992,9;992,7;;27,4;;27,6;26,5;;;;;;;;;
2024/02/24;1300 UTC;0;992,4;992,8;992,4;;28,9;;29,6;27,1;;;;;;;;;
2024/02/24;1400 UTC;0;991,9;992,4;991,9;;29,7;;29,9;28,5;;;100;92;;;;;
2024/02/24;1500 UTC;0;991,2;992;991,2;;30,1;30,1;30,4;29,1;30,4;29,1;100;97;100;;;;
2024/02/24;1600 UTC;0;990,3;991,2;990,3;;31,3;31;31,7;30,1;31,7;30,4;100;97;98;;;;
2024/02/24;1700 UTC;0;989,8;990,3;989,8;46,1;31;30,4;32,2;30,2;31,9;29,9;100;92;97;;;;
2024/02/24;1800 UTC;0;989,2;989,8;989,1;143,5;31,6;29,1;32,7;30,5;31,2;28;100;80;86;;;;
2024/02/24;1900 UTC;0;988,8;989,2;988,8;887,4;31,3;28,4;31,9;31,1;30,2;27,7;94;81;85;;;;
2024/02/24;2000 UTC;0;988,6;988,8;988,6;440,3;31,4;26,7;32,3;31;29,3;26,6;89;75;76;;;;
2024/02/24;2100 UTC;0;988,9;988,9;988,6;20,6;30,4;27;31,6;30,4;27,1;26,1;82;73;82;;;;
2024/02/24;2200 UTC;0;989,5;989,5;988,9;;27,7;;30,4;27,3;;;;;;;;;
2024/02/24;2300 UTC;0;990,3;990,3;989,5;;26,2;;27,7;26,2;;;;;;;;;
2024/02/25;0000 UTC;0;990,4;990,4;990,3;;25,3;;26,4;25,3;;;;;;;;;
2024/02/25;0100 UTC;0;990,4;990,5;990,4;;25,1;;25,3;24,9;;;;;;;;;
2024/02/25;0200 UTC;0;990,3;990,4;990,1;;25,1;;25,2;24,7;;;;;;;;;
2024/02/25;0300 UTC;0;990,1;990,3;990,1;;25,4;;25,4;24,7;;;;;;;;;
2024/02/25;0400 UTC;0;990,1;990,2;990,1;;25,6;;25,8;25,4;;;;;;;;;
2024/02/25;0500 UTC;0;989,8;990,1;989,8;;25,7;;25,7;25,6;;;;;;;;;
2024/02/25;0600 UTC;0;989,5;989,8;989,5;;25,8;;25,8;25,6;;;;;;;;;
2024/02/25;0700 UTC;0;989,6;989,6;989,5;;25,5;;25,8;25,5;;;;;;;;;
2024/02/25;0800 UTC;0;989,6;989,8;989,6;;25,7;;25,8;25,5;;;;;;;;;
2024/02/25;0900 UTC;0;990;990;989,6;;25,4;;25,7;25,4;;;;;;;;;
2024/02/25;1000 UTC;0;990,7;990,7;990;;26,3;;26,3;25,4;;;;;;;;;
2024/02/25;1100 UTC;0;991,3;991,3;990,7;;27,5;;27,7;26,3;;;;;;;;;
2024/02/25;1200 UTC;0;991,6;991,6;991,3;45,5;28,4;;28,7;27,5;;;;;;;;;
2024/02/25;1300 UTC;0;991,7;991,8;991,6;;29,8;;30,6;28,3;;;;;;;;;
2024/02/25;1400 UTC;0;991,1;991,7;991,1;;31,6;31,6;31,6;29,1;31,6;29,4;100;93;100;;;;
2024/02/25;1500 UTC;0;989,9;991,1;989,9;;30,8;30,9;32;30,2;32;30,2;100;100;100;;;;
2024/02/25;1600 UTC;0;989,1;990;989,1;;32,6;29,6;32,9;30,6;32,2;29,6;100;84;84;;;;
2024/02/25;1700 UTC;0;988,5;989,2;988,4;;31,8;29,1;32,7;31,3;30,3;28,8;92;82;86;;;;
2024/02/25;1800 UTC;0;987,8;988,5;987,7;;31,7;28,6;32,2;31,7;30,3;27,8;92;80;84;;;;
2024/02/25;1900 UTC;0;987,3;987,8;987,3;;31,1;31,1;32;31,1;31,5;28;100;80;100;;;;
2024/02/25;2000 UTC;0;988,2;988,2;987,3;;30;28,8;31,2;30;31,1;28,8;100;86;93;;;;
2024/02/25;2100 UTC;0;987,9;988,2;987,9;;28,6;;30;28,6;;;;;;;;;
2024/02/25;2200 UTC;0;988,7;988,7;987,8;;27,9;;28,6;27,6;;;;;;;;;
2024/02/25;2300 UTC;0;989,9;989,9;988,7;;27,1;;28,2;27;;;;;;;;;
2024/02/26;0000 UTC;0;990,8;990,8;989,9;;26,7;;27,2;26,7;;;;;;;;;
2024/02/26;0100 UTC;1;990,9;991,2;990,8;363,8;25,1;;26,7;25,1;;;;;;;;;
2024/02/26;0200 UTC;10,2;992;992,2;990,8;3755,6;23,3;;25,1;23,3;;;;;;;;;
2024/02/26;0300 UTC;12,4;990,6;992;990,6;4385,5;22,9;;23,3;22,8;;;;;;;;;
2024/02/26;0400 UTC;1;989,9;990,8;989,9;2360,1;23,2;;23,2;22,9;;;;;;;;;
2024/02/26;0500 UTC;1;988,9;989,9;988,8;1107,7;23;;23,2;22,9;;;;;;;;;
2024/02/26;0600 UTC;,2;988,5;989;988,5;336,4;23,2;;23,3;23;;;;;;;;;
2024/02/26;0700 UTC;0;989;989,1;988,5;;23,4;;23,5;23,2;;;;;;;;;
2024/02/26;0800 UTC;1,4;989,2;989,2;989;;23,4;;23,5;23,3;;;;;;;;;
2024/02/26;0900 UTC;4,8;989,4;989,4;989,2;2,5;23,6;;23,6;23,3;;;;;;;;;
2024/02/26;1000 UTC;0;990,2;990,2;989,4;77;24;;24;23,6;;;;;;;;;
2024/02/26;1100 UTC;,2;990,9;990,9;990,2;1,7;24,4;;24,4;23,7;;;;;;;;;
2024/02/26;1200 UTC;0;990,7;990,9;990,7;989,4;26,3;;26,4;24,4;;;;;;;;;
2024/02/26;1300 UTC;0;991,1;991,2;990,7;3388,5;28,6;;28,8;26,3;;;;;;;;;
2024/02/26;1400 UTC;0;990,6;991,1;990,6;126;29,3;29,3;29,4;28;;;;;100;;;;
2024/02/26;1500 UTC;0;989,7;990,6;989,7;;29,3;29,4;29,8;28,7;29,8;28,8;100;98;100;;;;
2024/02/26;1600 UTC;0;988,8;989,7;988,8;;29,7;29,6;30;27,9;;;100;91;99;;;;
2024/02/26;1700 UTC;0;987,7;988,8;987,7;;30,7;29,6;31;29,5;31;29;100;93;94;;;;
2024/02/26;1800 UTC;0;987,1;987,7;987,1;;30,6;30,1;31,6;30,5;31;28,9;100;88;97;;;;
2024/02/26;1900 UTC;0;986,8;987,1;986,8;;30,8;28,4;31,1;30,4;30,9;28,4;100;86;87;;;;
2024/02/26;2000 UTC;0;987,2;987,2;986,7;;30,3;30,3;30,8;30,2;30,5;28,6;100;87;100;;;;
2024/02/26;2100 UTC;0;987,6;987,6;987,2;;29,1;29,1;30,3;29,1;30,2;29,1;100;98;100;;;;
2024/02/26;2200 UTC;0;988,3;988,3;987,6;;28;;29,1;27,7;;;;;;;;;
2024/02/26;2300 UTC;0;989,1;989,1;988,3;557;26,9;;28;26,9;;;;;;;;;
2024/02/27;0000 UTC;0;989,5;989,6;989,1;;26,5;;26,9;26,4;;;;;;;;;
2024/02/27;0100 UTC;0;989,9;990,1;989,5;;25,7;;26,5;25,7;;;;;;;;;
2024/02/27;0200 UTC;0;989,7;990,2;989,7;;25,1;;25,7;25,1;;;;;;;;;
2024/02/27;0300 UTC;0;989,2;989,7;989,2;;24,8;;25,1;24,8;;;;;;;;;
2024/02/27;0400 UTC;0;988,3;989,2;988,3;;24,5;;24,8;24,5;;;;;;;;;
2024/02/27;0500 UTC;0;988,3;988,3;988,1;;24,7;;24,7;24,5;;;;;;;;;
2024/02/27;0600 UTC;,4;988,3;988,3;988,2;;24,4;;24,7;24,4;;;;;;;;;
2024/02/27;0700 UTC;2,2;988;988,3;988;2766,6;24,2;;24,4;24,1;;;;;;;;;
2024/02/27;0800 UTC;0;988,1;988,2;987,8;3014,1;24,1;;24,4;24;;;;;;;;;
2024/02/27;0900 UTC;0;988,4;988,4;988,1;1623,9;24,3;;24,3;24;;;;;;;;;
2024/02/27;1000 UTC;0;989,1;989,1;988,4;416,6;25,8;;25,8;24,2;;;;;;;;;
2024/02/27;1100 UTC;0;990;990;989,1;1890,9;26,2;;26,6;25,8;;;;;;;;;
2024/02/27;1200 UTC;0;990,1;990,3;990;216,4;27,4;;27,6;26,2;;;;;;;;;
2024/02/27;1300 UTC;0;990,1;990,2;990;238,6;28,5;;28,9;27,3;;;;;;;;;
2024/02/27;1400 UTC;0;989,8;990,1;989,8;1,5;30,1;30,1;30,4;28,5;;;;;100;;;;
2024/02/27;1500 UTC;0;989,2;989,9;989,1;;30,8;30,8;31,1;29,3;31,1;29,3;100;98;100;;;;
2024/02/27;1600 UTC;0;988;989,2;988;;31,5;31,5;31,5;29,7;31,5;29,7;100;99;100;;;;
2024/02/27;1700 UTC;0;987,1;988;987,1;;30,7;30,7;31,5;30,1;31,5;30,1;100;97;100;;;;
2024/02/27;1800 UTC;0;986,4;987,1;986,3;;29;;30,7;28,9;;;100;99;;;;;
2024/02/27;1900 UTC;0;986,9;987;986,4;;28,6;;29,1;28,4;;;;;;;;;
2024/02/27;2000 UTC;1,6;987,8;987,8;986,9;;26;;28,7;26;;;;;;;;;
2024/02/27;2100 UTC;8,6;988,5;988,5;987,5;3263,2;24,3;;25,9;23,7;;;;;;;;;
2024/02/27;2200 UTC;1;989,5;989,5;988,5;910,7;24,5;;24,5;24,1;;;;;;;;;
2024/02/27;2300 UTC;4;990,4;990,5;989,5;681,2;24,6;;24,6;24,3;;;;;;;;;
2024/02/28;0000 UTC;,6;990,8;990,9;990,3;245,8;24,8;;24,8;24,3;;;;;;;;;
2024/02/28;0100 UTC;14;991,1;991,1;990,7;123,7;24,5;;24,8;24,4;;;;;;;;;
2024/02/28;0200 UTC;13;991,5;991,7;991,1;18,7;23,1;;24,5;23,1;;;;;;;;;
2024/02/28;0300 UTC;2;990,9;991,5;990,9;,6;23,2;;23,3;23;;;;;;;;;
2024/02/28;0400 UTC;,6;990,7;991;990,6;;23,4;;23,5;23,2;;;;;;;;;
2024/02/28;0500 UTC;,6;990,6;990,9;990,5;;23,5;;23,5;23,3;;;;;;;;;
2024/02/28;0600 UTC;3;989,6;990,6;989,6;;23,1;;23,6;23,1;;;;;;;;;
2024/02/28;0700 UTC;0;989,2;989,6;989,1;;23,1;;23,1;22,9;;;;;;;;;
2024/02/28;0800 UTC;0;989,8;989,8;989,2;;23,2;;23,2;23,1;;;;;;;;;
2024/02/28;0900 UTC;0;990,1;990,1;989,8;;23,3;;23,3;23,1;;;;;;;;;
2024/02/28;1000 UTC;,2;990,7;990,7;990,1;;23,7;;23,7;23,2;;;;;;;;;
2024/02/28;1100 UTC;0;991,3;991,3;990,7;143,5;26,3;;26,6;23,7;;;;;;;;;
2024/02/28;1200 UTC;0;991,6;991,6;991,3;27,6;27,5;;27,6;26;;;;;;;;;
2024/02/28;1300 UTC;0;991,8;991,8;991,5;;28,7;28,7;29,1;27,4;;;;;100;;;;
2024/02/28;1400 UTC;0;991,8;991,9;991,7;;30;30;30,3;28,7;30,3;28,8;100;97;100;;;;
2024/02/28;1500 UTC;0;990,9;991,8;990,9;;29,7;29,7;30,8;29,6;30,8;29,6;100;100;100;;;;
2024/02/28;1600 UTC;0;990,1;990,9;990,1;;29,7;29,7;29,9;29,2;29,9;29,2;100;100;100;;;;
2024/02/28;1700 UTC;0;989,4;990,1;989,4;;29,3;29,3;30;29,3;29,9;29;100;98;100;;;;
2024/02/28;1800 UTC;0;988,7;989,4;988,7;;30;30;30,2;29,3;30,2;29,3;100;100;100;;;;
2024/02/28;1900 UTC;0;988,6;988,7;988,4;;30,2;30,2;30,9;29,9;30,8;29,7;100;98;100;;;;
2024/02/28;2000 UTC;0;989;989;988,6;;29,5;29,5;30,4;29,5;30,4;29,5;100;100;100;;;;
2024/02/28;2100 UTC;0;989,5;989,5;989;;28,4;;29,6;28,4;29,6;28;100;95;;;;;
2024/02/28;2200 UTC;0;990,2;990,2;989,5;;27,3;;28,4;27,3;;;;;;;;;
2024/02/28;2300 UTC;0;990,7;990,8;990,2;;26,8;;27,3;26,8;;;;;;;;;
2024/02/29;0000 UTC;0;991,4;991,4;990,7;;26,3;;26,8;26,3;;;;;;;;;
2024/02/29;0100 UTC;0;992,1;992,1;991,4;;26;;26,8;26;;;;;;;;;
2024/02/29;0200 UTC;0;992,4;992,4;992,1;;25,6;;26;25,6;;;;;;;;;
2024/02/29;0300 UTC;0;991,9;992,4;991,9;;25,2;;25,6;25,1;;;;;;;;;
2024/02/29;0400 UTC;0;991,5;991,9;991,5;;24,5;;25,2;24,5;;;;;;;;;
2024/02/29;0500 UTC;0;991;991,5;991;;24,4;;24,6;24,4;;;;;;;;;
2024/02/29;0600 UTC;0;990,7;991;990,7;;24,4;;24,5;24,3;;;;;;;;;
2024/02/29;0700 UTC;0;990,8;991;990,7;;24,4;;24,5;24,3;;;;;;;;;
2024/02/29;0800 UTC;0;990,6;990,8;990,6;;24;;24,4;24;;;;;;;;;
2024/02/29;0900 UTC;0;991,1;991,1;990,6;;24;;24,1;23,9;;;;;;;;;
2024/02/29;1000 UTC;0;991,5;991,5;991,1;;25,4;;25,4;24;;;;;;;;;
2024/02/29;1100 UTC;0;991,6;991,6;991,2;;27,4;;28,4;25,4;;;;;;;;;
2024/02/29;1200 UTC;0;991,8;991,8;991,6;;29,5;29,5;29,9;27,2;;;;;100;;;;
2024/02/29;1300 UTC;0;992;992,1;991,7;;29,1;;30,4;28,9;;;100;93;;;;;
2024/02/29;1400 UTC;0;991,6;992;991,6;;31;31;31,1;29,1;31;29,4;100;95;100;;;;
2024/02/29;1500 UTC;0;990,9;991,6;990,9;;32,1;30;32,2;30,4;31,8;29,4;100;85;88;;;;
2024/02/29;1600 UTC;0;989,7;990,9;989,7;;31,9;29,5;32,8;31,2;31,2;28,1;95;78;87;;;;
2024/02/29;1700 UTC;0;988,7;989,7;988,7;;32,2;28,2;33;31,9;32;27,8;100;77;80;;;;
2024/02/29;1800 UTC;0;988,1;988,7;988;;32,8;28,1;33,2;31,7;29,8;27,5;87;73;76;;;;
2024/02/29;1900 UTC;0;987,4;988,1;987,4;;32,9;26,9;33,3;32,6;28,7;26,2;79;68;71;;;;
2024/02/29;2000 UTC;0;987,9;987,9;987,4;;30,7;29,7;33;30,7;29,8;26,6;95;70;94;;;;
2024/02/29;2100 UTC;0;988,5;988,5;987,9;;29;29;30,7;29;30,4;29;100;95;100;;;;
2024/02/29;2200 UTC;0;989,5;989,5;988,5;;27,9;;29;27,6;;;;;;;;;
2024/02/29;2300 UTC;,4;990,4;990,4;989,5;115,8;26;;28,1;25,9;;;;;;;;;
2024/03/01;0000 UTC;0;991,5;991,5;990,4;;26,9;;27;25,7;;;;;;;;;
2024/03/01;0100 UTC;0;991,7;991,7;991,3;;25,7;;26,9;25,7;;;;;;;;;
2024/03/01;0200 UTC;0;990,9;991,8;990,9;;25,8;;25,9;25,6;;;;;;;;;
2024/03/01;0300 UTC;0;991,2;991,2;990,7;;25,4;;25,9;25,1;;;;;;;;;
2024/03/01;0400 UTC;0;990,5;991,2;990,5;;24,8;;25,4;24,7;;;;;;;;;
2024/03/01;0500 UTC;0;989,9;990,5;989,9;;24,7;;24,8;24,6;;;;;;;;;
2024/03/01;0600 UTC;0;989,6;989,9;989,5;;24,2;;24,8;24,2;;;;;;;;;
2024/03/01;0700 UTC;0;990,4;990,4;989,6;;24;;24,2;23,8;;;;;;;;;
2024/03/01;0800 UTC;0;990,3;990,5;990,3;;24,2;;24,3;24;;;;;;;;;
2024/03/01;0900 UTC;0;990,7;990,7;990,2;;24,3;;24,4;24,1;;;;;;;;;
2024/03/01;1000 UTC;0;991,2;991,2;990,7;;26,9;;27;24,3;;;;;;;;;
2024/03/01;1100 UTC;0;992,2;992,2;991,2;;27,7;;27,9;26;;;;;;;;;
2024/03/01;1200 UTC;0;992,3;992,5;992,2;;28,9;;29,6;27,7;;;;;;;;;
2024/03/01;1300 UTC;0;991,8;992,3;991,8;;30,3;30,3;30,4;28,7;30,4;28,7;100;95;100;;;;
2024/03/01;1400 UTC;,2;991,6;991,9;991,6;;30,4;29,1;31,6;30;31,3;28,3;100;86;92;;;;
2024/03/01;1500 UTC;0;990,8;991,6;990,7;;31,8;28,6;32,4;30,3;30,4;28,3;98;80;83;;;;
2024/03/01;1600 UTC;0;989,5;990,8;989,5;;32,2;29,5;32,8;31,1;30,8;27,1;94;75;86;;;;
2024/03/01;1700 UTC;0;988,6;989,5;988,6;;33,2;27,8;34,3;32,2;30,9;26,9;90;66;73;;;;
2024/03/01;1800 UTC;0;987,8;988,6;987,8;;31,9;28,1;33,8;31,8;29,4;26,6;82;69;80;;;;
2024/03/01;1900 UTC;0;987,6;987,8;987,5;;32,5;28,9;33,4;31,6;29,6;27;87;73;81;;;;
2024/03/01;2000 UTC;0;987,7;987,7;987,6;;31,3;29,9;32,7;31,3;31,3;27,8;100;78;92;;;;
2024/03/01;2100 UTC;0;988,3;988,3;987,7;;29,2;29,2;31,4;29,2;30,6;28,8;100;86;100;;;;
2024/03/01;2200 UTC;0;988,7;988,7;988,3;;27,5;;29,2;27,5;;;;;;;;;
2024/03/01;2300 UTC;0;989,2;989,2;988,6;;27,1;;27,5;26,9;;;;;;;;;
2024/03/02;0000 UTC;0;990;990;989,2;;26,9;;27,2;26,8;;;;;;;;;
2024/03/02;0100 UTC;0;990,7;990,7;990,1;;26,3;;26,9;26,3;;;;;;;;;
2024/03/02;0200 UTC;0;990,6;990,8;990,5;;25,9;;26,4;25,9;;;;;;;;;
2024/03/02;0300 UTC;0;990,2;990,6;990,2;;25,6;;26;25,6;;;;;;;;;
2024/03/02;0400 UTC;0;989,7;990,2;989,7;;25,2;;25,6;25,2;;;;;;;;;
2024/03/02;0500 UTC;0;989,1;989,7;989,1;;24,9;;25,2;24,9;;;;;;;;;
2024/03/02;0600 UTC;0;988,8;989,1;988,8;;24,4;;24,9;24,4;;;;;;;;;
2024/03/02;0700 UTC;0;988,8;988,8;988,6;;24,3;;24,6;24,3;;;;;;;;;
2024/03/02;0800 UTC;0;989,6;989,6;988,8;;24,5;;24,5;24,2;;;;;;;;;
2024/03/02;0900 UTC;0;990,3;990,3;989,6;;25;;25;24,5;;;;;;;;;
2024/03/02;1000 UTC;0;991;991;990,3;;26,8;;27;25;;;;;;;;;
2024/03/02;1100 UTC;0;991,3;991,3;991;;29;;29;26,7;;;;;;;;;
2024/03/02;1200 UTC;0;991,6;991,6;991,3;;30,2;;30,4;28,9;;;;;;;;;
2024/03/02;1300 UTC;0;991,3;991,6;991,3;;31;31;31,6;29,4;31,6;27,7;100;90;100;;;;
2024/03/02;1400 UTC;0;990,7;991,4;990,7;;31,1;31,1;32,3;30,5;32,3;30,6;100;98;100;;;;
2024/03/02;1500 UTC;0;989,5;990,7;989,5;;32,3;32,3;33,2;31;32,3;29,9;100;89;100;;;;
2024/03/02;1600 UTC;0;988,2;989,5;988,2;;32,1;31,3;32,9;31,5;32;29,5;100;86;96;;;;
2024/03/02;1700 UTC;0;986,6;988,2;986,6;1,8;33,2;30;34;31,5;32;28,8;100;76;84;;;;
2024/03/02;1800 UTC;0;986,2;986,6;986,2;35,1;32;30,1;33,6;32;31,1;28,2;93;75;89;;;;
2024/03/02;1900 UTC;0;985,7;986,2;985,6;37;33,3;28,5;33,6;31,9;30,1;27,3;91;71;76;;;;
2024/03/02;2000 UTC;0;986,2;986,2;985,4;137,6;32,4;28,7;33,3;32,4;29,4;27,6;83;73;81;;;;
2024/03/02;2100 UTC;0;986,9;986,9;986,2;;29,2;;32,4;29,2;30,4;28,6;100;81;;;;;
2024/03/02;2200 UTC;0;987,9;988,1;986,9;;27,5;;29,2;27,5;;;;;;;;;
2024/03/02;2300 UTC;0;989,6;989,6;987,9;;26,9;;27,5;26,8;;;;;;;;;
2024/03/03;0000 UTC;0;990,3;990,3;989,5;;26,2;;26,9;26;;;;;;;;;
2024/03/03;0100 UTC;0;991,2;991,2;990,3;;26,2;;26,2;26;;;;;;;;;
2024/03/03;0200 UTC;0;990,5;991,2;990,5;;26,3;;26,3;26;;;;;;;;;
2024/03/03;0300 UTC;0;989,9;990,5;989,9;;26,2;;26,4;26;;;;;;;;;
2024/03/03;0400 UTC;0;989,4;989,9;989,3;;25,7;;26,3;25,5;;;;;;;;;
2024/03/03;0500 UTC;0;988,8;989,4;988,8;;25;;25,7;25;;;;;;;;;
2024/03/03;0600 UTC;0;988,5;988,8;988,5;;25,5;;25,5;25;;;;;;;;;
2024/03/03;0700 UTC;0;988,9;988,9;988,5;;25,3;;25,5;25,2;;;;;;;;;
2024/03/03;0800 UTC;0;989,4;989,5;988,9;;25,4;;25,5;25,3;;;;;;;;;
2024/03/03;0900 UTC;0;989,4;989,6;989,4;;25,4;;25,6;25,4;;;;;;;;;
2024/03/03;1000 UTC;0;990,1;990,1;989,3;;26,2;;26,2;25,4;;;;;;;;;
2024/03/03;1100 UTC;0;990,3;990,4;990,1;;27,6;;27,6;26,2;;;;;;;;;
2024/03/03;1200 UTC;0;990,8;990,8;990,3;;28,2;;28,2;27,5;;;;;;;;;
2024/03/03;1300 UTC;0;991,1;991,2;990,8;;28,1;;29,1;27,9;;;;;;;;;
2024/03/03;1400 UTC;0;990,7;991,1;990,7;;29,7;29,7;29,9;28,1;;;;;100;;;;
2024/03/03;1500 UTC;0;989,6;990,7;989,6;;29,9;29,9;30,6;29,6;30,6;29,6;100;97;100;;;;
2024/03/03;1600 UTC;0;988,2;989,6;988,2;;30,3;30,3;30,4;29,6;30,3;29;100;92;100;;;;
2024/03/03;1700 UTC;0;987;988,2;987;;31,3;30,3;32,3;30,2;32,3;30;100;92;94;;;;
2024/03/03;1800 UTC;0;986,1;987;986;;32,4;30;32,8;31,3;32,2;29,1;100;84;87;;;;
2024/03/03;1900 UTC;2;987,6;987,6;986,2;113,8;24,5;;33;24,5;30,3;28,2;100;79;;;;;
2024/03/03;2000 UTC;1,4;987,7;987,8;987,5;;26,1;;26,3;24,5;;;;;;;;;
2024/03/03;2100 UTC;0;988,8;988,8;987,7;4415,1;26,4;;26,7;26,1;;;;;;;;;
2024/03/03;2200 UTC;0;989,5;989,5;988,8;3893,9;26,2;;26,4;26,1;;;;;;;;;
2024/03/03;2300 UTC;0;989,8;989,9;989,5;353;26;;26,2;26;;;;;;;;;
2024/03/04;0000 UTC;0;990,1;990,1;989,6;;25,4;;26;25,3;;;;;;;;;
2024/03/04;0100 UTC;0;990,8;990,8;990,1;;24,9;;25,4;24,9;;;;;;;;;
2024/03/04;0200 UTC;0;990,1;990,8;990,1;;24,4;;24,9;24,2;;;;;;;;;
2024/03/04;0300 UTC;0;990;990,3;990;;24,2;;24,5;24,2;;;;;;;;;
2024/03/04;0400 UTC;0;989,6;990,1;989,6;;24,3;;24,4;24,1;;;;;;;;;
2024/03/04;0500 UTC;0;989;989,6;988,9;;23,8;;24,3;23,8;;;;;;;;;
2024/03/04;0600 UTC;0;989,1;989,3;989;;23,7;;23,9;23,7;;;;;;;;;
2024/03/04;0700 UTC;0;989,1;989,2;989;;23,6;;23,8;23,5;;;;;;;;;
2024/03/04;0800 UTC;0;989,7;989,7;989,1;;23,8;;23,8;23,4;;;;;;;;;
2024/03/04;0900 UTC;0;990,1;990,2;989,7;;23,7;;23,8;23,6;;;;;;;;;
2024/03/04;1000 UTC;0;991;991;990,1;;25,7;;25,7;23,7;;;;;;;;;
2024/03/04;1100 UTC;0;991,5;991,5;990,9;6,5;27;;28,3;25,7;;;;;;;;;
2024/03/04;1200 UTC;0;991,9;991,9;991,5;,4;30,1;;30,1;27;;;;;;;;;
2024/03/04;1300 UTC;,2;991,8;992;991,8;;29,7;;31;29,2;;;;;;;;;
2024/03/04;1400 UTC;0;991,5;991,8;991,5;;30,7;30,7;31;29,5;30,9;29;100;95;100;;;;
2024/03/04;1500 UTC;0;990,2;991,5;990,2;;31,5;31,5;32;30,4;31,8;30,4;100;99;100;;;;
2024/03/04;1600 UTC;0;989;990,2;989;;32,3;30,7;33;30,6;32,6;29,7;100;84;91;;;;
2024/03/04;1700 UTC;,4;988,8;989,2;988,8;2269,7;26,8;;32,8;26,3;;;;;;;;;
2024/03/04;1800 UTC;,2;988,6;988,8;988,4;3152,2;28,6;;28,7;26,7;;;;;;;;;
2024/03/04;1900 UTC;0;988,4;988,7;988,4;3,4;29;;29,6;28,3;;;;;;;;;
2024/03/04;2000 UTC;0;989,1;989,1;988,4;;27,9;;29,3;27,9;;;;;;;;;
2024/03/04;2100 UTC;7,4;989,2;989,4;988,8;1229,2;24,6;;27,9;24,5;;;;;;;;;
2024/03/04;2200 UTC;0;990,5;990,5;989,2;3688,7;24,6;;24,8;24,4;;;;;;;;;
2024/03/04;2300 UTC;0;991;991;990,5;2317,1;24,5;;24,8;24,5;;;;;;;;;
2024/03/05;0000 UTC;0;991;991;990,9;2110,9;24,6;;24,7;24,4;;;;;;;;;
2024/03/05;0100 UTC;0;991,8;991,8;991;2079,1;24,7;;24,7;24,3;;;;;;;;;
2024/03/05;0200 UTC;0;991,6;991,8;991,6;1659,9;24,5;;24,7;24,4;;;;;;;;;
2024/03/05;0300 UTC;0;991;991,6;991;619,3;24,4;;24,5;24,3;;;;;;;;;
2024/03/05;0400 UTC;0;990,3;991;990,3;11,6;24,5;;24,6;24,3;;;;;;;;;
2024/03/05;0500 UTC;0;990,1;990,3;990;;24,8;;24,8;24,4;;;;;;;;;
2024/03/05;0600 UTC;0;989,8;990,1;989,7;;24,6;;24,9;24,6;;;;;;;;;
2024/03/05;0700 UTC;0;990,1;990,1;989,8;;24,5;;24,8;24,5;;;;;;;;;
2024/03/05;0800 UTC;0;990,3;990,3;990;;24,1;;24,5;24;;;;;;;;;
2024/03/05;0900 UTC;0;990,8;990,8;990,3;;24,3;;24,6;24,1;;;;;;;;;
2024/03/05;1000 UTC;0;991,7;991,7;990,8;;25,8;;25,8;24,3;;;;;;;;;
2024/03/05;1100 UTC;0;992;992;991,7;3711;28;;28,2;25,8;;;;;;;;;
2024/03/05;1200 UTC;0;992,5;992,5;992;1394,3;28;;29,1;27,8;;;;;;;;;
2024/03/05;1300 UTC;0;992,3;992,5;992,3;;29,5;;30,5;27,9;;;;;;;;;
2024/03/05;1400 UTC;0;991,8;992,3;991,8;;30,8;;30,8;29,4;;;;;;;;;
2024/03/05;1500 UTC;0;990,8;991,8;990,8;;30,7;30,7;31,6;30,6;31,6;30,6;100;97;100;;;;
2024/03/05;1600 UTC;0;989,9;990,8;989,8;;28,8;;32,1;28,8;32,1;29,7;100;98;;;;;
2024/03/05;1700 UTC;,8;988,6;990;988,6;795;29,2;;29,2;26,9;;;;;;;;;
2024/03/05;1800 UTC;0;989,1;989,1;988,3;4018;29,3;;30,5;29,1;;;;;;;;;
2024/03/05;1900 UTC;0;989,8;989,8;989;3403,2;25,1;;29,3;25,1;;;;;;;;;
2024/03/05;2000 UTC;1,4;990,7;990,7;989,8;3268,8;24,6;;25,1;24,6;;;;;;;;;
2024/03/05;2100 UTC;,2;990,9;990,9;990,6;3565,8;24,8;;25;24,6;;;;;;;;;
2024/03/05;2200 UTC;,2;991,1;991,2;990,8;979,5;24,9;;25;24,8;;;;;;;;;
2024/03/05;2300 UTC;0;991,3;991,4;991,1;;24,5;;24,9;24,5;;;;;;;;;
2024/03/06;0000 UTC;0;991,1;991,3;990,6;;24,4;;24,6;24,3;;;;;;;;;
2024/03/06;0100 UTC;0;991,5;991,5;991,1;;23,8;;24,4;23,7;;;;;;;;;
2024/03/06;0200 UTC;0;991,8;991,8;991,5;;23,4;;23,7;23,4;;;;;;;;;
2024/03/06;0300 UTC;0;990,8;991,8;990,8;;23,2;;23,4;23,1;;;;;;;;;
2024/03/06;0400 UTC;0;990,6;990,8;990,5;;22,8;;23,2;22,8;;;;;;;;;
2024/03/06;0500 UTC;0;990,4;990,6;990,4;;22,8;;22,9;22,8;;;;;;;;;
2024/03/06;0600 UTC;0;990,4;990,5;990,3;;23;;23;22,8;;;;;;;;;
2024/03/06;0700 UTC;0;990,2;990,4;990,2;;23,2;;23,2;23;;;;;;;;;
2024/03/06;0800 UTC;0;990,6;990,6;990,2;;22,9;;23,2;22,9;;;;;;;;;
2024/03/06;0900 UTC;0;990,7;990,8;990,6;;23;;23;22,9;;;;;;;;;
2024/03/06;1000 UTC;0;991,4;991,5;990,7;;26;;26;23;;;;;;;;;
2024/03/06;1100 UTC;0;992,2;992,2;991,4;1529,2;27,1;;27,3;25,3;;;;;;;;;
2024/03/06;1200 UTC;0;992,8;992,8;992,2;838,4;27,8;;28,4;27;;;;;;;;;
2024/03/06;1300 UTC;0;992,8;992,9;992,7;;29;;29,3;27,6;;;;;;;;;
2024/03/06;1400 UTC;0;992,4;992,8;992,4;;29,4;;29,9;28,7;;;;;;;;;
2024/03/06;1500 UTC;0;991,8;992,4;991,8;;30;;30,7;29,3;;;;;;;;;
2024/03/06;1600 UTC;0;990,4;991,8;990,4;;31,4;31,4;31,6;30;31,5;29,9;100;94;100;;;;
2024/03/06;1700 UTC;0;989;990,4;989;;30,5;30,5;31,8;30,1;31,8;28,6;100;91;100;;;;
2024/03/06;1800 UTC;0;988,1;989;988,1;;30,7;30,7;31,8;30,2;31,8;30,2;100;99;100;;;;
2024/03/06;1900 UTC;0;988,2;988,2;987,9;;29,3;;30,7;29,3;;;;;;;;;
2024/03/06;2000 UTC;0;988,6;988,6;988,2;;28,5;;29,3;28,5;;;;;;;;;
2024/03/06;2100 UTC;0;989,3;989,3;988,6;;27,9;;28,6;27,9;;;;;;;;;
2024/03/06;2200 UTC;0;990,4;990,4;989,3;;27;;27,9;26,9;;;;;;;;;
2024/03/06;2300 UTC;0;990,9;990,9;990,3;;27,2;;27,4;26,8;;;;;;;;;
2024/03/07;0000 UTC;0;991,8;991,8;990,9;;26,9;;27,4;26,8;;;;;;;;;
2024/03/07;0100 UTC;0;992,3;992,3;991,8;;26,1;;26,9;26,1;;;;;;;;;
2024/03/07;0200 UTC;0;991,8;992,3;991,8;;26,1;;26,2;26;;;;;;;;;
2024/03/07;0300 UTC;0;991;991,8;991;;25,7;;26,1;25,7;;;;;;;;;
2024/03/07;0400 UTC;0;990,4;991;990,4;;25,2;;25,7;25,2;;;;;;;;;
2024/03/07;0500 UTC;0;989,8;990,4;989,8;;24,4;;25,2;24,4;;;;;;;;;
2024/03/07;0600 UTC;0;989,4;989,8;989,4;42,2;24,2;;24,6;24,1;;;;;;;;;
2024/03/07;0700 UTC;0;989,5;989,5;989,4;;24,6;;24,6;24,1;;;;;;;;;
2024/03/07;0800 UTC;0;990,1;990,1;989,5;;24,4;;24,9;24,4;;;;;;;;;
2024/03/07;0900 UTC;0;990,7;990,7;990,1;;24,5;;24,7;24,4;;;;;;;;;
2024/03/07;1000 UTC;0;991,4;991,5;990,7;;26,4;;26,4;24,5;;;;;;;;;
2024/03/07;1100 UTC;0;992,2;992,2;991,3;;26,8;;27,2;26,4;;;;;;;;;
2024/03/07;1200 UTC;0;992,8;992,8;992,2;;29;;29;26,8;;;;;;;;;
2024/03/07;1300 UTC;0;992,9;993;992,8;;28,9;;29,8;28,3;;;;;;;;;
2024/03/07;1400 UTC;0;992;992,9;991,9;129,6;30,3;30,3;31,1;28,8;;;;;100;;;;
2024/03/07;1500 UTC;0;990,6;992;990,6;170,3;31,5;31,5;32,3;29,6;32,2;28,2;100;91;100;;;;
2024/03/07;1600 UTC;0;989,8;990,6;989,8;267,7;32,1;32;32,6;31,1;32,4;30,9;100;94;100;;;;
2024/03/07;1700 UTC;0;988,9;989,8;988,9;781,1;32,1;31;32,8;31,4;32,4;30,3;100;90;94;;;;
2024/03/07;1800 UTC;0;988,6;988,9;988,4;320,4;32,6;30,4;32,8;31,5;31,5;29,8;97;87;88;;;;
2024/03/07;1900 UTC;0;988,7;988,7;988,3;224;28,2;;33;28,2;31,8;29,9;100;85;;;;;
2024/03/07;2000 UTC;,2;988,7;988,7;988,5;2962,7;27,8;;28,2;27,3;;;;;;;;;
2024/03/07;2100 UTC;0;989,5;989,5;988,7;1825,6;26,9;;27,8;26,9;;;;;;;;;
2024/03/07;2200 UTC;0;990,6;990,6;989,5;;26,8;;27;26,7;;;;;;;;;
2024/03/07;2300 UTC;0;991,1;991,2;990,6;;26,2;;26,8;26,2;;;;;;;;;
2024/03/08;0000 UTC;0;991,3;991,5;991,1;;26;;26,5;26;;;;;;;;;
2024/03/08;0100 UTC;0;991,8;991,8;991,3;;25,4;;26;25,3;;;;;;;;;
2024/03/08;0200 UTC;0;991,8;991,8;991,5;;25,2;;25,4;25;;;;;;;;;
2024/03/08;0300 UTC;0;991;991,8;991;2224,1;24,8;;25,2;24,7;;;;;;;;;
2024/03/08;0400 UTC;0;990,1;991;990,1;1615,7;24,6;;24,8;24,4;;;;;;;;;
2024/03/08;0500 UTC;0;990;990,3;990;183,1;24,7;;24,7;24,4;;;;;;;;;
2024/03/08;0600 UTC;0;989,5;990;989,5;;24,5;;24,8;24,5;;;;;;;;;
2024/03/08;0700 UTC;0;989,6;989,7;989,5;;24,6;;24,6;24,3;;;;;;;;;
2024/03/08;0800 UTC;0;989,9;989,9;989,5;;24,2;;24,6;24,2;;;;;;;;;
2024/03/08;0900 UTC;0;990,2;990,3;989,8;;24,1;;24,3;24,1;;;;;;;;;
2024/03/08;1000 UTC;0;991,2;991,2;990,2;;24,8;;24,8;24,1;;;;;;;;;
2024/03/08;1100 UTC;0;992,1;992,1;991,2;;25,7;;25,7;24,8;;;;;;;;;
2024/03/08;1200 UTC;,2;992,4;992,4;992;;26,5;;26,5;25,7;;;;;;;;;
2024/03/08;1300 UTC;0;992,4;992,5;992,3;;27,7;;27,9;26,4;;;;;;;;;
2024/03/08;1400 UTC;0;991,8;992,4;991,8;;29,3;;30;27,6;;;;;;;;;
2024/03/08;1500 UTC;0;991;991,8;991;;28,5;;29,6;28,3;;;;;;;;;
2024/03/08;1600 UTC;0;989,6;991;989,6;241,1;31,2;31,2;31,2;28,4;;;;;100;;;;
2024/03/08;1700 UTC;0;988,6;989,6;988,6;634,5;31;31;31,9;30;31,8;30;100;95;100;;;;
2024/03/08;1800 UTC;0;988;988,7;988;1012,3;31,5;31,5;31,8;30,3;31,8;30,2;100;99;100;;;;
2024/03/08;1900 UTC;0;987,9;988;987,8;50,4;30,9;30,9;31,6;30,5;31,6;30,5;100;99;100;;;;
2024/03/08;2000 UTC;0;988;988,1;987,9;;30,2;30,2;30,9;30,1;30,8;30,1;100;100;100;;;;
2024/03/08;2100 UTC;0;988,8;988,8;988;;28,5;;30,2;28,5;30,2;28,9;100;95;;;;;
2024/03/08;2200 UTC;0;989,5;989,5;988,8;;27,2;;28,5;27,2;;;;;;;;;
2024/03/08;2300 UTC;0;990,4;990,4;989,5;;26,4;;27,4;26,3;;;;;;;;;
2024/03/09;0000 UTC;0;991,4;991,5;990,4;235,8;25,8;;26,8;25,8;;;;;;;;;
2024/03/09;0100 UTC;0;992;992,2;991,4;471,2;24,7;;25,8;24,7;;;;;;;;;
2024/03/09;0200 UTC;,2;991,1;992;991,1;;24,3;;24,7;24,3;;;;;;;;;
2024/03/09;0300 UTC;0;990,2;991,1;990,2;;24;;24,3;24;;;;;;;;;
2024/03/09;0400 UTC;0;989,5;990,2;989,5;;23,9;;24;23,9;;;;;;;;;
2024/03/09;0500 UTC;0;988,6;989,5;988,6;;23,6;;23,9;23,5;;;;;;;;;
2024/03/09;0600 UTC;0;988,2;988,6;988,2;;23,4;;23,6;23,3;;;;;;;;;
2024/03/09;0700 UTC;0;988,7;988,7;988,2;;23,3;;23,5;23,2;;;;;;;;;
2024/03/09;0800 UTC;0;989,2;989,2;988,7;;23,4;;23,4;23;;;;;;;;;
2024/03/09;0900 UTC;0;989,7;989,7;989,2;;23,4;;23,6;23,3;;;;;;;;;
2024/03/09;1000 UTC;0;990,6;990,6;989,7;;26,6;;26,6;23,4;;;;;;;;;
2024/03/09;1100 UTC;0;991,2;991,2;990,6;;28;;28;26,5;;;;;;;;;
2024/03/09;1200 UTC;0;991,6;991,6;991,2;62,2;28;;28,1;27,5;;;;;;;;;
2024/03/09;1300 UTC;0;991,5;991,6;991,5;42,2;29,7;;30,2;28;;;;;;;;;
2024/03/09;1400 UTC;0;991,1;991,5;991,1;2,5;31,7;31,7;31,9;29,6;;;;;100;;;;
2024/03/09;1500 UTC;0;989,9;991,1;989,9;99,9;31,1;31,2;32,2;30,4;32,2;30,3;100;97;100;;;;
2024/03/09;1600 UTC;0;988,8;989,9;988,7;167,1;31,1;31,1;32,9;30,8;32,3;30,5;100;90;100;;;;
2024/03/09;1700 UTC;0;987,9;988,8;987,9;36,5;31,9;31,1;33;30,9;32,4;30;100;89;96;;;;
2024/03/09;1800 UTC;0;987,4;987,9;987,4;;32,4;29,7;33,4;31,6;31,9;29,3;100;83;85;;;;
2024/03/09;1900 UTC;0;987,1;987,4;987;;32,7;30;33,2;31,5;30,9;28,8;95;78;86;;;;
2024/03/09;2000 UTC;0;987,4;987,4;987;;31,1;30,9;32,8;31,1;31,1;29,1;100;82;99;;;;
2024/03/09;2100 UTC;0;987,8;987,8;987,4;;29;;31,1;29;30,8;28,7;100;93;;;;;
2024/03/09;2200 UTC;0;988,5;988,5;987,8;;28;;29,1;28;;;;;;;;;
2024/03/09;2300 UTC;0;989,2;989,2;988,5;;26,6;;28,1;26,6;;;;;;;;;
2024/03/10;0000 UTC;0;990;990,1;989,2;;26,2;;26,7;26,1;;;;;;;;;
2024/03/10;0100 UTC;0;990,9;990,9;990;;25,6;;26,2;25,6;;;;;;;;;
2024/03/10;0200 UTC;0;990,4;990,9;990,4;;25,4;;25,7;25,4;;;;;;;;;
2024/03/10;0300 UTC;0;989,7;990,5;989,7;;24,9;;25,4;24,9;;;;;;;;;
2024/03/10;0400 UTC;0;989;989,7;989;;24,6;;25,1;24,6;;;;;;;;;
2024/03/10;0500 UTC;0;988,5;989;988,5;;24,2;;24,6;24,2;;;;;;;;;
2024/03/10;0600 UTC;0;988,8;988,8;988,5;;24,4;;24,7;24,2;;;;;;;;;
2024/03/10;0700 UTC;0;988,7;988,8;988,7;;24,6;;24,8;24,4;;;;;;;;;
2024/03/10;0800 UTC;0;989;989;988,7;;24,8;;24,8;24,6;;;;;;;;;
2024/03/10;0900 UTC;0;989,7;989,7;989;;25,2;;25,2;24,7;;;;;;;;;
2024/03/10;1000 UTC;0;990,4;990,4;989,7;;26,9;;27;25,2;;;;;;;;;
2024/03/10;1100 UTC;0;991;991;990,3;;28,8;;28,8;26,9;;;;;;;;;
2024/03/10;1200 UTC;0;991,7;991,7;991;;28,3;;28,7;27,7;;;;;;;;;
2024/03/10;1300 UTC;0;991,7;991,9;991,7;;29,3;;29,8;28,2;;;;;;;;;
2024/03/10;1400 UTC;0;991,4;991,7;991,4;;30,1;;30,6;29,1;;;;;;;;;
2024/03/10;1500 UTC;0;990,7;991,4;990,7;;30,4;;31,4;29,9;;;;;;;;;
2024/03/10;1600 UTC;0;989,6;990,7;989,6;;30,7;;31,8;30,2;;;;;;;;;
2024/03/10;1700 UTC;0;988,6;989,6;988,6;;33,2;31,3;33,6;30,7;32,9;29,8;100;86;90;;;;
2024/03/10;1800 UTC;9,8;988;989,1;988;1125,6;29,9;;33,2;26,1;;;;;;;;;
2024/03/10;1900 UTC;,2;987,9;988;987,5;2852,6;30,6;;30,8;29,4;;;;;;;;;
2024/03/10;2000 UTC;0;988,4;988,4;987,8;457,2;30,9;;31,4;30,6;;;;;;;;;
2024/03/10;2100 UTC;26,4;989,8;990;988,2;1499,7;23;;31,1;22,5;;;;;;;;;
2024/03/10;2200 UTC;13,2;990,1;990,2;989,7;1642,9;24,4;;24,4;23;;;;;;;;;
2024/03/10;2300 UTC;0;991,4;991,4;990,1;4,7;24,9;;24,9;24,4;;;;;;;;;
2024/03/11;0000 UTC;0;991,9;992,1;991,4;;25,2;;25,3;24,8;;;;;;;;;
2024/03/11;0100 UTC;0;992;992;991,7;;24,8;;25,3;24,8;;;;;;;;;
2024/03/11;0200 UTC;0;992,3;992,4;992;;25,3;;25,4;24,8;;;;;;;;;
2024/03/11;0300 UTC;0;992;992,3;992;;25,3;;25,3;25,1;;;;;;;;;
2024/03/11;0400 UTC;0;991,1;992,1;991,1;;25,2;;25,4;25,2;;;;;;;;;
2024/03/11;0500 UTC;0;990,5;991,1;990,5;;25;;25,3;25;;;;;;;;;
2024/03/11;0600 UTC;0;990,3;990,5;990,2;;25,3;;25,3;24,9;;;;;;;;;
2024/03/11;0700 UTC;0;990,5;990,7;990,2;;25,4;;25,5;25,3;;;;;;;;;
2024/03/11;0800 UTC;0;990,5;990,5;990,4;;25,4;;25,4;25,1;;;;;;;;;
2024/03/11;0900 UTC;0;990,9;990,9;990,5;;25,6;;25,6;25,3;;;;;;;;;
2024/03/11;1000 UTC;0;991,8;991,9;990,9;;25,8;;25,8;25,5;;;;;;;;;
2024/03/11;1100 UTC;,4;992,3;992,3;991,8;;24,7;;25,9;24,7;;;;;;;;;
2024/03/11;1200 UTC;2;992,5;992,5;992,2;;25,9;;26,1;24,7;;;;;;;;;
2024/03/11;1300 UTC;0;992,2;992,5;992,2;3453,2;28,5;;28,5;25,9;;;;;;;;;
2024/03/11;1400 UTC;0;991,7;992,2;991,7;5914,6;29,6;;29,8;28,5;;;;;;;;;
2024/03/11;1500 UTC;0;991;991,7;991;2922,2;31,5;;31,5;29,5;;;;;;;;;
2024/03/11;1600 UTC;0;990,3;991;990,3;;31,9;;32,7;30,4;;;;;;;;;
2024/03/11;1700 UTC;0;989,3;990,3;989,3;;32;31,8;32,9;31,5;;;100;89;99;;;;
2024/03/11;1800 UTC;0;988,8;989,3;988,7;9;33,1;33,1;33,4;31,5;33,4;31,7;100;97;100;;;;
2024/03/11;1900 UTC;0;988,4;988,8;988,4;;33,1;32,2;33,3;31,7;33,3;31,4;100;92;95;;;;
2024/03/11;2000 UTC;0;988,5;988,5;988,2;;31,2;;33,3;31,2;33,2;31,6;100;94;;;;;
2024/03/11;2100 UTC;0;989,7;989,7;988,5;;28,3;;31,2;28,3;;;;;;;;;
2024/03/11;2200 UTC;0;990,6;990,6;989,7;;27,9;;28,5;27,7;;;;;;;;;
2024/03/11;2300 UTC;0;991,8;991,8;990,6;;27,2;;28;27,2;;;;;;;;;
2024/03/12;0000 UTC;0;992,6;992,6;991,8;;26,8;;27,2;26,7;;;;;;;;;
2024/03/12;0100 UTC;0;992,8;992,9;992,6;;26;;26,8;26;;;;;;;;;
2024/03/12;0200 UTC;0;992,9;993;992,8;;25,9;;26,4;25,9;;;;;;;;;
2024/03/12;0300 UTC;0;992,6;992,9;992,6;;25,6;;26;25,6;;;;;;;;;
2024/03/12;0400 UTC;0;992,2;992,6;992,2;;25,5;;25,7;25,5;;;;;;;;;
2024/03/12;0500 UTC;0;991,4;992,2;991,4;;25,2;;25,5;25,2;;;;;;;;;
2024/03/12;0600 UTC;0;991,5;991,5;991,2;;24,8;;25,2;24,8;;;;;;;;;
2024/03/12;0700 UTC;0;991,4;991,5;991,3;;24,7;;24,8;24,7;;;;;;;;;
2024/03/12;0800 UTC;0;991,8;991,9;991,4;;25;;25;24,7;;;;;;;;;
2024/03/12;0900 UTC;0;992;992;991,7;;24,7;;25;24,6;;;;;;;;;
2024/03/12;1000 UTC;0;993;993;992;;25,6;;25,7;24,7;;;;;;;;;
2024/03/12;1100 UTC;0;993,8;993,8;993;;26,4;;26,5;25,6;;;;;;;;;
2024/03/12;1200 UTC;0;994;994;993,6;;26,8;;27;26,3;;;;;;;;;
2024/03/12;1300 UTC;0;993,3;994;993,3;;28,8;;28,9;26,7;;;;;;;;;
2024/03/12;1400 UTC;,2;993,1;993,4;993,1;;29,9;;30,4;28,3;;;;;;;;;
2024/03/12;1500 UTC;0;992,3;993,1;992,3;;29,9;;30,8;29,4;;;;;;;;;
2024/03/12;1600 UTC;0;991;992,3;991;;31,6;31,6;32,2;29,9;;;;;100;;;;
2024/03/12;1700 UTC;0;990,5;991;990,3;;26,9;;32,8;26,9;;;100;99;;;;;
2024/03/12;1800 UTC;,8;990,1;990,7;990,1;;27;;27,8;26;;;;;;;;;
2024/03/12;1900 UTC;0;989,4;990;989,3;4535,5;27,4;;27,4;27;;;;;;;;;
2024/03/12;2000 UTC;0;990,3;990,3;989,4;5535,8;27,5;;27,5;27,3;;;;;;;;;
2024/03/12;2100 UTC;0;991;991;990,3;5566,2;26,9;;27,5;26,8;;;;;;;;;
2024/03/12;2200 UTC;0;991,3;991,3;991;5080,7;26,4;;27;26,4;;;;;;;;;
2024/03/12;2300 UTC;0;992;992;991,3;2108,8;26,1;;26,4;26,1;;;;;;;;;
2024/03/13;0000 UTC;0;992,9;992,9;992;334,9;26,2;;26,3;26,1;;;;;;;;;
2024/03/13;0100 UTC;,2;992,9;993,3;992,8;1339,9;25;;26,3;25;;;;;;;;;
2024/03/13;0200 UTC;0;992,6;993;992,6;2762,2;24,3;;25;24,2;;;;;;;;;
2024/03/13;0300 UTC;0;991,9;992,6;991,9;2527,6;24,4;;24,5;24,3;;;;;;;;;
2024/03/13;0400 UTC;0;991,5;991,9;991,5;1610,8;24,1;;24,4;24;;;;;;;;;
2024/03/13;0500 UTC;0;990,8;991,5;990,8;225,2;23,9;;24,1;23,9;;;;;;;;;
2024/03/13;0600 UTC;0;990,6;990,8;990,6;;23,7;;24;23,7;;;;;;;;;
2024/03/13;0700 UTC;0;990,9;990,9;990,6;;24,1;;24,2;23,7;;;;;;;;;
2024/03/13;0800 UTC;0;991,6;991,6;990,9;;24,4;;24,6;24,1;;;;;;;;;
2024/03/13;0900 UTC;0;991,9;991,9;991,6;;24,3;;24,5;24,3;;;;;;;;;
2024/03/13;1000 UTC;0;992,4;992,4;991,9;;26;;26,2;24,3;;;;;;;;;
2024/03/13;1100 UTC;0;993;993;992,4;15;27,8;;28;26;;;;;;;;;
2024/03/13;1200 UTC;0;993,6;993,6;993;;28,6;;28,7;27;;;;;;;;;
2024/03/13;1300 UTC;0;993,2;993,6;993,2;;28,6;;29,2;27,9;;;;;;;;;
2024/03/13;1400 UTC;0;992,4;993,2;992,4;;30,5;;30,5;28,3;;;;;;;;;
2024/03/13;1500 UTC;0;991,5;992,4;991,5;;31;;31,6;29,1;;;;;;;;;
2024/03/13;1600 UTC;0;990,2;991,5;990,2;;31,8;;32,4;30,7;;;;;;;;;
2024/03/13;1700 UTC;10;989,5;990,2;989,4;7,4;25,4;;32,4;25,4;;;;;;;;;
2024/03/13;1800 UTC;,6;988,8;989,5;988,7;;27,6;;27,6;25,4;;;;;;;;;
2024/03/13;1900 UTC;0;988,9;988,9;988,5;4868,5;28,4;;28,5;27,2;;;;;;;;;
2024/03/13;2000 UTC;9;988,7;989,4;988,7;849,5;26;;28,7;25,1;;;;;;;;;
2024/03/13;2100 UTC;0;989,7;989,7;988,7;2857,8;25,9;;26,2;25,9;;;;;;;;;
2024/03/13;2200 UTC;0;990,3;990,3;989,7;4005,4;25,6;;26;25,5;;;;;;;;;
2024/03/13;2300 UTC;0;991;991;990,4;1996,2;25,4;;25,6;25,4;;;;;;;;;
2024/03/14;0000 UTC;0;991,7;991,7;991;1172,4;25,2;;25,5;25,1;;;;;;;;;
2024/03/14;0100 UTC;0;992,4;992,4;991,7;37,8;25,3;;25,3;25;;;;;;;;;
2024/03/14;0200 UTC;0;992,3;992,4;992,1;;25,1;;25,3;24,9;;;;;;;;;
2024/03/14;0300 UTC;0;991,5;992,3;991,5;;25;;25,1;24,9;;;;;;;;;
2024/03/14;0400 UTC;0;991,3;991,5;991,3;;24,9;;25;24,8;;;;;;;;;
2024/03/14;0500 UTC;0;990,5;991,3;990,5;;24,6;;24,9;24,6;;;;;;;;;
2024/03/14;0600 UTC;0;990,1;990,5;990;;25;;25;24,5;;;;;;;;;
2024/03/14;0700 UTC;0;990;990,1;989,9;;25;;25,2;25;;;;;;;;;
2024/03/14;0800 UTC;0;990;990,1;989,9;;24,8;;25;24,8;;;;;;;;;
2024/03/14;0900 UTC;0;990;990,2;990;;24,6;;24,8;24,6;;;;;;;;;
2024/03/14;1000 UTC;0;990,4;990,4;989,9;46,4;26,5;;26,6;24,5;;;;;;;;;
2024/03/14;1100 UTC;0;990,9;990,9;990,3;3505,5;27,8;;27,9;26,5;;;;;;;;;
2024/03/14;1200 UTC;,2;991,6;991,6;990,9;3862,6;28,2;;28,8;27,5;;;;;;;;;
2024/03/14;1300 UTC;0;991,7;991,8;991,6;374,7;28,2;;28,8;28,1;;;;;;;;;
2024/03/14;1400 UTC;0;990,8;991,7;990,8;1110,4;30,1;;30,5;27,8;;;;;;;;;
2024/03/14;1500 UTC;0;990,1;990,8;990,1;;30,4;;31;29,8;;;;;;;;;
2024/03/14;1600 UTC;7;989,6;990,1;989,6;;25,2;;30,5;25,2;;;;;;;;;
2024/03/14;1700 UTC;12,2;988,3;989,6;988,3;;25,9;;25,9;25;;;;;;;;;
2024/03/14;1800 UTC;0;988;988,3;987,9;5614,3;26,7;;26,9;25,9;;;;;;;;;
2024/03/14;1900 UTC;2,4;988;988,2;988;3660,5;25,3;;26,8;25,2;;;;;;;;;
2024/03/14;2000 UTC;0;988,2;988,2;987,8;;25,6;;25,7;25,2;;;;;;;;;
2024/03/14;2100 UTC;0;988,9;988,9;988,1;1762,9;25,6;;25,8;25,5;;;;;;;;;
2024/03/14;2200 UTC;,4;989,1;989,2;988,9;5587,4;25,5;;25,6;25,4;;;;;;;;;
2024/03/14;2300 UTC;0;989,4;989,4;989,1;4185,9;25,3;;25,5;25,3;;;;;;;;;
2024/03/15;0000 UTC;0;990,2;990,2;989,3;1680,7;25,4;;25,4;25,2;;;;;;;;;
2024/03/15;0100 UTC;0;990,5;990,6;990,1;199,6;25,3;;25,5;25,2;;;;;;;;;
2024/03/15;0200 UTC;0;990,4;990,6;990,4;;25,4;;25,4;25,3;;;;;;;;;
2024/03/15;0300 UTC;0;989,8;990,6;989,8;;25,3;;25,4;25,2;;;;;;;;;
2024/03/15;0400 UTC;0;989;989,8;989;;24,7;;25,4;24,7;;;;;;;;;
2024/03/15;0500 UTC;1,2;989;989;988,8;11;24,8;;24,9;24,7;;;;;;;;;
2024/03/15;0600 UTC;6,8;988,6;989;988,6;3977,9;24,8;;24,9;24,8;;;;;;;;;
2024/03/15;0700 UTC;2,6;988,8;988,8;988,6;4895,6;24,7;;24,8;24,6;;;;;;;;;
2024/03/15;0800 UTC;3,2;989;989,1;988,8;5141,9;24,7;;24,8;24,6;;;;;;;;;
2024/03/15;0900 UTC;0;989,2;989,3;989;4206,4;24,7;;24,8;24,6;;;;;;;;;
2024/03/15;1000 UTC;0;990,1;990,1;989,2;3411,4;25,5;;25,5;24,7;;;;;;;;;
2024/03/15;1100 UTC;0;990,5;990,5;990;382,8;26,4;;26,4;25,5;;;;;;;;;
2024/03/15;1200 UTC;0;990,8;990,8;990,5;4000,7;27,4;;27,5;26,4;;;;;;;;;
2024/03/15;1300 UTC;0;991,2;991,2;990,8;4937,9;28,9;;29,2;27,4;;;;;;;;;
2024/03/15;1400 UTC;0;990,9;991,2;990,9;246,4;28,8;;29,8;28,4;;;;;;;;;
2024/03/15;1500 UTC;0;989,9;990,9;989,9;;29,2;;29,4;27,3;;;;;;;;;
2024/03/15;1600 UTC;0;988,3;989,9;988,3;;30,6;;30,6;28,8;;;;;;;;;
2024/03/15;1700 UTC;0;986,8;988,3;986,8;;31,2;;31,2;30;;;;;;;;;
2024/03/15;1800 UTC;0;986,5;986,8;986,4;;31;30,5;31,7;30,7;;;;;97;;;;
2024/03/15;1900 UTC;0;986,5;986,7;986,5;;30,9;;31,6;30,8;;;;;;;;;
2024/03/15;2000 UTC;0;986,8;986,8;986,5;;29,5;;30,9;29,5;;;;;;;;;
2024/03/15;2100 UTC;0;987,3;987,3;986,8;;28,5;;29,5;28,3;;;;;;;;;
2024/03/15;2200 UTC;0;987,9;987,9;987,3;;27;;28,5;27;;;;;;;;;
2024/03/15;2300 UTC;13,8;989,7;989,7;987,8;151,9;22,8;;27;22,7;;;;;;;;;
2024/03/16;0000 UTC;,8;989,9;990,2;989,6;;23;;23;22,4;;;;;;;;;
2024/03/16;0100 UTC;1,4;990,3;990,3;989,9;;23,4;;23,4;22,8;;;;;;;;;
2024/03/16;0200 UTC;,2;989,4;990,3;989,4;;23,3;;23,5;23,2;;;;;;;;;
2024/03/16;0300 UTC;0;988,4;989,4;988,4;;23,5;;23,5;23,2;;;;;;;;;
2024/03/16;0400 UTC;0;988,3;988,5;988,3;;23,8;;23,8;23,5;;;;;;;;;
2024/03/16;0500 UTC;0;987,6;988,3;987,6;;23,8;;23,9;23,7;;;;;;;;;
2024/03/16;0600 UTC;0;987,4;987,6;987,3;;23,9;;24;23,8;;;;;;;;;
2024/03/16;0700 UTC;0;987,6;987,6;987,3;;24,1;;24,2;23,9;;;;;;;;;
2024/03/16;0800 UTC;0;987,8;987,9;987,5;1674,1;24,1;;24,2;24;;;;;;;;;
2024/03/16;0900 UTC;0;988,4;988,4;987,8;4122,7;24,1;;24,2;23,8;;;;;;;;;
2024/03/16;1000 UTC;0;989,2;989,2;988,4;3599,1;26,7;;26,7;24,1;;;;;;;;;
2024/03/16;1100 UTC;0;989,4;989,4;989,2;6641,6;27,8;;27,9;26,7;;;;;;;;;
2024/03/16;1200 UTC;0;989,8;989,9;989,4;5989,2;28,3;;28,4;27,4;;;;;;;;;
2024/03/16;1300 UTC;0;989,7;989,9;989,7;241,9;29,8;;29,9;28,1;;;;;;;;;
2024/03/16;1400 UTC;,2;989,3;989,7;989,2;;31,2;;31,2;29,1;;;;;;;;;
2024/03/16;1500 UTC;0;988,4;989,3;988,4;;30,9;30,7;31,4;29,7;;;;;99;;;;
2024/03/16;1600 UTC;0;987,4;988,4;987,4;;30,4;;32,4;30,3;;;;;;;;;
2024/03/16;1700 UTC;0;986,7;987,4;986,7;;31,2;;31,2;30,1;;;;;;;;;
2024/03/16;1800 UTC;0;986,5;986,7;986,4;;30,4;;32;30,4;;;;;;;;;
2024/03/16;1900 UTC;0;986,8;986,8;986;;27,7;;31,3;27,7;;;;;;;;;
2024/03/16;2000 UTC;2,8;987,7;987,7;986,7;106,7;26,1;;27,7;26,1;;;;;;;;;
2024/03/16;2100 UTC;0;988;988;987,6;;25,8;;26,1;25,8;;;;;;;;;
2024/03/16;2200 UTC;,2;988,3;988,3;987,7;;25,9;;26;25,7;;;;;;;;;
2024/03/16;2300 UTC;0;989,1;989,1;988,3;;25,9;;26;25,8;;;;;;;;;
2024/03/17;0000 UTC;0;989,7;989,7;989;;25,7;;25,9;25,5;;;;;;;;;
2024/03/17;0100 UTC;0;990,4;990,4;989,7;959,8;25,4;;25,7;25,3;;;;;;;;;
2024/03/17;0200 UTC;0;990,1;990,4;990,1;960;25,5;;25,5;25,3;;;;;;;;;
2024/03/17;0300 UTC;0;989,2;990,2;989,2;7186,1;24,8;;25,5;24,8;;;;;;;;;
2024/03/17;0400 UTC;0;988,2;989,2;988,2;5844;24,7;;24,9;24,5;;;;;;;;;
2024/03/17;0500 UTC;0;988;988,2;988;5264,2;24,8;;24,8;24,6;;;;;;;;;
2024/03/17;0600 UTC;0;987,8;988;987,8;7144,6;24,5;;24,8;24,5;;;;;;;;;
2024/03/17;0700 UTC;0;987,9;987,9;987,7;6424;24,2;;24,5;24,1;;;;;;;;;
2024/03/17;0800 UTC;0;988,2;988,2;987,9;2292;23,8;;24,2;23,8;;;;;;;;;
2024/03/17;0900 UTC;0;988,8;988,8;988,2;4240,1;24;;24;23,7;;;;;;;;;
2024/03/17;1000 UTC;0;989,4;989,4;988,8;4649,6;26,1;;26,2;24;;;;;;;;;
2024/03/17;1100 UTC;0;990,5;990,5;989,3;1079,3;28,1;;28,2;26;;;;;;;;;
2024/03/17;1200 UTC;,2;990,7;990,7;990,5;2289,3;28,9;;29,3;28;;;;;;;;;
2024/03/17;1300 UTC;0;990,4;990,8;990,4;718,3;30,4;;30,4;28,7;;;;;;;;;
2024/03/17;1400 UTC;0;990,1;990,5;990,1;;31,1;;31,1;29,5;;;;;;;;;
2024/03/17;1500 UTC;0;989,5;990,2;989,5;2,4;30,5;;31,5;30;;;;;;;;;
2024/03/17;1600 UTC;0;988,4;989,5;988,4;5,9;32,6;;32,6;30,4;;;;;;;;;
2024/03/17;1700 UTC;0;987,2;988,4;987,2;4,3;32,1;;32,6;31,3;;;;;;;;;
2024/03/17;1800 UTC;0;986,7;987,2;986,5;1,9;32,6;32,4;32,7;31,6;;;;;99;;;;
2024/03/17;1900 UTC;12,8;988;988,2;986,5;12,7;24,4;;32,6;24,4;;;;;;;;;
2024/03/17;2000 UTC;1,8;988,9;989;988;120;25,5;;25,6;24,4;;;;;;;;;
2024/03/17;2100 UTC;,2;989;989,1;988;5872,4;25,6;;25,6;25,2;;;;;;;;;
2024/03/17;2200 UTC;,4;989,4;989,4;989;1919,1;25,4;;25,6;25,2;;;;;;;;;
2024/03/17;2300 UTC;0;989,4;989,5;989,3;;25,4;;25,5;25,3;;;;;;;;;
2024/03/18;0000 UTC;0;990,5;990,5;989,4;2608,8;25,5;;25,5;25,3;;;;;;;;;
2024/03/18;0100 UTC;0;990,5;990,8;990,5;6944,5;25,3;;25,5;25,3;;;;;;;;;
2024/03/18;0200 UTC;0;990;990,5;990;6601,5;25,1;;25,3;25;;;;;;;;;
2024/03/18;0300 UTC;0;989,5;990,1;989,5;6351,7;24,8;;25,1;24,8;;;;;;;;;
2024/03/18;0400 UTC;0;989;989,5;989;6418,5;25,1;;25,1;24,6;;;;;;;;;
2024/03/18;0500 UTC;0;988,5;989;988,5;5800,5;25;;25,2;25;;;;;;;;;
2024/03/18;0600 UTC;0;988,4;988,5;988,3;5467,5;24,9;;25,1;24,9;;;;;;;;;
2024/03/18;0700 UTC;0;988,9;988,9;988,4;5407,1;25;;25,1;24,8;;;;;;;;;
2024/03/18;0800 UTC;0;989,2;989,2;988,9;4123,1;24,9;;25,1;24,8;;;;;;;;;
2024/03/18;0900 UTC;0;989,7;989,7;989,2;3655,5;25,1;;25,1;24,8;;;;;;;;;
2024/03/18;1000 UTC;0;990,2;990,3;989,7;2903,9;26,2;;26,2;25,1;;;;;;;;;
2024/03/18;1100 UTC;0;990,4;990,4;990,2;2579,9;27,4;;27,8;26,2;;;;;;;;;
2024/03/18;1200 UTC;0;990,7;990,7;990,4;4009,7;29,2;;29,3;27,4;;;;;;;;;
2024/03/18;1300 UTC;0;990,4;990,7;990,4;1266;30,5;;30,5;28,4;;;;;;;;;
2024/03/18;1400 UTC;,2;989,9;990,4;989,9;;31,4;;31,5;30,2;;;;;;;;;
2024/03/18;1500 UTC;0;989,2;989,9;989,2;;31,8;;32,6;30,8;;;;;;;;;
2024/03/18;1600 UTC;0;988,2;989,2;988,1;;31,5;;32,5;30,6;;;;;;;;;
2024/03/18;1700 UTC;0;987,5;988,2;987,5;;32,3;32;32,9;31,5;;;;;98;;;;
2024/03/18;1800 UTC;0;986,5;987,5;986,5;;32,3;31,7;33;31,8;33;31;100;93;97;;;;
2024/03/18;1900 UTC;0;985,7;986,5;985,7;;32,4;32,4;32,7;31,9;32,7;31,9;100;96;100;;;;
2024/03/18;2000 UTC;0;985,9;986;985,7;;31,4;;32,5;31,3;32,4;30,4;100;91;;;;;
2024/03/18;2100 UTC;0;986,4;986,4;985,9;;29,5;;31,4;29,5;;;;;;;;;
2024/03/18;2200 UTC;0;987,4;987,4;986,4;;28,1;;29,5;28,1;;;;;;;;;
2024/03/18;2300 UTC;0;988,3;988,3;987,4;;27,3;;28,1;27,3;;;;;;;;;
2024/03/19;0000 UTC;8,2;989,7;989,8;988,2;575,7;23,4;;27,4;23,2;;;;;;;;;
2024/03/19;0100 UTC;0;989,7;989,9;989,5;3947,6;23,7;;23,8;23,2;;;;;;;;;
2024/03/19;0200 UTC;0;989,4;989,8;989,4;3969;23,8;;23,9;23,6;;;;;;;;;
2024/03/19;0300 UTC;0;988,7;989,4;988,7;2167,3;24,3;;24,4;23,8;;;;;;;;;
2024/03/19;0400 UTC;0;987,9;988,7;987,8;1568,2;25;;25,1;24,3;;;;;;;;;
2024/03/19;0500 UTC;0;988;988,1;987,9;459,2;25,3;;25,4;25;;;;;;;;;
2024/03/19;0600 UTC;0;987,6;988;987,6;;25;;25,3;24,9;;;;;;;;;
2024/03/19;0700 UTC;0;987,2;987,6;987,2;46,5;24,6;;25,1;24,6;;;;;;;;;
2024/03/19;0800 UTC;0;987,6;987,6;987,2;569,1;24,2;;24,7;24,2;;;;;;;;;
2024/03/19;0900 UTC;0;988,2;988,2;987,6;178,8;24,3;;24,6;24,2;;;;;;;;;
2024/03/19;1000 UTC;0;988,6;988,6;988,2;37,4;25,8;;25,9;24,3;;;;;;;;;
2024/03/19;1100 UTC;0;989,1;989,1;988,6;2346;27,9;;27,9;25,8;;;;;;;;;
2024/03/19;1200 UTC;0;989,3;989,4;989;5294,1;29,5;;29,9;27,9;;;;;;;;;
2024/03/19;1300 UTC;,2;989,1;989,3;989,1;1118,9;31,1;;31,1;29,4;;;;;;;;;
2024/03/19;1400 UTC;0;988,7;989,2;988,7;111,4;30,4;;31,6;30,3;;;;;;;;;
2024/03/19;1500 UTC;0;987,9;988,7;987,9;155,8;32,2;;32,3;30,3;;;;;;;;;
2024/03/19;1600 UTC;0;986,9;987,9;986,9;;32,1;;32,4;30,5;;;;;;;;;
2024/03/19;1700 UTC;0;986;986,9;986;;32,5;;32,9;31,5;;;;;;;;;
2024/03/19;1800 UTC;0;985,1;986;985,1;;32,8;32,8;33,2;31,8;33,1;31,5;100;93;100;;;;
2024/03/19;1900 UTC;0;985,3;985,3;985,1;;32;31,7;32,7;30,7;;;;;98;;;;
2024/03/19;2000 UTC;0;985,8;985,8;985,2;;29,2;;32;29,2;32;31,4;100;96;;;;;
2024/03/19;2100 UTC;0;986,8;986,8;985,8;;27,5;;29,2;27,5;;;;;;;;;
2024/03/19;2200 UTC;0;988,3;988,5;986,8;;25,6;;27,5;25,6;;;;;;;;;
2024/03/19;2300 UTC;0;988,6;988,6;988,1;;25,5;;25,7;25,3;;;;;;;;;
2024/03/20;0000 UTC;0;989,1;989,1;988,6;;25,2;;25,5;25,2;;;;;;;;;
2024/03/20;0100 UTC;0;989,2;989,4;989,1;;25,3;;25,3;24,9;;;;;;;;;
2024/03/20;0200 UTC;0;989,5;989,5;989,2;;25,5;;25,5;24,9;;;;;;;;;
2024/03/20;0300 UTC;0;988,9;989,6;988,8;;25,4;;25,8;25,4;;;;;;;;;
2024/03/20;0400 UTC;0;988,6;988,9;988,3;;24,9;;25,4;24,8;;;;;;;;;
2024/03/20;0500 UTC;0;988,1;988,6;988;;25,1;;25,2;24,9;;;;;;;;;
2024/03/20;0600 UTC;0;987,5;988,1;987,5;55,7;24,1;;25,1;24;;;;;;;;;
2024/03/20;0700 UTC;0;987,5;987,7;987,3;13,2;23,9;;24,1;23,9;;;;;;;;;
2024/03/20;0800 UTC;0;987,9;987,9;987,4;520,2;23,6;;24;23,5;;;;;;;;;
2024/03/20;0900 UTC;0;988,3;988,3;987,8;934,9;23,7;;23,7;23,5;;;;;;;;;
2024/03/20;1000 UTC;0;989,1;989,1;988,3;399,7;26,1;;26,1;23,7;;;;;;;;;
2024/03/20;1100 UTC;0;990,1;990,1;989,1;2,4;26,3;;26,9;25,8;;;;;;;;;
2024/03/20;1200 UTC;0;990;990,2;990;;28,8;;28,9;26,3;;;;;;;;;
2024/03/20;1300 UTC;0;989,7;990;989,7;;29;;29,8;28,2;;;;;;;;;
2024/03/20;1400 UTC;0;989,2;989,7;989,2;;29,9;;30,9;29;;;;;;;;;
2024/03/20;1500 UTC;0;988,5;989,2;988,5;;30,4;;31,6;29,4;;;;;;;;;
2024/03/20;1600 UTC;0;987,3;988,5;987,3;;31,3;;31,7;29,8;;;;;;;;;
2024/03/20;1700 UTC;0;986,2;987,3;986,2;;32;32;32,7;31;32,6;30,8;100;93;100;;;;
2024/03/20;1800 UTC;0;985,5;986,2;985,5;;32,7;32,7;33;32;33;32,1;100;99;100;;;;
2024/03/20;1900 UTC;0;985,5;985,6;985,4;;31,9;31,9;32,7;31,4;32,7;31,4;100;99;100;;;;
2024/03/20;2000 UTC;0;986;986;985,5;;30,4;;32;30,4;32;30,8;100;97;;;;;
2024/03/20;2100 UTC;0;986,9;986,9;986;;27,9;;30,4;27,9;;;;;;;;;
2024/03/20;2200 UTC;0;987,7;987,7;986,9;;27,1;;27,9;27;;;;;;;;;
2024/03/20;2300 UTC;0;988,9;988,9;987,7;;26,8;;27,1;26,7;;;;;;;;;
2024/03/21;0000 UTC;0;989,4;989,4;988,9;;26,4;;26,8;26,2;;;;;;;;;
2024/03/21;0100 UTC;0;989,9;989,9;989,4;;25,8;;26,4;25,8;;;;;;;;;
2024/03/21;0200 UTC;0;990;990,1;989,9;;25,1;;25,8;25,1;;;;;;;;;
2024/03/21;0300 UTC;0;989,6;990,1;989,6;;25,1;;25,4;25,1;;;;;;;;;
2024/03/21;0400 UTC;0;989,2;989,6;989,1;;24,4;;25,1;24,4;;;;;;;;;
2024/03/21;0500 UTC;0;988,5;989,2;988,5;;24,2;;24,6;24,2;;;;;;;;;
2024/03/21;0600 UTC;0;988,4;988,5;988,4;;24,1;;24,3;24,1;;;;;;;;;
2024/03/21;0700 UTC;0;988,8;988,8;988,4;364,4;23,9;;24,2;23,8;;;;;;;;;
2024/03/21;0800 UTC;0;989;989,1;988,8;786,3;24,4;;24,4;23,9;;;;;;;;;
2024/03/21;0900 UTC;0;989,5;989,5;989;580;24,5;;24,5;24,4;;;;;;;;;
2024/03/21;1000 UTC;0;990,5;990,5;989,5;276,2;25,4;;25,4;24,5;;;;;;;;;
2024/03/21;1100 UTC;0;991,3;991,3;990,5;;27,4;;27,4;25,4;;;;;;;;;
2024/03/21;1200 UTC;0;991,5;991,6;991,3;;28,8;;28,8;27,2;;;;;;;;;
2024/03/21;1300 UTC;0;991,1;991,6;991,1;;30,3;;30,3;28,5;;;;;;;;;
2024/03/21;1400 UTC;0;990,5;991,1;990,5;;30,9;;31,5;29,5;;;;;;;;;
2024/03/21;1500 UTC;0;989,5;990,5;989,5;;31,8;31,5;31,8;30,8;31,7;30,4;100;94;98;;;;
2024/03/21;1600 UTC;0;988,3;989,5;988,3;;31,8;31,8;32,5;30,6;32,5;30,6;100;97;100;;;;
2024/03/21;1700 UTC;0;987,4;988,3;987,4;;32,1;31,9;32,5;31,5;32,5;31,4;100;94;99;;;;
2024/03/21;1800 UTC;0;987;987,4;987;;31,9;31,8;32,7;31,6;32,6;30,8;100;92;100;;;;
2024/03/21;1900 UTC;0;986,8;987;986,7;;31,7;30,5;32,5;31,4;32,3;30,4;100;89;93;;;;
2024/03/21;2000 UTC;0;986,7;986,8;986,7;;30,7;30,7;31,9;30,7;31,6;30,1;100;92;100;;;;
2024/03/21;2100 UTC;0;987,1;987,1;986,7;;28,8;;30,7;28,8;30,7;26,3;100;86;;;;;
2024/03/21;2200 UTC;0;987,8;987,8;987,1;;26,7;;28,7;26,6;;;;;;;;;
2024/03/21;2300 UTC;0;988,9;988,9;987,8;;26,1;;26,8;26,1;;;;;;;;;
2024/03/22;0000 UTC;0;989,8;989,8;988,9;;26;;26,4;25,9;;;;;;;;;
2024/03/22;0100 UTC;0;990,4;990,4;989,8;;25,6;;26;25,5;;;;;;;;;
2024/03/22;0200 UTC;0;990,2;990,4;990,2;;25,3;;25,7;25,3;;;;;;;;;
2024/03/22;0300 UTC;0;989,6;990,2;989,6;;25,5;;25,6;25,3;;;;;;;;;
2024/03/22;0400 UTC;0;988,7;989,6;988,7;;25,5;;25,8;25,4;;;;;;;;;
2024/03/22;0500 UTC;0;988,7;988,8;988,4;;25,5;;25,7;25,2;;;;;;;;;
2024/03/22;0600 UTC;0;989;989;988,7;;24,7;;25,6;24,7;;;;;;;;;
2024/03/22;0700 UTC;0;989,2;989,3;989;;24,1;;24,7;24;;;;;;;;;
2024/03/22;0800 UTC;0;989,5;989,5;989,1;;23,7;;24,1;23,7;;;;;;;;;
2024/03/22;0900 UTC;0;989,7;989,8;989,4;;23,7;;23,7;23,5;;;;;;;;;
2024/03/22;1000 UTC;0;990,4;990,4;989,7;;26,8;;26,9;23,7;;;;;;;;;
2024/03/22;1100 UTC;0;991;991;990,4;;28,3;;28,5;26,5;;;;;;;;;
2024/03/22;1200 UTC;0;991,6;991,7;991;;29,5;;29,5;27,8;;;;;;;;;
2024/03/22;1300 UTC;0;991,5;991,7;991,5;;29,5;;30,4;28,9;;;;;;;;;
2024/03/22;1400 UTC;0;990,9;991,6;990,9;;30,9;;31,1;29,4;;;;;;;;;
2024/03/22;1500 UTC;0;989,9;990,9;989,9;;31,1;31,1;32,2;30,6;32,2;30,4;100;97;100;;;;
2024/03/22;1600 UTC;0;988,7;989,9;988,7;;32,1;32,1;32,3;30,6;32,3;30,6;100;98;100;;;;
2024/03/22;1700 UTC;0;987,8;988,7;987,8;;32,4;32,3;32,6;31;32,6;31;100;95;100;;;;
2024/03/22;1800 UTC;0;987;987,8;987;;32,1;31,3;32,7;32;32,6;30,7;100;90;96;;;;
2024/03/22;1900 UTC;0;986,5;987;986,4;;31,9;30,1;32,4;31,8;31,6;29,4;99;84;91;;;;
2024/03/22;2000 UTC;0;987;987;986,5;;30,6;30,6;32;30,6;31,4;29,7;100;88;100;;;;
2024/03/22;2100 UTC;0;987,4;987,4;987;;28,8;;30,6;28,8;30,6;25,7;100;76;;;;;
2024/03/22;2200 UTC;0;988,3;988,3;987,4;;27,1;;28,8;27,1;;;;;;;;;
2024/03/22;2300 UTC;0;989,2;989,2;988,3;;26,5;;27,1;26,5;;;;;;;;;
2024/03/23;0000 UTC;0;989,9;989,9;989,2;;26;;26,5;26;;;;;;;;;
2024/03/23;0100 UTC;0;989,8;989,9;989,7;;25,7;;26;25,6;;;;;;;;;
2024/03/23;0200 UTC;0;989,9;990,1;989,8;;25,3;;25,7;25,2;;;;;;;;;
2024/03/23;0300 UTC;0;989,8;990,2;989,8;;25,1;;25,3;25;;;;;;;;;
2024/03/23;0400 UTC;0;988,9;989,8;988,9;;24,7;;25,2;24,7;;;;;;;;;
2024/03/23;0500 UTC;2,2;988,6;988,9;988,6;;23,9;;25;23,8;;;;;;;;;
2024/03/23;0600 UTC;,2;988,7;988,7;988,3;;23,7;;23,9;23,5;;;;;;;;;
2024/03/23;0700 UTC;0;988,6;988,7;988,5;;24,3;;24,3;23,8;;;;;;;;;
2024/03/23;0800 UTC;0;988,8;988,8;988,5;;24,2;;24,4;24,2;;;;;;;;;
2024/03/23;0900 UTC;0;989,5;989,5;988,8;184,6;24,2;;24,3;24,1;;;;;;;;;
2024/03/23;1000 UTC;0;989,5;989,6;989,4;945;25,7;;25,7;24,1;;;;;;;;;
2024/03/23;1100 UTC;0;990,1;990,1;989,5;949,4;27,3;;27,4;25,7;;;;;;;;;
2024/03/23;1200 UTC;,2;990,8;990,8;990,1;486,5;27,8;;29;27;;;;;;;;;
2024/03/23;1300 UTC;0;990,6;990,9;990,6;52,7;29,6;;29,6;27,7;;;;;;;;;
2024/03/23;1400 UTC;0;989,8;990,6;989,8;;30,5;;30,6;29,1;;;;;;;;;
2024/03/23;1500 UTC;0;988,9;989,8;988,9;;31,1;;31,1;30;;;;;;;;;
2024/03/23;1600 UTC;0;987,5;988,9;987,5;;31,9;31,9;31,9;30,2;31,9;30,1;100;95;100;;;;
2024/03/23;1700 UTC;0;986,7;987,5;986,7;;31,7;31,7;32,5;31,4;32,5;31,3;100;99;100;;;;
2024/03/23;1800 UTC;0;986,1;986,7;986,1;;31,3;31,3;32,5;31,3;32,4;31,1;100;98;100;;;;
2024/03/23;1900 UTC;0;986;986,1;985,8;;31,6;31,6;32,1;31,3;32,1;31,1;100;97;100;;;;
2024/03/23;2000 UTC;0;987;987;986;;30;30;31,7;30;31,7;30;100;100;100;;;;
2024/03/23;2100 UTC;2,4;988,8;988,8;987;291,5;24,9;;30,3;24,9;;;;;;;;;
2024/03/23;2200 UTC;10,6;989,4;989,5;988,8;1659,5;24,5;;25;24,4;;;;;;;;;
2024/03/23;2300 UTC;1,2;990;990;989,2;813,2;24,6;;24,6;24,4;;;;;;;;;
2024/03/24;0000 UTC;0;991,4;991,4;990;61,8;24,7;;24,7;24,3;;;;;;;;;
2024/03/24;0100 UTC;,6;991,7;992,1;991,4;;23,5;;25,1;23,4;;;;;;;;;
2024/03/24;0200 UTC;0;991,2;991,7;991,2;;23,2;;23,7;23,2;;;;;;;;;
2024/03/24;0300 UTC;,2;990,2;991,2;990,2;;23,4;;23,5;23,1;;;;;;;;;
2024/03/24;0400 UTC;0;989,4;990,2;989,4;;23,1;;23,5;23,1;;;;;;;;;
2024/03/24;0500 UTC;0;988,9;989,4;988,9;;23,2;;23,3;23,1;;;;;;;;;
2024/03/24;0600 UTC;0;988,5;988,9;988,5;;23,3;;23,4;23,2;;;;;;;;;
2024/03/24;0700 UTC;0;988,4;988,5;988,3;;23,4;;23,6;23,3;;;;;;;;;
2024/03/24;0800 UTC;0;988,4;988,5;988,4;;23,3;;23,4;23,3;;;;;;;;;
2024/03/24;0900 UTC;,2;988,8;988,8;988,3;;23,4;;23,4;23,3;;;;;;;;;
2024/03/24;1000 UTC;0;989,4;989,4;988,8;;24,7;;24,7;23,4;;;;;;;;;
2024/03/24;1100 UTC;0;989,7;989,7;989,4;;27,2;;27,5;24,6;;;;;;;;;
2024/03/24;1200 UTC;0;989,8;989,9;989,6;;28,3;;28,5;27;;;;;;;;;
2024/03/24;1300 UTC;0;989,9;990;989,8;;29,2;;29,6;28,2;;;;;;;;;
2024/03/24;1400 UTC;0;989,5;989,9;989,5;;30,3;30;30,3;28,6;;;;;98;;;;
2024/03/24;1500 UTC;0;988,9;989,5;988,9;;30,1;29,6;31,5;29,6;;;100;94;98;;;;
2024/03/24;1600 UTC;0;987,9;988,9;987,9;;31,2;31,2;31,8;29,7;31,7;29,2;100;97;100;;;;
2024/03/24;1700 UTC;0;987;987,9;987;;30,7;30,7;31,5;29,1;31,4;28;100;91;100;;;;
2024/03/24;1800 UTC;0;986,3;987;986,3;;31,6;31,6;31,6;30,2;31,6;30,2;100;99;100;;;;
2024/03/24;1900 UTC;0;985,8;986,4;985,8;;31,2;30,7;31,7;30,8;31,7;30,4;100;95;98;;;;
2024/03/24;2000 UTC;0;986;986;985,7;;30,2;30,2;31,2;30,2;31,2;30,2;100;98;100;;;;
2024/03/24;2100 UTC;0;986,4;986,4;986;;28,4;;30,2;28,4;;;;;;;;;
2024/03/24;2200 UTC;0;987,8;987,8;986,4;;27,4;;28,4;27,4;;;;;;;;;
2024/03/24;2300 UTC;0;988,3;988,3;987,8;;26,3;;27,5;26,3;;;;;;;;;
2024/03/25;0000 UTC;0;988,6;988,7;988,3;;25,8;;26,4;25,7;;;;;;;;;
2024/03/25;0100 UTC;0;989,4;989,4;988,6;;25,6;;25,9;25,6;;;;;;;;;
2024/03/25;0200 UTC;0;989,1;989,4;989;;25,1;;25,6;25,1;;;;;;;;;
2024/03/25;0300 UTC;0;989;989,1;989;;24,9;;25,1;24,7;;;;;;;;;
2024/03/25;0400 UTC;0;988,7;989;988,6;;24,8;;25;24,7;;;;;;;;;
2024/03/25;0500 UTC;0;988,4;988,7;988,4;;24,8;;25,1;24,8;;;;;;;;;
2024/03/25;0600 UTC;0;988,1;988,4;988;;24,7;;24,8;24,5;;;;;;;;;
2024/03/25;0700 UTC;0;988;988,1;987,9;;24,3;;24,7;24,3;;;;;;;;;
2024/03/25;0800 UTC;0;988;988;987,9;;24,4;;24,6;24,3;;;;;;;;;
2024/03/25;0900 UTC;0;988,7;988,7;988;;24,3;;24,5;24,2;;;;;;;;;
2024/03/25;1000 UTC;0;988,9;989;988,7;;26,9;;26,9;24,3;;;;;;;;;
2024/03/25;1100 UTC;0;989,3;989,3;988,9;;28;;28,1;26,9;;;;;;;;;
2024/03/25;1200 UTC;0;989,5;989,5;989,3;;28,5;;29,2;27,7;;;;;;;;;
2024/03/25;1300 UTC;0;989,1;989,5;989,1;;29,1;29,1;30;28,4;;;;;100;;;;
2024/03/25;1400 UTC;0;988,6;989,1;988,6;;29,9;29,9;30;28,9;;;100;91;100;;;;
2024/03/25;1500 UTC;0;988;988,6;988;0;30,7;30,7;31;29,3;31;29,3;100;99;100;;;;
2024/03/25;1600 UTC;0;987,1;988;987,1;0;30,8;30,8;31,7;29,8;31,7;29,8;100;100;100;;;;
2024/03/25;1700 UTC;0;986,5;987,1;986,4;;30,9;30,9;31,8;30;31,7;30;100;97;100;;;;
2024/03/25;1800 UTC;0;985,7;986,5;985,7;;31,6;31,5;31,8;30,9;31,7;30,1;100;90;99;;;;
2024/03/25;1900 UTC;0;985,7;985,8;985,6;;30,5;;31,7;30,5;31,7;30,1;100;91;;;;;
2024/03/25;2000 UTC;0;986,4;986,4;985,7;;26,6;;30,4;26,6;;;;;;;;;
2024/03/25;2100 UTC;0;987;987;986,4;;25,6;;26,8;25,5;;;;;;;;;
2024/03/25;2200 UTC;0;987,9;987,9;987;;25,6;;25,8;25,4;;;;;;;;;
2024/03/25;2300 UTC;0;988,6;988,6;987,9;;25,4;;25,6;25,3;;;;;;;;;
2024/03/26;0000 UTC;0;989,7;989,7;988,6;;25,5;;25,5;25,3;;;;;;;;;
2024/03/26;0100 UTC;0;989,8;990;989,7;;25,2;;25,5;25,2;;;;;;;;;
2024/03/26;0200 UTC;0;989,8;989,9;989,7;;25;;25,3;25;;;;;;;;;
2024/03/26;0300 UTC;0;989,8;989,9;989,7;;24,7;;25;24,7;;;;;;;;;
2024/03/26;0400 UTC;0;989,1;989,8;989,1;;24,8;;25,1;24,6;;;;;;;;;
2024/03/26;0500 UTC;0;988,6;989,1;988,6;;24,8;;25;24,6;;;;;;;;;
2024/03/26;0600 UTC;0;988,3;988,6;988,2;;24,2;;24,8;24,2;;;;;;;;;
2024/03/26;0700 UTC;0;988,6;988,6;988,2;;24,3;;24,3;24,1;;;;;;;;;
2024/03/26;0800 UTC;0;988,9;988,9;988,6;;24,4;;24,4;24,2;;;;;;;;;
2024/03/26;0900 UTC;,8;989,6;989,6;988,8;66,9;24,4;;24,5;24,3;;;;;;;;;
2024/03/26;1000 UTC;3,6;990,3;990,3;989,5;1233,5;25;;25,1;24,4;;;;;;;;;
2024/03/26;1100 UTC;0;990,8;990,8;990,3;166,4;26,8;;27,2;25;;;;;;;;;
2024/03/26;1200 UTC;0;991,7;991,7;990,8;;26,7;;27,9;26,4;;;;;;;;;
2024/03/26;1300 UTC;0;991,5;991,9;991,5;;29,1;;29,4;26,5;;;;;;;;;
2024/03/26;1400 UTC;,2;991,1;991,5;991,1;;30,3;;30,5;29,1;;;;;;;;;
2024/03/26;1500 UTC;0;990,3;991,1;990,3;;31,2;30,9;31,3;29,7;;;;;99;;;;
2024/03/26;1600 UTC;0;989,2;990,3;989,2;;31,8;31,8;31,9;30,8;31,9;30,8;100;97;100;;;;
2024/03/26;1700 UTC;0;988,2;989,2;988,2;;31,9;31,9;32,3;31;32,3;31,1;100;100;100;;;;
2024/03/26;1800 UTC;0;987,4;988,2;987,3;;31,7;31,7;32,1;30,8;32,1;30,8;100;98;100;;;;
2024/03/26;1900 UTC;0;987,1;987,4;987,1;;31,5;31,4;32,1;31,4;32,1;31;100;97;100;;;;
2024/03/26;2000 UTC;0;987,8;987,8;987;;30,5;30,5;31,5;30,5;31,5;30,5;100;96;100;;;;
2024/03/26;2100 UTC;0;988,2;988,2;987,7;;28;;30,5;28;;;;;;;;;
2024/03/26;2200 UTC;0;989,4;989,4;988,2;;26,8;;28;26,7;;;;;;;;;
2024/03/26;2300 UTC;0;990,2;990,2;989,4;;26;;26,7;26;;;;;;;;;
2024/03/27;0000 UTC;0;990,4;990,4;990,2;;25,4;;26;25,4;;;;;;;;;
2024/03/27;0100 UTC;0;990,8;990,8;990,4;;25,2;;25,5;25,1;;;;;;;;;
2024/03/27;0200 UTC;0;990,4;990,8;990,4;;24,8;;25,2;24,8;;;;;;;;;
2024/03/27;0300 UTC;0;990,2;990,4;990,2;;24,6;;24,8;24,5;;;;;;;;;
2024/03/27;0400 UTC;0;989,8;990,2;989,8;;24,9;;24,9;24,6;;;;;;;;;
2024/03/27;0500 UTC;0;989;989,8;989;;24,6;;24,9;24,6;;;;;;;;;
2024/03/27;0600 UTC;0;989;989;988,8;;24,6;;24,6;24,4;;;;;;;;;
2024/03/27;0700 UTC;0;989,2;989,3;989;;25;;25;24,6;;;;;;;;;
2024/03/27;0800 UTC;0;989,4;989,5;989,1;;24,9;;25;24,8;;;;;;;;;
2024/03/27;0900 UTC;7,8;990,6;990,6;989,4;223,4;23,9;;25;23,8;;;;;;;;;
2024/03/27;1000 UTC;1;991,6;991,7;990,6;13,7;24,1;;24,1;23,9;;;;;;;;;
2024/03/27;1100 UTC;3,4;993;993;991,6;1396,4;23,8;;24,1;23,7;;;;;;;;;
2024/03/27;1200 UTC;1,4;994;994,1;993;1728,4;23,4;;23,8;23,3;;;;;;;;;
2024/03/27;1300 UTC;1,6;994,2;994,5;994;1277,7;23,6;;23,6;23,4;;;;;;;;;
2024/03/27;1400 UTC;1,2;993,9;994,3;993,9;2126,3;24;;24,1;23,5;;;;;;;;;
2024/03/27;1500 UTC;,4;992,5;993,9;992,5;618,6;25,3;;25,3;23,9;;;;;;;;;
2024/03/27;1600 UTC;0;991;992,5;991;;26,6;;27;25,3;;;;;;;;;
2024/03/27;1700 UTC;0;989,8;991;989,8;;27,2;;27,3;26,5;;;;;;;;;
2024/03/27;1800 UTC;0;988,6;989,8;988,6;;27,6;;28,3;27,2;;;;;;;;;
2024/03/27;1900 UTC;0;988,7;988,7;988,5;;26,9;;27,6;26,9;;;;;;;;;
2024/03/27;2000 UTC;0;989,2;989,2;988,7;;25,8;;26,9;25,8;;;;;;;;;
2024/03/27;2100 UTC;0;989,7;989,7;989,2;;24,9;;25,8;24,9;;;;;;;;;
2024/03/27;2200 UTC;0;990,2;990,2;989,6;;24,4;;24,9;24,4;;;;;;;;;
2024/03/27;2300 UTC;0;991,2;991,2;990,2;;24,7;;24,7;24,4;;;;;;;;;
2024/03/28;0000 UTC;0;992,1;992,1;991,2;;24,7;;24,8;24,6;;;;;;;;;
2024/03/28;0100 UTC;0;992,2;992,2;992,1;;24,5;;24,7;24,5;;;;;;;;;
2024/03/28;0200 UTC;0;991,8;992,2;991,8;;24,5;;24,6;24,5;;;;;;;;;
2024/03/28;0300 UTC;0;991,2;991,8;991,2;;24,2;;24,5;24,2;;;;;;;;;
2024/03/28;0400 UTC;0;989,9;991,2;989,9;;24,3;;24,3;24,2;;;;;;;;;
2024/03/28;0500 UTC;0;988,8;989,9;988,8;;24;;24,3;23,9;;;;;;;;;
2024/03/28;0600 UTC;0;987,9;988,8;987,9;;23,7;;24,1;23,7;;;;;;;;;
2024/03/28;0700 UTC;0;988,2;988,2;987,8;;23,8;;23,9;23,7;;;;;;;;;
2024/03/28;0800 UTC;0;988,8;988,8;988,2;;23,9;;24;23,8;;;;;;;;;
2024/03/28;0900 UTC;0;989,5;989,5;988,8;;24,2;;24,2;23,8;;;;;;;;;
2024/03/28;1000 UTC;0;990,2;990,2;989,5;;26,5;;27;24,2;;;;;;;;;
2024/03/28;1100 UTC;0;991,1;991,1;990,2;;27,4;;27,5;26;;;;;;;;;
2024/03/28;1200 UTC;0;991,6;991,6;991,1;;28,4;;28,6;27,4;;;;;;;;;
2024/03/28;1300 UTC;0;991,2;991,8;991,2;;29,5;;29,8;27,8;;;;;;;;;
2024/03/28;1400 UTC;0;990,5;991,2;990,5;;29,4;;30,3;28,5;;;;;;;;;
2024/03/28;1500 UTC;0;989,9;990,5;989,9;;29,9;;31;29,1;;;;;;;;;
2024/03/28;1600 UTC;0;989,1;989,9;989,1;;31;;31;29,9;;;;;;;;;
2024/03/28;1700 UTC;0;988,6;989,1;988,6;;30,2;;31,4;30,1;;;;;;;;;
2024/03/28;1800 UTC;0;988,1;988,6;988,1;;31,4;31,1;31,5;30,2;;;;;98;;;;
2024/03/28;1900 UTC;0;988,1;988,1;987,9;;31,1;30,9;31,7;30,2;;;;;99;;;;
2024/03/28;2000 UTC;0;988,3;988,3;988;;30,4;;31,4;30,4;;;;;;;;;
2024/03/28;2100 UTC;0;988,6;988,6;988,3;;29,2;;30,4;29,2;;;;;;;;;
2024/03/28;2200 UTC;0;989;989;988,5;;27,5;;29,2;27,5;;;;;;;;;
2024/03/28;2300 UTC;0;989,9;989,9;989;;26,8;;27,5;26,8;;;;;;;;;
2024/03/29;0000 UTC;,2;990,5;990,7;989,9;;26,6;;26,8;26,4;;;;;;;;;
2024/03/29;0100 UTC;0;990,8;990,8;990,5;;25,7;;26,6;25,7;;;;;;;;;
2024/03/29;0200 UTC;0;990,8;990,9;990,8;;25,5;;25,8;25,5;;;;;;;;;
2024/03/29;0300 UTC;0;990,1;990,8;990,1;;25,9;;25,9;25,4;;;;;;;;;
2024/03/29;0400 UTC;3;989,6;990,1;989,6;;25,9;;26;25,8;;;;;;;;;
2024/03/29;0500 UTC;0;989,6;989,7;989,5;;25,8;;26;25,7;;;;;;;;;
2024/03/29;0600 UTC;0;989,5;989,6;989,3;;25,7;;25,8;25,5;;;;;;;;;
2024/03/29;0700 UTC;0;989,5;989,5;989,3;;25,3;;25,8;25,3;;;;;;;;;
2024/03/29;0800 UTC;0;989,8;989,8;989,5;;25,2;;25,4;25,2;;;;;;;;;
2024/03/29;0900 UTC;0;990,4;990,4;989,8;;25,3;;25,3;25;;;;;;;;;
2024/03/29;1000 UTC;0;991,1;991,1;990,4;18,2;27,3;;27,3;25,3;;;;;;;;;
2024/03/29;1100 UTC;0;991,5;991,5;991,1;22,4;28,4;;28,5;27,3;;;;;;;;;
2024/03/29;1200 UTC;0;991,8;991,9;991,5;;29,5;;29,6;28,3;;;;;;;;;
2024/03/29;1300 UTC;0;991,6;991,9;991,6;;29,1;;30;28,9;;;;;;;;;
2024/03/29;1400 UTC;0;990,9;991,6;990,9;39,3;30;;30,7;28,7;;;;;;;;;
2024/03/29;1500 UTC;0;990,2;990,9;990,2;;31,1;;31,2;29,9;;;;;;;;;
2024/03/29;1600 UTC;0;988,9;990,2;988,9;;31,3;;32,3;30,9;;;;;;;;;
2024/03/29;1700 UTC;0;987,8;988,9;987,8;;31,6;;32,5;30,9;;;;;;;;;
2024/03/29;1800 UTC;0;987,4;987,8;987,4;;31;;32,1;29,9;;;;;;;;;
2024/03/29;1900 UTC;0;987,7;987,9;987,3;;30,8;;31,5;30,5;;;;;;;;;
2024/03/29;2000 UTC;5,6;989,6;989,6;987,7;2853,5;23,7;;30,9;23,5;;;;;;;;;
2024/03/29;2100 UTC;1,4;989,4;989,6;989,1;6330,3;23,7;;23,8;23,6;;;;;;;;;
2024/03/29;2200 UTC;0;989,6;989,7;989;5694,3;24;;24,1;23,7;;;;;;;;;
2024/03/29;2300 UTC;0;990,1;990,1;989,6;3539,8;24,4;;24,5;24;;;;;;;;;
2024/03/30;0000 UTC;0;990,5;990,6;990,1;1808,3;24,6;;24,6;24,3;;;;;;;;;
2024/03/30;0100 UTC;0;990,8;990,8;990,3;488,2;24,7;;24,8;24,6;;;;;;;;;
2024/03/30;0200 UTC;0;990,4;990,8;990,3;;24,9;;25;24,7;;;;;;;;;
2024/03/30;0300 UTC;0;990,3;990,6;990,3;;25;;25,1;24,9;;;;;;;;;
2024/03/30;0400 UTC;0;989,7;990,3;989,7;;24,9;;25,1;24,7;;;;;;;;;
2024/03/30;0500 UTC;0;989,2;989,7;989;;24,9;;25;24,8;;;;;;;;;
2024/03/30;0600 UTC;,2;988,8;989,2;988,6;;25,1;;25,2;24,8;;;;;;;;;
2024/03/30;0700 UTC;2,2;988,9;989,1;988,8;1595,1;24,9;;25,1;24,8;;;;;;;;;
2024/03/30;0800 UTC;49,4;989,5;990,3;988,8;912,9;23,8;;24,9;23,8;;;;;;;;;
2024/03/30;0900 UTC;,6;990,3;990,4;989;1179,6;23,9;;24;23,6;;;;;;;;;
2024/03/30;1000 UTC;1,2;990,4;990,5;990,3;3159,6;24;;24;23,7;;;;;;;;;
2024/03/30;1100 UTC;0;991;991;990,4;5641,3;25,8;;26,1;24;;;;;;;;;
2024/03/30;1200 UTC;2;992,1;992,1;990,9;3004,4;25,1;;26,5;25,1;;;;;;;;;
2024/03/30;1300 UTC;21,4;993,1;993,1;992,1;;23,9;;25,1;23,8;;;;;;;;;
2024/03/30;1400 UTC;3,6;992,9;993,2;992,7;;25,2;;25,4;23,9;;;;;;;;;
2024/03/30;1500 UTC;2;991,3;992,9;991,3;1050,3;27,4;;27,4;25,1;;;;;;;;;
2024/03/30;1600 UTC;,2;990,7;991,3;990,7;2542,2;28,5;;28,6;27,1;;;;;;;;;
2024/03/30;1700 UTC;,8;989,8;990,7;989,8;;26,5;;28,5;26,5;;;;;;;;;
2024/03/30;1800 UTC;2;989,9;989,9;989,3;3121,8;25,9;;26,5;25,9;;;;;;;;;
2024/03/30;1900 UTC;,8;990,1;990,1;989,9;4020,7;26,7;;26,7;25,8;;;;;;;;;
2024/03/30;2000 UTC;0;990;990,4;989,8;3004,7;24,9;;26,7;24,8;;;;;;;;;
2024/03/30;2100 UTC;0;989,8;990;989,7;2934,7;24,3;;24,9;24,2;;;;;;;;;
2024/03/30;2200 UTC;0;989,3;989,8;989,3;1663,8;23,8;;24,3;23,7;;;;;;;;;
2024/03/30;2300 UTC;0;989,6;989,7;989,3;48,3;23,8;;23,9;23,8;;;;;;;;;
2024/03/31;0000 UTC;0;990,2;990,2;989,6;;23,6;;23,9;23,6;;;;;;;;;
2024/03/31;0100 UTC;0;990,7;990,7;990,2;;23,4;;23,6;23,3;;;;;;;;;
2024/03/31;0200 UTC;0;991,2;991,2;990,6;;23,1;;23,4;23,1;;;;;;;;;
2024/03/31;0300 UTC;0;991;991,3;991;;23,1;;23,2;23;;;;;;;;;
2024/03/31;0400 UTC;0;990,2;991;990,2;;23,1;;23,1;23;;;;;;;;;
2024/03/31;0500 UTC;0;989,9;990,3;989,9;;23,1;;23,3;23,1;;;;;;;;;
2024/03/31;0600 UTC;0;989,4;989,9;989,3;;23,4;;23,4;23,1;;;;;;;;;
2024/03/31;0700 UTC;0;989,1;989,4;989,1;;23,1;;23,6;23,1;;;;;;;;;
2024/03/31;0800 UTC;0;988,9;989,1;988,8;;23,6;;23,8;23,1;;;;;;;;;
2024/03/31;0900 UTC;0;989,4;989,4;988,8;;23,9;;23,9;23,6;;;;;;;;;
2024/03/31;1000 UTC;0;990;990;989,4;;25,9;;25,9;23,9;;;;;;;;;
2024/03/31;1100 UTC;0;990,5;990,5;990;;27,9;;27,9;25,9;;;;;;;;;
2024/03/31;1200 UTC;0;991,1;991,1;990,5;;28,3;;29;27,1;;;;;;;;;
2024/03/31;1300 UTC;0;991;991,2;991;;29,9;;30,6;28,3;;;;;;;;;
2024/03/31;1400 UTC;0;990,9;991;990,9;;30,4;;30,7;29,3;;;;;;;;;
2024/03/31;1500 UTC;0;990,3;990,9;990,3;;31,1;;31,8;30,3;;;;;;;;;
2024/03/31;1600 UTC;0;989,5;990,3;989,5;;31;;32;31;;;;;;;;;
2024/03/31;1700 UTC;0;988,9;989,5;988,9;;31,1;;32,1;30,8;;;;;;;;;
2024/03/31;1800 UTC;0;988,3;988,9;988,2;;30;;31,4;29,6;;;;;;;;;
2024/03/31;1900 UTC;0;988,4;988,4;988;;28;;30,1;28;;;;;;;;;
2024/03/31;2000 UTC;11,2;989,9;989,9;988,4;;23,8;;28,1;23,7;;;;;;;;;
2024/03/31;2100 UTC;2,2;990,3;990,3;989,9;322,8;24,2;;24,2;23,8;;;;;;;;;
2024/03/31;2200 UTC;,8;991,1;991,1;990,3;1163,2;24,5;;24,5;24,1;;;;;;;;;
2024/03/31;2300 UTC;0;990,8;991,1;990,8;1580;24,5;;24,7;24,5;;;;;;;;;
2024/04/01;0000 UTC;0;990,4;990,8;990,4;1727,7;24,7;;24,7;24,4;;;;;;;;;
2024/04/01;0100 UTC;0;990,5;990,5;990,2;1881,1;24,9;;24,9;24,7;;;;;;;;;
2024/04/01;0200 UTC;,2;990,2;990,5;990,2;1579;24,9;;25;24,9;;;;;;;;;
2024/04/01;0300 UTC;0;990,1;990,2;990;654,8;24,8;;24,9;24,7;;;;;;;;;
2024/04/01;0400 UTC;0;989,5;990,2;989,5;362;24,7;;24,8;24,7;;;;;;;;;
2024/04/01;0500 UTC;0;989,2;989,5;989;;24;;24,7;24;;;;;;;;;
2024/04/01;0600 UTC;0;988,8;989,2;988,8;;24;;24;23,9;;;;;;;;;
2024/04/01;0700 UTC;0;988,8;988,9;988,7;;23,8;;24;23,8;;;;;;;;;
2024/04/01;0800 UTC;0;989,1;989,1;988,7;;23,4;;23,8;23,3;;;;;;;;;
2024/04/01;0900 UTC;0;989,5;989,5;988,9;99,6;23,5;;23,6;23,3;;;;;;;;;
2024/04/01;1000 UTC;0;990,2;990,2;989,5;44,1;25,8;;26,3;23,4;;;;;;;;;
2024/04/01;1100 UTC;0;991;991;990,2;;26,8;;27,6;25,9;;;;;;;;;
2024/04/01;1200 UTC;0;991,4;991,4;991;;27,1;;28,7;26,8;;;;;;;;;
2024/04/01;1300 UTC;0;991,7;991,7;991,4;;29,3;;29,3;27,1;;;;;;;;;
2024/04/01;1400 UTC;0;991,1;991,7;991,1;;29,6;;30,9;29,4;;;;;;;;;
2024/04/01;1500 UTC;0;990,4;991,1;990,4;;31,5;;31,5;29,5;;;;;;;;;
2024/04/01;1600 UTC;0;989,2;990,4;989,2;;31,8;31,8;31,8;30,8;;;;;100;;;;
2024/04/01;1700 UTC;0;987,9;989,2;987,9;;31,3;31,3;32,2;30,9;;;;;100;;;;
2024/04/01;1800 UTC;0;987,4;987,9;987,4;;32,2;32,1;32,5;31;32,5;30,7;100;95;100;;;;
2024/04/01;1900 UTC;0;987,7;987,7;987,3;;29;;32,6;29;;;;;;;;;
2024/04/01;2000 UTC;0;988,5;988,5;987,7;;27,3;;29,2;27,3;;;;;;;;;
2024/04/01;2100 UTC;0;989,7;989,7;988,5;;27,5;;27,6;27;;;;;;;;;
2024/04/01;2200 UTC;0;989,7;989,8;989,6;;26,4;;27,5;26,4;;;;;;;;;
2024/04/01;2300 UTC;0;990,5;990,6;989,7;;25,1;;26,4;25,1;;;;;;;;;
2024/04/02;0000 UTC;0;991,1;991,1;990,4;;25,4;;25,4;24,9;;;;;;;;;
2024/04/02;0100 UTC;0;991,2;991,2;991;;25,2;;25,5;24,9;;;;;;;;;
2024/04/02;0200 UTC;0;991,1;991,3;991;;25,1;;25,3;25,1;;;;;;;;;
2024/04/02;0300 UTC;0;990,5;991,1;990,5;;24,9;;25,1;24,8;;;;;;;;;
2024/04/02;0400 UTC;0;989,7;990,5;989,7;;24,9;;25;24,8;;;;;;;;;
2024/04/02;0500 UTC;0;989,2;989,7;989,2;;24,6;;25;24,5;;;;;;;;;
2024/04/02;0600 UTC;0;989,4;989,5;989,1;;24,6;;24,6;24,4;;;;;;;;;
2024/04/02;0700 UTC;0;989,3;989,4;989,3;;24,5;;24,6;24,5;;;;;;;;;
2024/04/02;0800 UTC;0;989,4;989,5;989,3;;24,4;;24,6;24,4;;;;;;;;;
2024/04/02;0900 UTC;0;989,6;989,6;989,3;;24,5;;24,5;24,2;;;;;;;;;
2024/04/02;1000 UTC;0;990,6;990,6;989,6;;28,1;;28,1;24,5;;;;;;;;;
2024/04/02;1100 UTC;0;991,3;991,3;990,6;0;29;;29;27,5;;;;;;;;;
2024/04/02;1200 UTC;0;991,7;991,7;991,2;;29,5;;29,6;28,5;;;;;;;;;
2024/04/02;1300 UTC;0;991,4;991,7;991,4;;30,8;30,8;31;29;;;;;100;;;;
2024/04/02;1400 UTC;0;990,5;991,4;990,5;;31,8;31,8;31,9;30,3;31,9;30,1;100;97;100;;;;
2024/04/02;1500 UTC;0;989,6;990,5;989,6;,9;32,9;32,1;33,2;31,6;33;31,6;100;95;95;;;;
2024/04/02;1600 UTC;0;988,4;989,6;988,4;4,6;31,7;30,9;33,2;31,6;32,9;30,8;100;89;95;;;;
2024/04/02;1700 UTC;0;987,1;988,4;987,1;;32,2;31,9;32,7;31,6;32,6;30;100;88;99;;;;
2024/04/02;1800 UTC;0;986,7;987,1;986,6;;32,4;31,3;33;32;32,6;29,9;99;87;94;;;;
2024/04/02;1900 UTC;0;986,5;986,8;986,5;;32,5;29,6;32,7;32,3;32,1;29;98;82;85;;;;
2024/04/02;2000 UTC;0;986,6;986,6;986,2;;31,3;31,1;32,5;31,2;32,1;29,8;100;85;99;;;;
2024/04/02;2100 UTC;0;987,2;987,2;986,6;;28,6;;31,3;28,6;;;;;;;;;
2024/04/02;2200 UTC;0;988,6;988,6;987,2;;27,5;;28,7;27,5;;;;;;;;;
2024/04/02;2300 UTC;0;989,6;989,6;988,6;;26,4;;27,5;26,4;;;;;;;;;
2024/04/03;0000 UTC;0;990,1;990,2;989,6;;26;;26,4;25,9;;;;;;;;;
2024/04/03;0100 UTC;0;990,3;990,5;989,9;;25,9;;26;25,8;;;;;;;;;
2024/04/03;0200 UTC;0;990,2;990,3;990,2;;25,7;;25,9;25,6;;;;;;;;;
2024/04/03;0300 UTC;0;989,2;990,2;989,2;;25,2;;25,7;25,2;;;;;;;;;
2024/04/03;0400 UTC;0;988,9;989,3;988,9;;24,7;;25,2;24,7;;;;;;;;;
2024/04/03;0500 UTC;0;988,4;988,9;988,4;;24,4;;24,7;24,3;;;;;;;;;
2024/04/03;0600 UTC;0;988,6;988,6;988,3;;24,5;;24,5;24,1;;;;;;;;;
2024/04/03;0700 UTC;0;988,7;988,7;988,5;;24,6;;24,7;24,4;;;;;;;;;
2024/04/03;0800 UTC;0;989;989;988,7;;24,8;;24,8;24,6;;;;;;;;;
2024/04/03;0900 UTC;0;989,7;989,7;989;;24,9;;24,9;24,7;;;;;;;;;
2024/04/03;1000 UTC;0;990,4;990,4;989,7;;26,1;;26,1;24,9;;;;;;;;;
2024/04/03;1100 UTC;0;991,2;991,2;990,4;;27,8;;28;26,1;;;;;;;;;
2024/04/03;1200 UTC;0;991,4;991,4;991,2;;29,1;;29,1;27,7;;;;;;;;;
2024/04/03;1300 UTC;0;991,1;991,4;991,1;;30,5;;30,7;28,6;;;;;;;;;
2024/04/03;1400 UTC;0;990,5;991,1;990,5;;31,6;31,6;31,7;29,8;;;;;100;;;;
2024/04/03;1500 UTC;0;988,9;990,5;988,9;,5;32;32,1;32,6;31,5;32,5;31,3;100;92;100;;;;
2024/04/03;1600 UTC;0;988,5;988,9;988,3;12,7;28,5;;32;28,5;;;;;;;;;
2024/04/03;1700 UTC;0;987,7;988,5;987,5;14;30,3;;30,3;28,1;;;;;;;;;
2024/04/03;1800 UTC;,4;988;988;987,3;27;25,6;;30,5;25,6;;;;;;;;;
2024/04/03;1900 UTC;,4;988;988;987,7;;25,2;;25,9;25,2;;;;;;;;;
2024/04/03;2000 UTC;0;989,4;989,4;988;;25,4;;25,5;25,2;;;;;;;;;
2024/04/03;2100 UTC;,2;989,4;989,6;989,2;;25,3;;25,5;25,3;;;;;;;;;
2024/04/03;2200 UTC;0;990,4;990,4;989,2;;25,3;;25,4;25,1;;;;;;;;;
2024/04/03;2300 UTC;0;990,7;990,7;990,4;;25,1;;25,3;25;;;;;;;;;
2024/04/04;0000 UTC;0;991,3;991,3;990,7;;25;;25,2;24,9;;;;;;;;;
2024/04/04;0100 UTC;0;991,6;991,9;991,3;;25,2;;25,3;24,9;;;;;;;;;
2024/04/04;0200 UTC;0;990,9;991,6;990,9;;24,9;;25,3;24,8;;;;;;;;;
2024/04/04;0300 UTC;0;990,5;990,9;990,5;;24,5;;24,9;24,5;;;;;;;;;
2024/04/04;0400 UTC;0;989,7;990,5;989,7;;24,2;;24,5;24,1;;;;;;;;;
2024/04/04;0500 UTC;0;989;989,7;989;;24,1;;24,3;24;;;;;;;;;
2024/04/04;0600 UTC;0;988,6;989;988,5;;23,9;;24,1;23,7;;;;;;;;;
2024/04/04;0700 UTC;0;988,3;988,6;988,2;8,6;23,8;;23,9;23,5;;;;;;;;;
2024/04/04;0800 UTC;0;988,9;988,9;988,3;218;23,5;;23,9;23,5;;;;;;;;;
2024/04/04;0900 UTC;0;989,8;989,8;988,9;236,1;23,9;;23,9;23,4;;;;;;;;;
2024/04/04;1000 UTC;0;990,6;990,6;989,8;760,8;26,4;;26,5;23,9;;;;;;;;;
2024/04/04;1100 UTC;0;991,2;991,2;990,6;1139,8;29,1;;29,1;26,4;;;;;;;;;
2024/04/04;1200 UTC;0;991,7;991,9;991,2;450,4;29,4;;29,4;28,2;;;;;;;;;
2024/04/04;1300 UTC;0;991,7;991,9;991,6;;30,3;;30,5;29,3;;;;;;;;;
2024/04/04;1400 UTC;0;990,8;991,7;990,8;;31,5;;31,5;29,8;;;;;;;;;
2024/04/04;1500 UTC;0;989,9;990,8;989,8;;31;;31,8;30,7;;;;;;;;;
2024/04/04;1600 UTC;0;989,2;989,9;989,2;;31,4;;32,3;30,9;;;;;;;;;
2024/04/04;1700 UTC;9;989,5;989,9;989;77,9;24,7;;31,4;24,1;;;;;;;;;
2024/04/04;1800 UTC;0;988,9;989,5;988,4;;25,9;;26,7;24,7;;;;;;;;;
2024/04/04;1900 UTC;0;988,6;988,9;988,1;;26,1;;26,2;25,6;;;;;;;;;
2024/04/04;2000 UTC;0;989,3;989,3;988,6;;26;;26,3;25,9;;;;;;;;;
2024/04/04;2100 UTC;0;989,6;989,8;989,3;;25,4;;26;25,4;;;;;;;;;
2024/04/04;2200 UTC;,2;990,4;990,4;989,6;;25,3;;25,6;25,3;;;;;;;;;
2024/04/04;2300 UTC;0;991,5;991,5;990,4;;25,2;;25,3;25,1;;;;;;;;;
2024/04/05;0000 UTC;,2;991,9;991,9;991,5;;25,3;;25,3;25,1;;;;;;;;;
2024/04/05;0100 UTC;0;991,8;992;991,8;;25,1;;25,3;25,1;;;;;;;;;
2024/04/05;0200 UTC;0;991,7;991,8;991,7;;24,8;;25,1;24,8;;;;;;;;;
2024/04/05;0300 UTC;0;991,1;991,7;991,1;;24,8;;24,9;24,5;;;;;;;;;
2024/04/05;0400 UTC;0;990,2;991,1;990,2;;24,3;;24,8;24,3;;;;;;;;;
2024/04/05;0500 UTC;0;989,3;990,2;989,3;;24,2;;24,5;24,2;;;;;;;;;
2024/04/05;0600 UTC;0;988,8;989,3;988,8;;24;;24,4;23,9;;;;;;;;;
2024/04/05;0700 UTC;0;988,3;988,8;988,3;;23,6;;24;23,6;;;;;;;;;
2024/04/05;0800 UTC;0;988,5;988,5;988,3;;23,5;;23,7;23,5;;;;;;;;;
2024/04/05;0900 UTC;0;989,3;989,3;988,5;;23,1;;23,5;23,1;;;;;;;;;
2024/04/05;1000 UTC;0;989,8;989,8;989,3;;25,9;;25,9;23,1;;;;;;;;;
2024/04/05;1100 UTC;0;990,5;990,6;989,8;;27,1;;27,1;25,8;;;;;;;;;
2024/04/05;1200 UTC;0;991,4;991,4;990,5;;28,3;;28,5;26,4;;;;;;;;;
2024/04/05;1300 UTC;,2;991,5;991,5;991,4;;28,9;;29,7;28,1;;;;;;;;;
2024/04/05;1400 UTC;0;990,8;991,5;990,8;;29,4;;30,2;28,4;;;;;;;;;
2024/04/05;1500 UTC;0;989,7;990,8;989,7;;30,2;;30,4;29,3;;;;;;;;;
2024/04/05;1600 UTC;0;988,7;989,7;988,7;;31,1;;31,6;30,1;;;;;;;;;
2024/04/05;1700 UTC;0;987,4;988,7;987,4;;30,8;;31,9;30,3;;;;;;;;;
2024/04/05;1800 UTC;0;987;987,4;987;;29,6;;31,2;29,6;;;;;;;;;
2024/04/05;1900 UTC;0;987;987;986,8;;30,8;;30,9;29,6;;;;;;;;;
2024/04/05;2000 UTC;0;987,4;987,4;986,9;;28,8;;30,8;28,8;;;;;;;;;
2024/04/05;2100 UTC;0;988,7;988,7;987,4;;27,2;;28,8;27,2;;;;;;;;;
2024/04/05;2200 UTC;0;989,7;989,7;988,7;34,5;25,6;;27,2;25,6;;;;;;;;;
2024/04/05;2300 UTC;0;990,2;990,4;989,7;;25;;25,6;24,9;;;;;;;;;
2024/04/06;0000 UTC;0;990,7;990,7;990,2;;25;;25,1;24,9;;;;;;;;;
2024/04/06;0100 UTC;0;990,5;990,8;990,4;;24,9;;25,2;24,9;;;;;;;;;
2024/04/06;0200 UTC;0;990,2;990,5;990,2;;24,7;;24,9;24,7;;;;;;;;;
2024/04/06;0300 UTC;0;989,7;990,2;989,7;;24,4;;24,7;24,4;;;;;;;;;
2024/04/06;0400 UTC;0;989;989,7;989;;24,8;;24,9;24,4;;;;;;;;;
2024/04/06;0500 UTC;0;988,4;989;988,4;;24,4;;24,8;24,4;;;;;;;;;
2024/04/06;0600 UTC;0;988,2;988,5;988,2;;24,4;;24,4;24,1;;;;;;;;;
2024/04/06;0700 UTC;0;988,3;988,5;988,2;;24,6;;24,7;24,4;;;;;;;;;
2024/04/06;0800 UTC;0;988,6;988,6;988,3;,6;24,3;;24,7;24,3;;;;;;;;;
2024/04/06;0900 UTC;0;989,4;989,4;988,6;;24,3;;24,4;23,8;;;;;;;;;
2024/04/06;1000 UTC;0;990,5;990,5;989,4;53,3;24,3;;24,7;24,3;;;;;;;;;
2024/04/06;1100 UTC;3;990,7;990,8;990,5;;24,5;;24,6;24,1;;;;;;;;;
2024/04/06;1200 UTC;0;991,2;991,2;990,7;;26,7;;26,8;24,4;;;;;;;;;
2024/04/06;1300 UTC;0;991,2;991,4;991,2;18,1;28,4;;29;26,5;;;;;;;;;
2024/04/06;1400 UTC;,2;990,3;991,2;990,3;29,7;29,2;;30,5;28,3;;;;;;;;;
2024/04/06;1500 UTC;0;989,2;990,3;989,2;;30,2;;30,8;29,1;;;;;;;;;
2024/04/06;1600 UTC;0;988,1;989,2;988,1;;30,4;;30,4;28,6;;;;;;;;;
2024/04/06;1700 UTC;0;987,2;988,1;987,1;;28,6;;31,2;28,2;;;;;;;;;
2024/04/06;1800 UTC;,8;986,8;987,2;986,7;2,2;28,6;;29,7;28,5;;;;;;;;;
2024/04/06;1900 UTC;0;986,9;986,9;986,6;;27,9;;28,6;27,5;;;;;;;;;
2024/04/06;2000 UTC;0;988,2;988,2;986,9;;27;;28,3;27;;;;;;;;;
2024/04/06;2100 UTC;,2;989,1;989,2;988;,7;24,7;;27;24,7;;;;;;;;;
2024/04/06;2200 UTC;,6;989,4;989,4;988,9;;24,4;;24,7;24,3;;;;;;;;;
2024/04/06;2300 UTC;1;989,7;989,7;989,2;150,2;24,5;;24,6;24,4;;;;;;;;;
2024/04/07;0000 UTC;,2;990,4;990,4;989,7;159,4;24,4;;24,6;24,3;;;;;;;;;
2024/04/07;0100 UTC;0;990,7;990,8;990,4;108,9;24,3;;24,4;24,2;;;;;;;;;
2024/04/07;0200 UTC;0;990,3;990,7;990,3;72,7;24,2;;24,3;24,1;;;;;;;;;
2024/04/07;0300 UTC;0;989,9;990,3;989,9;12,1;24;;24,3;23,9;;;;;;;;;
2024/04/07;0400 UTC;0;989,1;989,9;989,1;85;23,8;;24,1;23,8;;;;;;;;;
2024/04/07;0500 UTC;0;988,7;989,1;988,6;171,2;23,8;;24;23,8;;;;;;;;;
2024/04/07;0600 UTC;0;988,7;988,7;988,5;326,5;23,8;;23,8;23,6;;;;;;;;;
2024/04/07;0700 UTC;0;989;989;988,7;204,6;23,9;;23,9;23,7;;;;;;;;;
2024/04/07;0800 UTC;0;989,5;989,6;989;42,9;24,1;;24,2;23,9;;;;;;;;;
2024/04/07;0900 UTC;0;990,1;990,1;989,5;;24,4;;24,4;24,1;;;;;;;;;
2024/04/07;1000 UTC;0;990,5;990,5;990,1;;25,1;;25,1;24,4;;;;;;;;;
2024/04/07;1100 UTC;0;991,1;991,1;990,5;325,2;26,4;;26,5;25,1;;;;;;;;;
2024/04/07;1200 UTC;0;991,5;991,5;991,1;475,7;28,1;;28,3;26,4;;;;;;;;;
2024/04/07;1300 UTC;,2;991,4;991,6;991,4;620,7;29,9;;29,9;28,1;;;;;;;;;
2024/04/07;1400 UTC;0;990,7;991,4;990,7;10;30,4;;30,5;29,4;;;;;;;;;
2024/04/07;1500 UTC;0;989,8;990,8;989,8;;30,7;;31,1;29,6;;;;;;;;;
2024/04/07;1600 UTC;0;988,5;989,8;988,5;,1;31,3;;31,5;30;;;;;;;;;
2024/04/07;1700 UTC;0;987,4;988,5;987,4;6,6;31,5;;31,9;30,8;;;;;;;;;
2024/04/07;1800 UTC;0;987;987,4;987;8,4;31,6;;31,7;30,7;;;;;;;;;
2024/04/07;1900 UTC;0;987,1;987,1;986,9;1,9;31;;31,9;30,6;;;;;;;;;
2024/04/07;2000 UTC;0;987,6;987,6;987,1;;29,4;;31,2;29,4;;;;;;;;;
2024/04/07;2100 UTC;0;988,1;988,1;987,6;;28;;29,4;28;;;;;;;;;
2024/04/07;2200 UTC;0;989;989;988,1;;27;;28,1;27;;;;;;;;;
2024/04/07;2300 UTC;0;989,6;989,6;989;;25,8;;27;25,8;;;;;;;;;
2024/04/08;0000 UTC;0;990,7;990,7;989,6;;25,5;;25,8;25,5;;;;;;;;;
2024/04/08;0100 UTC;0;990,9;991;990,7;;25,1;;25,6;25;;;;;;;;;
2024/04/08;0200 UTC;0;990,8;991,1;990,8;;24,8;;25,1;24,7;;;;;;;;;
2024/04/08;0300 UTC;0;989,7;990,8;989,7;;24,3;;24,9;24,3;;;;;;;;;
2024/04/08;0400 UTC;0;989,1;989,7;989,1;;24,3;;24,4;24,1;;;;;;;;;
2024/04/08;0500 UTC;0;988,5;989,1;988,5;;24,1;;24,5;24;;;;;;;;;
2024/04/08;0600 UTC;0;988,3;988,5;988,3;;24,1;;24,2;23,9;;;;;;;;;
2024/04/08;0700 UTC;0;988,3;988,4;988,2;;24,1;;24,2;23,8;;;;;;;;;
2024/04/08;0800 UTC;0;988,7;988,7;988,3;;24;;24,2;24;;;;;;;;;
2024/04/08;0900 UTC;0;989,3;989,3;988,7;;24,1;;24,1;23,7;;;;;;;;;
2024/04/08;1000 UTC;0;990;990;989,3;;26,1;;26,1;24,1;;;;;;;;;
2024/04/08;1100 UTC;0;990,3;990,3;990;;27,4;;27,5;26;;;;;;;;;
2024/04/08;1200 UTC;0;990,9;991;990,3;;28,3;;28,4;27,3;;;;;;;;;
2024/04/08;1300 UTC;0;990,8;990,9;990,7;3,9;30,1;;30,3;28,3;;;;;;;;;
2024/04/08;1400 UTC;0;990,7;991;990,7;9,7;30;;30,8;29,4;;;;;;;;;
2024/04/08;1500 UTC;0;990,1;990,7;990,1;51,7;28,6;;30,6;28,1;;;;;;;;;
2024/04/08;1600 UTC;,2;988,5;990,1;988,5;,4;31,2;;31,4;28,6;;;;;;;;;
2024/04/08;1700 UTC;0;988;988,5;988;9,1;30,7;;32;30,5;;;;;;;;;
2024/04/08;1800 UTC;0;987,6;988;987,6;9;31,1;;31,5;30,2;;;;;;;;;
2024/04/08;1900 UTC;0;987,7;987,8;987,6;,9;30;;31,1;30;;;;;;;;;
2024/04/08;2000 UTC;0;988,4;988,4;987,6;;27,7;;30;27,7;;;;;;;;;
2024/04/08;2100 UTC;0;989,3;989,3;988,4;;26,3;;27,7;26,3;;;;;;;;;
2024/04/08;2200 UTC;0;989,5;989,5;989,3;;25,4;;26,3;25,4;;;;;;;;;
2024/04/08;2300 UTC;0;989,9;989,9;989,5;;25,3;;25,5;25,2;;;;;;;;;
2024/04/09;0000 UTC;0;990,4;990,4;989,9;;25,4;;25,5;25,2;;;;;;;;;
2024/04/09;0100 UTC;0;990,7;990,7;990,4;;25,2;;25,4;25,2;;;;;;;;;
2024/04/09;0200 UTC;0;990,8;990,9;990,6;;25,1;;25,4;25,1;;;;;;;;;
2024/04/09;0300 UTC;0;990,1;990,8;990,1;;24,8;;25,3;24,8;;;;;;;;;
2024/04/09;0400 UTC;0;989,4;990,1;989,4;;24,8;;24,8;24,8;;;;;;;;;
2024/04/09;0500 UTC;0;988,7;989,4;988,7;;24,7;;24,9;24,7;;;;;;;;;
2024/04/09;0600 UTC;0;988,5;988,7;988,5;;24,7;;24,7;24,5;;;;;;;;;
2024/04/09;0700 UTC;0;988,4;988,5;988,3;;25,1;;25,1;24,7;;;;;;;;;
2024/04/09;0800 UTC;0;988,5;988,5;988,3;;25,2;;25,3;25,1;;;;;;;;;
2024/04/09;0900 UTC;0;989;989;988,5;;25,2;;25,3;25,2;;;;;;;;;
2024/04/09;1000 UTC;0;989,7;989,7;989;;26;;26,1;25,2;;;;;;;;;
2024/04/09;1100 UTC;0;990,1;990,1;989,7;;27,3;;27,3;26;;;;;;;;;
2024/04/09;1200 UTC;0;990,6;990,6;990,1;;29,1;;29,4;27,3;;;;;;;;;
2024/04/09;1300 UTC;0;990,7;990,7;990,6;;27,8;;30,1;27,8;;;;;;;;;
2024/04/09;1400 UTC;0;990,3;990,7;990,3;6,9;31;;31;27,7;;;;;;;;;
2024/04/09;1500 UTC;0;989,5;990,4;989,5;17,4;31,5;;31,5;30,2;;;;;;;;;
2024/04/09;1600 UTC;0;988,2;989,5;988,2;19,5;31,6;;32,3;30,8;;;;;;;;;
2024/04/09;1700 UTC;0;987,3;988,2;987,3;22,7;31,7;;32,5;31,4;;;;;;;;;
2024/04/09;1800 UTC;0;986,5;987,2;986,4;19,9;32,1;;32,5;31;;;;;;;;;
2024/04/09;1900 UTC;0;986,1;986,5;986,1;13,8;31,2;;32,1;31;;;;;;;;;
2024/04/09;2000 UTC;0;987,1;987,1;986;3,7;29,1;;31,5;29,1;;;;;;;;;
2024/04/09;2100 UTC;0;988,1;988,1;987,1;;26;;29;25,9;;;;;;;;;
2024/04/09;2200 UTC;0;989,3;989,3;988,1;;26,1;;26,1;26;;;;;;;;;
2024/04/09;2300 UTC;0;990;990;989,2;;26,1;;26,3;26;;;;;;;;;
2024/04/10;0000 UTC;0;990,4;990,5;990;;25,9;;26,1;25,8;;;;;;;;;
2024/04/10;0100 UTC;0;990,6;990,6;990,2;;25,6;;25,9;25,6;;;;;;;;;
2024/04/10;0200 UTC;0;989,7;990,6;989,7;;24,5;;25,6;24,5;;;;;;;;;
2024/04/10;0300 UTC;0;989,4;989,7;989,4;;24,9;;24,9;24,3;;;;;;;;;
2024/04/10;0400 UTC;0;988,4;989,4;988,4;;24,9;;25,2;24,9;;;;;;;;;
2024/04/10;0500 UTC;0;988,1;988,4;988,1;;25,1;;25,2;24,8;;;;;;;;;
2024/04/10;0600 UTC;0;987,6;988,1;987,6;;25,4;;25,4;25,1;;;;;;;;;
2024/04/10;0700 UTC;7,4;988;988,2;987,6;150,4;24,1;;25,5;24;;;;;;;;;
2024/04/10;0800 UTC;3,4;988,3;988,3;987,8;312,4;24,1;;24,1;23,8;;;;;;;;;
2024/04/10;0900 UTC;,4;989;989;988,2;;24,5;;24,5;24,1;;;;;;;;;
2024/04/10;1000 UTC;0;989,8;989,8;989;;25;;25,2;24,5;;;;;;;;;
2024/04/10;1100 UTC;,4;990,5;990,5;989,8;321,8;26;;26;25;;;;;;;;;
2024/04/10;1200 UTC;,2;991,3;991,3;990,5;2621,7;26,5;;26,5;25,7;;;;;;;;;
2024/04/10;1300 UTC;0;990,9;991,3;990,9;3314,1;27,9;;28,3;26,5;;;;;;;;;
2024/04/10;1400 UTC;0;990,1;990,9;990,1;721,7;27,4;;27,9;27;;;;;;;;;
2024/04/10;1500 UTC;0;989;990,1;989;6,5;28,5;;28,5;27,2;;;;;;;;;
2024/04/10;1600 UTC;,2;988,3;989;988,3;;29,7;;29,7;28,5;;;;;;;;;
2024/04/10;1700 UTC;0;987,6;988,3;987,6;;29,6;;29,8;29,3;;;;;;;;;
2024/04/10;1800 UTC;0;986,8;987,6;986,8;;29;;29,8;29;;;;;;;;;
2024/04/10;1900 UTC;0;986,9;986,9;986,6;;28,3;;29,1;28,3;;;;;;;;;
2024/04/10;2000 UTC;0;987,3;987,4;986,9;;27,4;;28,3;27,4;;;;;;;;;
2024/04/10;2100 UTC;0;988,2;988,2;987,2;;26,6;;27,4;26,6;;;;;;;;;
2024/04/10;2200 UTC;0;988,6;988,6;988,1;;25,3;;26,7;25,3;;;;;;;;;
2024/04/10;2300 UTC;0;989,6;989,6;988,5;;24,7;;25,3;24,6;;;;;;;;;
2024/04/11;0000 UTC;0;990,1;990,1;989,6;;24,5;;24,8;24,4;;;;;;;;;
2024/04/11;0100 UTC;0;990,2;990,2;990;;24,1;;24,5;24,1;;;;;;;;;
2024/04/11;0200 UTC;0;990,4;990,4;990,2;;24,1;;24,2;24,1;;;;;;;;;
2024/04/11;0300 UTC;0;990;990,4;990;;24,1;;24,2;23,9;;;;;;;;;
2024/04/11;0400 UTC;0;989,5;990;989,5;;23,9;;24,1;23,6;;;;;;;;;
2024/04/11;0500 UTC;0;989;989,5;989;;23,8;;24;23,6;;;;;;;;;
2024/04/11;0600 UTC;0;988,7;989;988,6;;23,6;;23,9;23,5;;;;;;;;;
2024/04/11;0700 UTC;0;988,5;988,7;988,5;;23,3;;23,6;23,2;;;;;;;;;
2024/04/11;0800 UTC;0;988,5;988,5;988,4;;23,1;;23,4;23;;;;;;;;;
2024/04/11;0900 UTC;0;989,1;989,1;988,5;;23,2;;23,2;22,8;;;;;;;;;
2024/04/11;1000 UTC;0;989,8;989,8;989,1;;25,1;;25,3;23,2;;;;;;;;;
2024/04/11;1100 UTC;0;990,2;990,2;989,8;;27,6;;27,6;25,1;;;;;;;;;
2024/04/11;1200 UTC;0;990,6;990,6;990,2;99,7;29,3;;29,6;27,6;;;;;;;;;
2024/04/11;1300 UTC;0;990,5;990,7;990,5;;30,3;;30,3;29,1;;;;;;;;;
2024/04/11;1400 UTC;0;990;990,6;990;,4;30,3;;30,6;29,9;;;;;;;;;
2024/04/11;1500 UTC;0;989,2;990;989,2;5,6;31,2;;31,2;29,7;;;;;;;;;
2024/04/11;1600 UTC;0;988,1;989,2;988,1;12,8;31,8;;32,2;30,5;;;;;;;;;
2024/04/11;1700 UTC;0;987,3;988,1;987,3;21,5;31,9;;32,3;30,8;;;;;;;;;
2024/04/11;1800 UTC;0;986,8;987,3;986,8;18,9;30,9;;32,3;30,9;;;100;95;;;;;
2024/04/11;1900 UTC;,6;987;987,1;986,6;198,5;26,6;;31;26,6;;;;;;;;;
2024/04/11;2000 UTC;0;987,2;987,2;986,8;4323,3;27,1;;27,3;26,1;;;;;;;;;
2024/04/11;2100 UTC;0;988,3;988,3;987,2;990,2;26,5;;27,3;26,4;;;;;;;;;
2024/04/11;2200 UTC;0;989,1;989,1;988,3;;25,5;;26,5;25,4;;;;;;;;;
2024/04/11;2300 UTC;0;990,1;990,1;989,1;;25,1;;25,5;25,1;;;;;;;;;
2024/04/12;0000 UTC;0;990,9;990,9;990,1;;25,2;;25,2;25;;;;;;;;;
2024/04/12;0100 UTC;0;991,5;991,5;990,8;;25,4;;25,5;25,1;;;;;;;;;
2024/04/12;0200 UTC;0;990,7;991,5;990,7;;25,2;;25,4;25,1;;;;;;;;;
2024/04/12;0300 UTC;0;990,2;990,7;990,2;;25,2;;25,3;25,1;;;;;;;;;
2024/04/12;0400 UTC;0;989,4;990,3;989,4;;25,1;;25,3;24,9;;;;;;;;;
2024/04/12;0500 UTC;,4;989,2;989,4;989,1;;24,8;;25,2;24,8;;;;;;;;;
2024/04/12;0600 UTC;2,4;989,8;989,8;989,2;;24,5;;24,9;24,4;;;;;;;;;
2024/04/12;0700 UTC;6,6;990,1;990,2;989,7;;23,7;;24,5;23,6;;;;;;;;;
2024/04/12;0800 UTC;5,2;990,8;990,8;990;;23,7;;23,7;23,6;;;;;;;;;
2024/04/12;0900 UTC;,4;990,8;991;990,8;;23,6;;23,7;23,5;;;;;;;;;
2024/04/12;1000 UTC;,2;990,7;990,9;990,7;;24,2;;24,2;23,6;;;;;;;;;
2024/04/12;1100 UTC;0;991,2;991,2;990,7;94;26,2;;26,4;24,1;;;;;;;;;
2024/04/12;1200 UTC;0;991,6;991,6;991,2;669;27,4;;27,6;26,2;;;;;;;;;
2024/04/12;1300 UTC;0;991,3;991,7;991,3;;29;;29;27,3;;;;;;;;;
2024/04/12;1400 UTC;0;990,5;991,3;990,5;;29;;29,6;28,1;;;;;;;;;
2024/04/12;1500 UTC;8,6;990,1;990,5;990;2919,9;26,2;;29;25,6;;;;;;;;;
2024/04/12;1600 UTC;3,8;989;990,1;989;1698,2;29,7;;29,7;25,8;;;;;;;;;
2024/04/12;1700 UTC;0;987,9;989;987,9;15,2;29,1;;30,3;27,4;;;;;;;;;
2024/04/12;1800 UTC;8,6;987,8;988;987,4;479,9;25,1;;30,5;25,1;;;;;;;;;
2024/04/12;1900 UTC;4;987,1;987,8;987,1;1314;25,8;;25,9;24,3;;;;;;;;;
2024/04/12;2000 UTC;0;987,8;987,8;986,9;5111,1;26,4;;26,7;25,8;;;;;;;;;
2024/04/12;2100 UTC;0;988;988;987,7;1859,9;26;;26,6;26;;;;;;;;;
2024/04/12;2200 UTC;0;989;989;987,9;1,4;25,6;;26,1;25,6;;;;;;;;;
2024/04/12;2300 UTC;0;989,5;989,5;988,9;;25,9;;26,1;25,6;;;;;;;;;
2024/04/13;0000 UTC;0;989,8;989,8;989,5;;25,4;;25,9;25,4;;;;;;;;;
2024/04/13;0100 UTC;0;990,5;990,5;989,8;;25,4;;25,5;25,2;;;;;;;;;
2024/04/13;0200 UTC;0;990,5;990,5;990;;25,5;;25,6;25,3;;;;;;;;;
2024/04/13;0300 UTC;0;990;990,5;989,9;;25,4;;25,5;25,4;;;;;;;;;
2024/04/13;0400 UTC;0;989,5;990;989,5;;25,4;;25,5;25,3;;;;;;;;;
2024/04/13;0500 UTC;0;989,4;989,6;989,2;;25,1;;25,4;25,1;;;;;;;;;
2024/04/13;0600 UTC;1,6;989,7;989,7;989,2;;23,8;;25,2;23,8;;;;;;;;;
2024/04/13;0700 UTC;4,6;989,1;989,7;989;909,7;23,5;;23,8;23,4;;;;;;;;;
2024/04/13;0800 UTC;,2;988,8;989,2;988,8;2145,4;23,6;;23,7;23,4;;;;;;;;;
2024/04/13;0900 UTC;0;989,6;989,6;988,7;2303,2;23,7;;23,8;23,6;;;;;;;;;
2024/04/13;1000 UTC;0;990,2;990,2;989,6;323,2;24,8;;24,8;23,7;;;;;;;;;
2024/04/13;1100 UTC;0;990,5;990,5;990,2;;26,4;;26,6;24,7;;;;;;;;;
2024/04/13;1200 UTC;0;990,9;990,9;990,5;;28,1;;28,2;26,5;;;;;;;;;
2024/04/13;1300 UTC;0;990,9;990,9;990,8;;29,1;;29,8;28,1;;;;;;;;;
2024/04/13;1400 UTC;0;990,1;990,9;990,1;;29,9;;30,3;28,1;;;;;;;;;
2024/04/13;1500 UTC;,2;988,7;990;988,7;;30,5;;30,9;29,3;;;;;;;;;
2024/04/13;1600 UTC;0;987,9;988,7;987,9;8,1;30,3;;31,7;30,2;;;;;;;;;
2024/04/13;1700 UTC;0;986,8;987,9;986,7;19,6;31,3;;31,6;30,4;;;;;;;;;
2024/04/13;1800 UTC;0;986,7;986,7;986,4;19,9;29,6;;31,7;29,6;;;;;;;;;
2024/04/13;1900 UTC;,2;986,8;986,8;986,5;14,1;26,7;;29,5;26,4;;;;;;;;;
2024/04/13;2000 UTC;0;987,5;987,6;986,8;;26,5;;26,8;26,5;;;;;;;;;
2024/04/13;2100 UTC;0;987,8;987,9;987,5;;26,1;;26,5;26,1;;;;;;;;;
2024/04/13;2200 UTC;0;989,2;989,2;987,8;;25,3;;26,1;25,3;;;;;;;;;
2024/04/13;2300 UTC;0;989,5;989,5;989,2;;24,6;;25,3;24,6;;;;;;;;;
2024/04/14;0000 UTC;0;989,7;989,8;989,4;;24,3;;24,7;24,2;;;;;;;;;
2024/04/14;0100 UTC;0;989,6;989,8;989,6;;24,1;;24,5;24,1;;;;;;;;;
2024/04/14;0200 UTC;0;989,2;989,8;989,2;;24,1;;24,2;23,9;;;;;;;;;
2024/04/14;0300 UTC;0;988,9;989,2;988,7;;24,2;;24,2;24;;;;;;;;;
2024/04/14;0400 UTC;0;988;988,9;988;;24,3;;24,6;24,1;;;;;;;;;
2024/04/14;0500 UTC;0;987,6;988,1;987,6;;24;;24,3;24;;;;;;;;;
2024/04/14;0600 UTC;0;987,2;987,6;987,2;;24,2;;24,3;23,9;;;;;;;;;
2024/04/14;0700 UTC;0;987,5;987,5;987,1;;24,1;;24,2;24;;;;;;;;;
2024/04/14;0800 UTC;0;988;988;987,5;;23,9;;24,2;23,9;;;;;;;;;
2024/04/14;0900 UTC;0;988,6;988,6;988;;24,1;;24,1;23,9;;;;;;;;;
2024/04/14;1000 UTC;0;989,1;989,1;988,6;;26,1;;26,2;24,1;;;;;;;;;
2024/04/14;1100 UTC;0;989,6;989,6;989,1;;27,7;;28,1;26;;;;;;;;;
2024/04/14;1200 UTC;0;990;990;989,6;;27,7;;27,9;26,9;;;;;;;;;
2024/04/14;1300 UTC;0;990,1;990,2;990;4,9;28,7;;29,1;27,5;;;;;;;;;
2024/04/14;1400 UTC;,2;989,5;990,2;989,5;11,7;29,7;;30,1;28,5;;;;;;;;;
2024/04/14;1500 UTC;0;988,4;989,5;988,4;15,9;31,2;;31,2;29,4;;;;;;;;;
2024/04/14;1600 UTC;0;987,5;988,4;987,5;25,6;31,5;;31,9;30,8;;;;;;;;;
2024/04/14;1700 UTC;0;986,7;987,6;986,7;31,6;32;;32,2;30,9;;;;;;;;;
2024/04/14;1800 UTC;0;986,3;986,7;986,3;28,1;31,4;;32,1;30,8;;;;;;;;;
2024/04/14;1900 UTC;0;986,4;986,4;986,3;11,4;31,3;;31,9;30,8;;;;;;;;;
2024/04/14;2000 UTC;0;987;987;986,4;6,1;29,7;;31,3;29,7;;;;;;;;;
2024/04/14;2100 UTC;0;987,2;987,2;987;;28,2;;29,7;28,2;;;;;;;;;
2024/04/14;2200 UTC;0;987,8;987,8;987,2;;26,9;;28,2;26,9;;;;;;;;;
2024/04/14;2300 UTC;0;988,5;988,5;987,8;;26,3;;26,9;26,3;;;;;;;;;
2024/04/15;0000 UTC;0;989,4;989,4;988,5;;26;;26,6;26;;;;;;;;;
2024/04/15;0100 UTC;0;990;990;989,3;;25,7;;26,3;25,7;;;;;;;;;
2024/04/15;0200 UTC;0;989,6;990,1;989,6;;25,3;;25,8;25,3;;;;;;;;;
2024/04/15;0300 UTC;0;989,2;989,6;989,2;;25,5;;25,7;25,3;;;;;;;;;
2024/04/15;0400 UTC;0;988,3;989,2;988,3;;25,6;;25,8;25,5;;;;;;;;;
2024/04/15;0500 UTC;0;988,3;988,4;988,2;;25,7;;25,8;25,6;;;;;;;;;
2024/04/15;0600 UTC;0;988,1;988,3;987,8;;24,9;;25,8;24,9;;;;;;;;;
2024/04/15;0700 UTC;0;988,5;988,5;988;;25,2;;25,3;24,9;;;;;;;;;
2024/04/15;0800 UTC;0;988,8;988,8;988,5;;25,1;;25,3;25,1;;;;;;;;;
2024/04/15;0900 UTC;0;989,3;989,4;988,8;;24,8;;25,1;24,7;;;;;;;;;
2024/04/15;1000 UTC;0;990;990;989,3;;26;;26;24,8;;;;;;;;;
2024/04/15;1100 UTC;0;990,4;990,4;990;;28,1;;28,2;26;;;;;;;;;
2024/04/15;1200 UTC;0;990,3;990,4;990,3;,3;28,8;;29,3;28;;;;;;;;;
2024/04/15;1300 UTC;0;990,3;990,4;990,3;,8;29,3;;30,3;28,5;;;;;;;;;
2024/04/15;1400 UTC;0;989,5;990,3;989,5;2,4;30,9;;31;29,1;;;;;;;;;
2024/04/15;1500 UTC;0;988,5;989,5;988,5;2,3;31,2;;31,2;29,6;;;;;;;;;
2024/04/15;1600 UTC;0;987,8;988,5;987,8;7,2;32,2;;32,2;31;;;;;;;;;
2024/04/15;1700 UTC;0;987,2;987,8;987,1;11,5;30,8;;32,2;30,8;;;;;;;;;
2024/04/15;1800 UTC;,4;986,6;987,2;986,6;217,3;30,2;;31,7;29;;;;;;;;;
2024/04/15;1900 UTC;0;986,6;986,7;986,6;;31,2;;31,5;30,2;;;;;;;;;
2024/04/15;2000 UTC;0;986,8;986,8;986,6;;30,1;;31,3;30,1;;;;;;;;;
2024/04/15;2100 UTC;0;987,3;987,3;986,7;;28,1;;30,1;28;;;;;;;;;
2024/04/15;2200 UTC;0;987,9;987,9;987,3;;27,3;;28,1;27,1;;;;;;;;;
2024/04/15;2300 UTC;0;988,6;988,6;987,9;;26,4;;27,2;26,4;;;;;;;;;
2024/04/16;0000 UTC;0;989,5;989,5;988,6;;26,2;;26,4;26;;;;;;;;;
2024/04/16;0100 UTC;0;989,7;989,7;989,4;;25,8;;26,3;25,7;;;;;;;;;
2024/04/16;0200 UTC;0;990;990,1;989,7;;25,4;;25,9;25,4;;;;;;;;;
2024/04/16;0300 UTC;0;990;990,1;989,8;;25,4;;25,7;25,4;;;;;;;;;
2024/04/16;0400 UTC;0;988,8;990,1;988,8;;25,7;;25,7;25,4;;;;;;;;;
2024/04/16;0500 UTC;0;988,5;988,8;988,3;;25,6;;25,7;25,4;;;;;;;;;
2024/04/16;0600 UTC;0;988,2;988,5;988,2;;25,7;;25,7;25,5;;;;;;;;;
2024/04/16;0700 UTC;0;988,4;988,5;988,1;;25,7;;25,7;25,4;;;;;;;;;
2024/04/16;0800 UTC;0;988,7;988,7;988,2;;25,4;;25,7;25,4;;;;;;;;;
2024/04/16;0900 UTC;0;989,5;989,5;988,6;;25,8;;25,8;25,3;;;;;;;;;
2024/04/16;1000 UTC;0;990,6;990,6;989,5;;26,4;;26,4;25,8;;;;;;;;;
2024/04/16;1100 UTC;0;991,1;991,1;990,6;;27,3;;27,3;26,3;;;;;;;;;
2024/04/16;1200 UTC;0;991,5;991,6;991,1;;28,9;;29,2;27,3;;;;;;;;;
2024/04/16;1300 UTC;0;991,1;991,5;991,1;2,6;30,2;;30,7;28,3;;;;;;;;;
2024/04/16;1400 UTC;0;990,7;991,1;990,7;9,1;30,7;;31,1;29,9;;;;;;;;;
2024/04/16;1500 UTC;0;989,9;990,7;989,9;6,9;31,2;;31,6;30,2;;;;;;;;;
2024/04/16;1600 UTC;0;988,9;989,9;988,9;3,3;31,4;;32;30,7;;;;;;;;;
2024/04/16;1700 UTC;0;987,8;988,9;987,8;11,3;31,3;;32,4;31;;;;;;;;;
2024/04/16;1800 UTC;0;987,1;987,8;987,1;4,5;31,1;;32;30,9;;;;;;;;;
2024/04/16;1900 UTC;0;987,1;987,2;987,1;;31,1;;31,8;30,9;;;;;;;;;
2024/04/16;2000 UTC;0;987,6;987,6;987,1;;30,4;;31,1;30,4;;;;;;;;;
2024/04/16;2100 UTC;0;988,4;988,4;987,6;;28,7;;30,4;28,7;;;;;;;;;
2024/04/16;2200 UTC;0;989,8;989,8;988,4;;28,7;;28,7;28,2;;;;;;;;;
2024/04/16;2300 UTC;0;990,2;990,2;989,8;;25,7;;28,6;25,7;;;;;;;;;
2024/04/17;0000 UTC;0;990,3;990,3;989,7;;25,4;;25,8;25,4;;;;;;;;;
2024/04/17;0100 UTC;0;989,6;990,3;989,5;;25,2;;25,6;25,2;;;;;;;;;
2024/04/17;0200 UTC;0;989,2;989,6;989,1;;24,9;;25,2;24,8;;;;;;;;;
2024/04/17;0300 UTC;0;989,5;990;989,2;;25,2;;25,4;24,5;;;;;;;;;
2024/04/17;0400 UTC;0;988,6;989,5;988,6;;24,5;;25,2;24,5;;;;;;;;;
2024/04/17;0500 UTC;0;988,2;988,6;988,2;;24,1;;24,6;24,1;;;;;;;;;
2024/04/17;0600 UTC;0;988,2;988,2;988;;23,7;;24,1;23,7;;;;;;;;;
2024/04/17;0700 UTC;0;988,1;988,3;988,1;;23,4;;23,8;23,4;;;;;;;;;
2024/04/17;0800 UTC;0;988,7;988,7;988,1;;23;;23,5;23;;;;;;;;;
2024/04/17;0900 UTC;0;989,4;989,4;988,7;;23,1;;23,1;22,8;;;;;;;;;
2024/04/17;1000 UTC;0;989,7;989,8;989,4;;27;;27,1;23,1;;;;;;;;;
2024/04/17;1100 UTC;0;990,6;990,6;989,7;;27,8;;28;26,8;;;;;;;;;
2024/04/17;1200 UTC;0;990,8;990,8;990,6;;28,9;;29,1;27,6;;;;;;;;;
2024/04/17;1300 UTC;0;990,5;990,9;990,5;1,8;30,2;;30,4;28,8;;;;;;;;;
2024/04/17;1400 UTC;0;990;990,5;990;3,6;30,1;;30,4;29;;;;;;;;;
2024/04/17;1500 UTC;0;989,1;990;989,1;;30,9;;30,9;29,2;;;;;;;;;
2024/04/17;1600 UTC;0;988;989,1;988;6,2;31,8;31,9;31,8;29,7;;;;;100;;;;
2024/04/17;1700 UTC;0;987,4;988;987,4;12,9;31,3;31,3;32,1;30,4;31,9;30,4;100;97;100;;;;
2024/04/17;1800 UTC;0;986,8;987,4;986,8;9,7;31,5;31,5;31,8;30,1;31,9;30,1;100;95;100;;;;
2024/04/17;1900 UTC;0;986,7;986,9;986,7;0;31,2;31,3;31,6;31,1;31,6;31,1;100;100;100;;;;
2024/04/17;2000 UTC;0;987;987;986,7;1,3;30,4;30,4;31,4;30,4;;;;;100;;;;
2024/04/17;2100 UTC;0;987,3;987,3;987;;28,3;;30,4;28,3;;;;;;;;;
2024/04/17;2200 UTC;0;988,5;988,5;987,3;;27,5;;28,3;27,5;;;;;;;;;
2024/04/17;2300 UTC;0;988,8;988,8;988,5;;26,4;;27,5;26,4;;;;;;;;;
2024/04/18;0000 UTC;0;989,2;989,2;988,7;;26,4;;26,7;26,3;;;;;;;;;
2024/04/18;0100 UTC;0;989,2;989,3;989,1;;26;;26,6;26;;;;;;;;;
2024/04/18;0200 UTC;0;989,2;989,5;989,2;;26,1;;26,2;25,8;;;;;;;;;
2024/04/18;0300 UTC;,2;988,6;989,2;988,6;;25,9;;26,1;25,8;;;;;;;;;
2024/04/18;0400 UTC;0;987,8;988,6;987,8;;25,7;;25,9;25,6;;;;;;;;;
2024/04/18;0500 UTC;0;987,4;988,2;987,3;;25,3;;25,7;25,3;;;;;;;;;
2024/04/18;0600 UTC;0;987,2;987,6;987,1;;25;;25,3;25;;;;;;;;;
2024/04/18;0700 UTC;0;987,2;987,3;987,1;;24,9;;25,1;24,8;;;;;;;;;
2024/04/18;0800 UTC;2,2;987,6;987,6;987,2;;24,7;;24,9;24,7;;;;;;;;;
2024/04/18;0900 UTC;0;988,4;988,4;987,6;;24,8;;24,8;24,5;;;;;;;;;
2024/04/18;1000 UTC;0;989;989;988,4;514,8;27;;27,1;24,8;;;;;;;;;
2024/04/18;1100 UTC;0;989,2;989,3;989;3707,3;28;;28,1;26,5;;;;;;;;;
2024/04/18;1200 UTC;0;989,6;989,6;989,2;2215,2;28,6;;29,4;27,9;;;;;;;;;
2024/04/18;1300 UTC;0;989,7;989,8;989,6;260;30,3;;30,3;28,4;;;;;;;;;
2024/04/18;1400 UTC;0;989,1;989,7;989,1;2,9;31;;31,6;29,9;;;;;;;;;
2024/04/18;1500 UTC;0;988,2;989,1;988,2;2,6;31,4;;31,5;29,8;;;;;;;;;
2024/04/18;1600 UTC;0;987,3;988,2;987,3;3,5;31,2;;31,8;30,3;;;;;;;;;
2024/04/18;1700 UTC;0;986,1;987,3;986,1;8,4;32,1;;32,3;30,4;;;;;;;;;
2024/04/18;1800 UTC;0;986,1;986,2;985,7;10;31,4;;32,1;30,6;;;;;;;;;
2024/04/18;1900 UTC;0;986,7;986,7;986,1;,7;30,3;;31,8;30,3;;;100;94;;;;;
2024/04/18;2000 UTC;0;987,4;987,5;986,7;;27,8;;30,3;27,8;;;;;;;;;
2024/04/18;2100 UTC;0;988,1;988,1;987,4;;26,6;;27,8;26,6;;;;;;;;;
2024/04/18;2200 UTC;0;988,6;988,6;988,1;;26,4;;26,6;26,3;;;;;;;;;
2024/04/18;2300 UTC;0;989,2;989,3;988,6;;26,5;;26,6;26,3;;;;;;;;;
2024/04/19;0000 UTC;0;989,9;989,9;989,2;;26,1;;26,5;26;;;;;;;;;
2024/04/19;0100 UTC;0;989,8;989,9;989,7;;25,8;;26,2;25,8;;;;;;;;;
2024/04/19;0200 UTC;0;989,8;989,9;989,6;;25,5;;25,8;25,5;;;;;;;;;
2024/04/19;0300 UTC;0;989,4;989,8;989,3;;25,1;;25,5;25,1;;;;;;;;;
2024/04/19;0400 UTC;0;988,9;989,4;988,9;;24,9;;25,3;24,9;;;;;;;;;
2024/04/19;0500 UTC;0;987,9;988,9;987,9;;24,6;;25,2;24,6;;;;;;;;;
2024/04/19;0600 UTC;0;987,9;987,9;987,7;;24,6;;24,8;24,5;;;;;;;;;
2024/04/19;0700 UTC;0;988,1;988,1;987,8;;24,5;;24,7;24,5;;;;;;;;;
2024/04/19;0800 UTC;0;988,5;988,5;988,1;;24,3;;24,5;24,2;;;;;;;;;
2024/04/19;0900 UTC;0;989,4;989,4;988,5;;24,9;;24,9;24,2;;;;;;;;;
2024/04/19;1000 UTC;0;990,2;990,2;989,4;;25,6;;25,6;24,9;;;;;;;;;
2024/04/19;1100 UTC;0;991,1;991,1;990,2;;27,8;;27,8;25,5;;;;;;;;;
2024/04/19;1200 UTC;0;991,6;991,6;991,1;1547;28,9;;29;27,5;;;;;;;;;
2024/04/19;1300 UTC;0;991,2;991,6;991,2;;28,9;;30;28,5;;;;;;;;;
2024/04/19;1400 UTC;0;990,7;991,2;990,7;4,2;30,4;;30,4;28,7;;;;;;;;;
2024/04/19;1500 UTC;0;989,9;990,7;989,9;10,9;30,3;;30,7;30;;;;;;;;;
2024/04/19;1600 UTC;0;989;989,9;989;6,4;28,6;;30,4;28,4;;;;;;;;;
2024/04/19;1700 UTC;0;988,1;989;988,1;;29,7;;29,7;28,4;;;;;;;;;
2024/04/19;1800 UTC;0;987,8;988,1;987,6;;30;30;30,3;29,7;;;;;100;;;;
2024/04/19;1900 UTC;0;987,8;988;987,8;;28,7;;30;28,7;;;;;;;;;
2024/04/19;2000 UTC;0;988,3;988,3;987,8;;27,8;;28,7;27,8;;;;;;;;;
2024/04/19;2100 UTC;0;989,5;989,5;988,3;;26,2;;27,8;26,2;;;;;;;;;
2024/04/19;2200 UTC;0;989,9;989,9;989,5;;26;;26,2;26;;;;;;;;;
2024/04/19;2300 UTC;0;990,4;990,4;989,9;;25,3;;26;25,3;;;;;;;;;
2024/04/20;0000 UTC;0;990,9;990,9;990,4;;25;;25,3;25;;;;;;;;;
2024/04/20;0100 UTC;0;991,1;991,1;990,9;;24,9;;25,1;24,8;;;;;;;;;
2024/04/20;0200 UTC;0;991;991,2;990,8;;24,7;;25;24,7;;;;;;;;;
2024/04/20;0300 UTC;0;990,5;991;990,5;;24,8;;24,9;24,6;;;;;;;;;
2024/04/20;0400 UTC;0;989,3;990,5;989,3;;25;;25;24,6;;;;;;;;;
2024/04/20;0500 UTC;0;988,8;989,3;988,8;;24,8;;25,1;24,7;;;;;;;;;
2024/04/20;0600 UTC;0;988,9;989,1;988,8;;24,7;;24,8;24,6;;;;;;;;;
2024/04/20;0700 UTC;0;989,1;989,1;988,9;;24,6;;24,7;24,6;;;;;;;;;
2024/04/20;0800 UTC;0;990;990;989,1;;24,5;;24,7;24,4;;;;;;;;;
2024/04/20;0900 UTC;0;990,5;990,5;990;;24,6;;24,7;24,4;;;;;;;;;
2024/04/20;1000 UTC;,2;991,2;991,2;990,5;;24,9;;25;24,6;;;;;;;;;
2024/04/20;1100 UTC;4,2;992,5;992,5;991,2;;24,7;;24,9;24,7;;;;;;;;;
2024/04/20;1200 UTC;1,8;993,4;993,4;992,5;;23,8;;24,8;23,7;;;;;;;;;
2024/04/20;1300 UTC;6,6;993,7;993,9;993,4;1437,5;23,9;;23,9;23,5;;;;;;;;;
2024/04/20;1400 UTC;3,4;992,8;993,7;992,8;3181;24,8;;24,9;23,9;;;;;;;;;
2024/04/20;1500 UTC;,6;992,3;992,8;992,3;4473,6;25;;25,3;24,6;;;;;;;;;
2024/04/20;1600 UTC;,4;991,9;992,3;991,8;4040,2;25,4;;25,6;25;;;;;;;;;
2024/04/20;1700 UTC;,8;991,3;991,9;991,3;5066,3;25;;25,4;25;;;;;;;;;
2024/04/20;1800 UTC;,4;990,3;991,3;990,3;6506,2;24,8;;25,4;24,8;;;;;;;;;
2024/04/20;1900 UTC;0;990,5;990,5;990,1;5292;25;;25;24,6;;;;;;;;;
2024/04/20;2000 UTC;0;990,2;990,5;990,1;4473,8;24,9;;25,1;24,8;;;;;;;;;
2024/04/20;2100 UTC;0;990,3;990,3;990,1;2383,6;24,5;;25;24,5;;;;;;;;;
2024/04/20;2200 UTC;0;990,3;990,3;990,2;1,8;24;;24,5;24;;;;;;;;;
2024/04/20;2300 UTC;0;990,5;990,5;990,2;;23,6;;24,4;23,6;;;;;;;;;
2024/04/21;0000 UTC;0;990,6;990,6;990,5;;23,8;;23,8;23,4;;;;;;;;;
2024/04/21;0100 UTC;0;990,8;990,9;990,6;;23,6;;24;23,6;;;;;;;;;
2024/04/21;0200 UTC;0;990,7;990,8;990,6;;23,5;;23,6;23,4;;;;;;;;;
2024/04/21;0300 UTC;0;990,2;990,7;990,2;;23,3;;23,5;23,3;;;;;;;;;
2024/04/21;0400 UTC;0;989,2;990,2;989,2;;23,1;;23,3;23;;;;;;;;;
2024/04/21;0500 UTC;0;988,5;989,2;988,5;;22,7;;23,2;22,7;;;;;;;;;
2024/04/21;0600 UTC;0;988,4;988,5;988,4;;22,6;;22,8;22,6;;;;;;;;;
2024/04/21;0700 UTC;0;988,5;988,5;988,3;;22,8;;22,8;22,5;;;;;;;;;
2024/04/21;0800 UTC;0;988,8;988,8;988,5;;23;;23;22,8;;;;;;;;;
2024/04/21;0900 UTC;0;989,5;989,5;988,8;;23,4;;23,4;22,8;;;;;;;;;
2024/04/21;1000 UTC;0;990,1;990,1;989,5;;25,4;;25,8;23,4;;;;;;;;;
2024/04/21;1100 UTC;0;990,4;990,5;990,1;1466,4;27,4;;27,5;25,4;;;;;;;;;
2024/04/21;1200 UTC;,2;990,8;990,8;990,4;7,1;28,8;;29;27,4;;;;;;;;;
2024/04/21;1300 UTC;0;990,7;990,8;990,6;;29,2;;30;28,7;;;;;;;;;
2024/04/21;1400 UTC;0;990,4;990,7;990,4;;30,6;;30,7;29;;;;;;;;;
2024/04/21;1500 UTC;0;989,8;990,5;989,8;1,7;31;;31,2;29,9;;;;;;;;;
2024/04/21;1600 UTC;0;988,8;989,8;988,8;13,3;31,5;;31,8;30,7;;;;;;;;;
2024/04/21;1700 UTC;0;988,1;988,8;988,1;13,9;30,3;;31,6;29,8;;;;;;;;;
2024/04/21;1800 UTC;0;987,5;988,1;987,4;1,7;30,1;;31,2;30,1;;;;;;;;;
2024/04/21;1900 UTC;0;987,2;987,5;987,1;1,1;30;;31,3;30;;;;;;;;;
2024/04/21;2000 UTC;0;988;988;987,2;;27,9;;30;27,9;;;;;;;;;
2024/04/21;2100 UTC;0;988,2;988,2;988;;26,8;;27,9;26,8;;;;;;;;;
2024/04/21;2200 UTC;0;988,9;988,9;988,2;;25,9;;26,8;25,9;;;;;;;;;
2024/04/21;2300 UTC;0;989,6;989,6;988,9;;25,4;;26;25,4;;;;;;;;;
2024/04/22;0000 UTC;0;990,2;990,2;989,6;;25,3;;25,6;25,3;;;;;;;;;
2024/04/22;0100 UTC;0;991,1;991,1;990;;24,3;;25,4;24,3;;;;;;;;;
2024/04/22;0200 UTC;8,8;990,7;991,2;990,6;;23,9;;24,3;23,6;;;;;;;;;
2024/04/22;0300 UTC;,2;990,4;990,7;990,4;;24;;24;23,7;;;;;;;;;
2024/04/22;0400 UTC;2,4;989,9;990,5;989,9;307,5;23,7;;24;23,5;;;;;;;;;
2024/04/22;0500 UTC;,2;988,9;989,9;988,8;;23,7;;23,8;23,6;;;;;;;;;
2024/04/22;0600 UTC;0;988,8;988,9;988,6;,4;23,6;;23,8;23,5;;;;;;;;;
2024/04/22;0700 UTC;0;988,8;988,9;988,7;;23,6;;23,8;23,6;;;;;;;;;
2024/04/22;0800 UTC;0;988,6;988,9;988,6;;23,6;;23,7;23,6;;;;;;;;;
2024/04/22;0900 UTC;0;989;989;988,6;;23,6;;23,8;23,6;;;;;;;;;
2024/04/22;1000 UTC;0;989,4;989,4;989;;24,5;;24,6;23,6;;;;;;;;;
2024/04/22;1100 UTC;0;990;990;989,4;494,8;27,3;;27,3;24,5;;;;;;;;;
2024/04/22;1200 UTC;0;990,3;990,3;990;135,1;28,1;;28,3;27,3;;;;;;;;;
2024/04/22;1300 UTC;0;990,3;990,4;990,3;;28,4;;29;28,1;;;;;;;;;
2024/04/22;1400 UTC;0;989,7;990,3;989,7;;29,6;;29,8;28,4;;;;;;;;;
2024/04/22;1500 UTC;0;989;989,8;989;2,2;30,4;;30,4;29,5;;;;;;;;;
2024/04/22;1600 UTC;0;988;989;988;9,8;30,4;;30,9;30,2;;;;;;;;;
2024/04/22;1700 UTC;0;986,8;988;986,8;9,8;31,2;;31,5;30,1;;;;;;;;;
2024/04/22;1800 UTC;0;986,4;986,9;986,3;4,9;31,1;;31,4;30;;;;;;;;;
2024/04/22;1900 UTC;0;986,4;986,5;985,8;5,4;31;;31,2;30,5;;;;;;;;;
2024/04/22;2000 UTC;18,8;988,2;988,4;986,4;2358,5;22,6;;31;22,5;;;;;;;;;
2024/04/22;2100 UTC;1,2;989,1;989,1;988,2;5208,2;23,7;;23,8;22,6;;;;;;;;;
2024/04/22;2200 UTC;1,6;990;990;989,1;4460,1;23,9;;23,9;23,6;;;;;;;;;
2024/04/22;2300 UTC;1,2;991,4;991,5;990;648,7;23,9;;24;23,7;;;;;;;;;
2024/04/23;0000 UTC;4,2;991,1;991,4;991,1;806,7;22,8;;24;22,6;;;;;;;;;
2024/04/23;0100 UTC;0;991,1;991,1;991;18,7;23,3;;23,3;22,8;;;;;;;;;
2024/04/23;0200 UTC;0;990,8;991,1;990,7;;23,5;;23,5;23,3;;;;;;;;;
2024/04/23;0300 UTC;,2;990,4;990,8;990,4;;23,7;;23,7;23,5;;;;;;;;;
2024/04/23;0400 UTC;0;989,7;990,4;989,7;;23,7;;23,7;23,6;;;;;;;;;
2024/04/23;0500 UTC;0;989,1;989,7;989;;23,7;;23,8;23,6;;;;;;;;;
2024/04/23;0600 UTC;0;989,2;989,2;989,1;;23,7;;24;23,7;;;;;;;;;
2024/04/23;0700 UTC;0;989,2;989,3;989,1;;23,8;;23,8;23,7;;;;;;;;;
2024/04/23;0800 UTC;0;989,5;989,5;989,2;;23,6;;23,8;23,5;;;;;;;;;
2024/04/23;0900 UTC;0;990,3;990,4;989,5;;23,7;;23,7;23,4;;;;;;;;;
2024/04/23;1000 UTC;0;990,9;990,9;990,3;;24,9;;24,9;23,7;;;;;;;;;
2024/04/23;1100 UTC;,2;991,5;991,5;990,9;553,7;26,9;;27,2;24,8;;;;;;;;;
2024/04/23;1200 UTC;0;991,9;991,9;991,5;994,8;28,6;;28,7;26,8;;;;;;;;;
2024/04/23;1300 UTC;0;992;992;991,9;;28,3;;29,4;28,3;;;;;;;;;
2024/04/23;1400 UTC;0;991,4;991,9;991,4;;29,5;;30,4;28,3;;;;;;;;;
2024/04/23;1500 UTC;0;990,7;991,4;990,7;;30,5;;30,8;29,5;;;;;;;;;
2024/04/23;1600 UTC;0;989,5;990,6;989,5;5,6;30,7;;31,5;29,6;;;;;;;;;
2024/04/23;1700 UTC;0;988,7;989,5;988,7;16,8;31,3;31,3;31,7;30,6;;;;;100;;;;
2024/04/23;1800 UTC;0;988,2;988,7;988,1;15,7;30,6;;31,5;30,1;;;;;;;;;
2024/04/23;1900 UTC;0;988;988,2;988;1;28,9;;31,1;28,9;;;;;;;;;
2024/04/23;2000 UTC;0;988,5;988,5;987,9;,1;28,2;;30,3;28,2;;;;;;;;;
2024/04/23;2100 UTC;0;988,9;988,9;988,4;;26,7;;28,3;26,7;;;;;;;;;
2024/04/23;2200 UTC;0;989,8;989,8;988,9;;25,7;;26,7;25,7;;;;;;;;;
2024/04/23;2300 UTC;0;990,7;990,7;989,8;;25,4;;25,7;25,3;;;;;;;;;
2024/04/24;0000 UTC;0;991,1;991,1;990,7;;24,9;;25,5;24,8;;;;;;;;;
2024/04/24;0100 UTC;0;991,3;991,3;991,1;;24,8;;24,9;24,6;;;;;;;;;
2024/04/24;0200 UTC;0;990,9;991,3;990,9;;24,5;;24,8;24,4;;;;;;;;;
2024/04/24;0300 UTC;0;990,5;991;990,5;;24,4;;24,5;24,3;;;;;;;;;
2024/04/24;0400 UTC;0;990;990,5;989,9;;24,5;;24,5;24,2;;;;;;;;;
2024/04/24;0500 UTC;0;989,4;990;989,3;;24,8;;24,8;24,5;;;;;;;;;
2024/04/24;0600 UTC;7,4;989,1;989,6;989;;23,8;;25;23,8;;;;;;;;;
2024/04/24;0700 UTC;0;988,9;989,2;988,9;;24;;24,1;23,8;;;;;;;;;
2024/04/24;0800 UTC;0;989,3;989,3;988,9;;23,7;;24;23,7;;;;;;;;;
2024/04/24;0900 UTC;0;989,6;989,6;989,3;;23,9;;23,9;23,6;;;;;;;;;
2024/04/24;1000 UTC;0;990,4;990,4;989,6;;26,9;;26,9;23,9;;;;;;;;;
2024/04/24;1100 UTC;0;990,9;990,9;990,4;61,3;27,1;;27,3;26;;;;;;;;;
2024/04/24;1200 UTC;0;991,2;991,2;990,9;;28,3;;28,4;27;;;;;;;;;
2024/04/24;1300 UTC;0;991,4;991,5;991,2;;29,5;;29,7;28;;;;;;;;;
2024/04/24;1400 UTC;0;991,2;991,5;991,1;;29,6;;30,4;28,6;;;;;;;;;
2024/04/24;1500 UTC;0;990,2;991,2;990,2;;30,4;;31,2;29;;;;;;;;;
2024/04/24;1600 UTC;0;989,4;990,2;989,4;13,9;31,3;31,3;31,7;30,1;;;;;100;;;;
2024/04/24;1700 UTC;0;988,4;989,4;988,4;31,3;31,4;31,4;31,7;30,8;31,6;30,6;100;97;100;;;;
2024/04/24;1800 UTC;0;987,9;988,4;987,9;20,8;30,9;30,9;31,5;30,3;31,5;30,1;100;96;100;;;;
2024/04/24;1900 UTC;0;987,7;988;987,7;9,8;30,8;30,8;31,1;30,2;31,1;29,8;100;93;100;;;;
2024/04/24;2000 UTC;0;988;988;987,6;6,4;29,3;;30,8;29,3;;;;;;;;;
2024/04/24;2100 UTC;0;988,2;988,3;988;0;26,9;;29,3;26,9;;;;;;;;;
2024/04/24;2200 UTC;0;989;989;988,2;;26;;26,9;25,7;;;;;;;;;
2024/04/24;2300 UTC;0;989,8;989,8;989;;25,1;;26;25,1;;;;;;;;;
2024/04/25;0000 UTC;0;990,2;990,2;989,8;;24,4;;25,1;24,4;;;;;;;;;
2024/04/25;0100 UTC;0;990,5;990,5;990,1;;24,1;;24,4;24,1;;;;;;;;;
2024/04/25;0200 UTC;0;990,6;990,7;990,5;;24,2;;24,3;23,9;;;;;;;;;
2024/04/25;0300 UTC;0;990,3;990,7;990,3;;24,6;;24,6;24,1;;;;;;;;;
2024/04/25;0400 UTC;0;989,4;990,3;989,4;;25,1;;25,1;24,6;;;;;;;;;
2024/04/25;0500 UTC;0;988,8;989,4;988,8;;24,4;;25,1;24,4;;;;;;;;;
2024/04/25;0600 UTC;0;988,7;988,9;988,7;;24,1;;24,6;24,1;;;;;;;;;
2024/04/25;0700 UTC;0;988,6;988,8;988,5;;24;;24,3;23,8;;;;;;;;;
2024/04/25;0800 UTC;0;988,8;988,9;988,6;;23,8;;24,1;23,6;;;;;;;;;
2024/04/25;0900 UTC;0;989,5;989,5;988,8;;23,9;;23,9;23,5;;;;;;;;;
2024/04/25;1000 UTC;0;990,4;990,4;989,5;;26,4;;26,7;23,9;;;;;;;;;
2024/04/25;1100 UTC;0;991,1;991,2;990,4;;26,2;;26,6;26,1;;;;;;;;;
2024/04/25;1200 UTC;0;991,5;991,5;991,1;;28;;28;26,2;;;;;;;;;
2024/04/25;1300 UTC;0;991,7;991,7;991,5;9;29,9;;30;28;;;;;;;;;
2024/04/25;1400 UTC;0;991,1;991,7;991,1;24,4;30,5;;30,7;28,8;;;;;;;;;
2024/04/25;1500 UTC;0;990,2;991,1;990,2;23,3;30,5;30,5;31;29,6;;;;;100;;;;
2024/04/25;1600 UTC;0;989,1;990,2;989,1;25,4;31,2;31;31,5;30,2;31,5;30;100;95;99;;;;
2024/04/25;1700 UTC;0;988,1;989,1;988,1;29,2;30,7;30,7;31,7;30,5;31,7;30,5;100;95;100;;;;
2024/04/25;1800 UTC;0;987,5;988,1;987,5;18,4;31;31;31,3;30,7;31,3;29,8;100;93;100;;;;
2024/04/25;1900 UTC;0;987,2;987,5;987,2;6,9;30,5;30,6;31,1;30,3;31,1;29,8;100;95;100;;;;
2024/04/25;2000 UTC;0;987,5;987,5;987,1;4,3;29;;30,6;29;30,6;28,5;100;93;;;;;
2024/04/25;2100 UTC;0;988,2;988,2;987,5;,3;25,8;;28,9;25,8;;;;;;;;;
2024/04/25;2200 UTC;0;988,9;988,9;988,2;;24,9;;25,8;24,9;;;;;;;;;
2024/04/25;2300 UTC;0;989,6;989,6;988,9;;24,4;;24,9;24,3;;;;;;;;;
2024/04/26;0000 UTC;0;989,9;990;989,6;13,1;23,6;;24,4;23,6;;;;;;;;;
2024/04/26;0100 UTC;0;990;990,1;989,8;19,2;23,2;;23,7;23,2;;;;;;;;;
2024/04/26;0200 UTC;0;989,8;990;989,7;;22,9;;23,3;22,8;;;;;;;;;
2024/04/26;0300 UTC;0;989,2;989,8;989,2;;23,1;;23,1;22,7;;;;;;;;;
2024/04/26;0400 UTC;0;988,3;989,2;988,3;;22,7;;23,1;22,6;;;;;;;;;
2024/04/26;0500 UTC;0;987,4;988,3;987,4;;22,4;;22,8;22,3;;;;;;;;;
2024/04/26;0600 UTC;0;987,1;987,4;987,1;;22,4;;22,4;22,2;;;;;;;;;
2024/04/26;0700 UTC;0;987;987,2;986,9;;22,1;;22,4;22;;;;;;;;;
2024/04/26;0800 UTC;0;987,3;987,3;986,9;;22,2;;22,3;22,1;;;;;;;;;
2024/04/26;0900 UTC;0;987,8;987,9;987,3;;22,6;;22,6;22,1;;;;;;;;;
2024/04/26;1000 UTC;0;988,6;988,6;987,8;;24,3;;24,3;22,6;;;;;;;;;
2024/04/26;1100 UTC;0;989,1;989,1;988,6;;27,1;;27,1;24,3;;;;;;;;;
2024/04/26;1200 UTC;0;990,1;990,1;989,1;307,9;27,8;;28,3;26,8;;;;;;;;;
2024/04/26;1300 UTC;0;990,6;990,7;990;740,7;28,4;;28,5;27,5;;;;;;;;;
2024/04/26;1400 UTC;0;990,2;990,6;990,2;256,5;29,4;;29,5;28,4;;;;;;;;;
2024/04/26;1500 UTC;0;989,3;990,2;989,3;;29,5;;29,9;28,8;;;;;;;;;
2024/04/26;1600 UTC;0;988,2;989,3;988,2;;30;;30;29;;;;;;;;;
2024/04/26;1700 UTC;0;987;988,2;987;2;30;;30,4;29,7;;;;;;;;;
2024/04/26;1800 UTC;0;986,8;987,1;986,8;3,6;29,5;;30,1;29,5;;;;;;;;;
2024/04/26;1900 UTC;0;986,1;986,8;986;;29,1;;29,6;29;;;;;;;;;
2024/04/26;2000 UTC;0;987;987;986,1;;28,1;;29,1;28,1;;;;;;;;;
2024/04/26;2100 UTC;0;987;987,1;987;;27,8;;28,1;27,5;;;;;;;;;
2024/04/26;2200 UTC;0;987,3;987,4;987;;26,8;;27,8;26,8;;;;;;;;;
2024/04/26;2300 UTC;0;988;988;987,3;;26,9;;27;26,7;;;;;;;;;
2024/04/27;0000 UTC;0;989,1;989,1;987,9;;26,6;;27;26,6;;;;;;;;;
2024/04/27;0100 UTC;0;989,5;989,7;989,1;;26,4;;26,8;26,3;;;;;;;;;
2024/04/27;0200 UTC;0;989,8;989,9;989,5;;25,5;;26,5;25,5;;;;;;;;;
2024/04/27;0300 UTC;18,8;989,8;990;989,4;8,1;24,3;;25,5;24,3;;;;;;;;;
2024/04/27;0400 UTC;27,4;989,1;989,8;989;485,6;23,8;;24,3;23,6;;;;;;;;;
2024/04/27;0500 UTC;8,4;988,2;989,2;988,2;931,1;23,8;;23,9;23,6;;;;;;;;;
2024/04/27;0600 UTC;,2;987,8;988,2;987,8;;23,5;;23,8;23,5;;;;;;;;;
2024/04/27;0700 UTC;0;987,8;987,9;987,7;;23,9;;23,9;23,5;;;;;;;;;
2024/04/27;0800 UTC;0;988;988;987,8;;24;;24,1;23,9;;;;;;;;;
2024/04/27;0900 UTC;0;988,4;988,4;988;;23,8;;24;23,6;;;;;;;;;
2024/04/27;1000 UTC;0;988,9;989;988,4;;24,5;;24,5;23,6;;;;;;;;;
2024/04/27;1100 UTC;0;989,7;989,7;988,9;226,1;27,1;;27,1;24,4;;;;;;;;;
2024/04/27;1200 UTC;0;990,2;990,2;989,7;1088,6;27,5;;27,7;26,9;;;;;;;;;
2024/04/27;1300 UTC;0;990;990,3;990;1,7;29;;29,1;27,5;;;;;;;;;
2024/04/27;1400 UTC;0;989,5;990;989,5;;29,7;;30,1;28,7;;;;;;;;;
2024/04/27;1500 UTC;0;988,6;989,5;988,6;;30,4;;30,6;29,5;;;;;;;;;
2024/04/27;1600 UTC;0;987,5;988,6;987,5;5,5;31;;31;29,9;;;;;;;;;
2024/04/27;1700 UTC;0;986,9;987,6;986,8;20,1;31;;31,2;29,7;;;;;;;;;
2024/04/27;1800 UTC;0;986,5;986,9;986,5;19,7;30;29,5;31,1;30;;;;;97;;;;
2024/04/27;1900 UTC;0;986,8;986,8;986,5;10;29,2;;30;29,2;;;;;;;;;
2024/04/27;2000 UTC;0;987,3;987,3;986,8;,6;28,6;;29,2;28,6;;;;;;;;;
2024/04/27;2100 UTC;0;987,7;987,7;987,2;;26,4;;28,6;26,3;;;;;;;;;
2024/04/27;2200 UTC;0;988,2;988,2;987,7;;25,6;;26,4;25,6;;;;;;;;;
2024/04/27;2300 UTC;0;988,9;988,9;988,2;;25,1;;25,6;25,1;;;;;;;;;
2024/04/28;0000 UTC;0;989,6;989,6;988,9;;25;;25,3;24,9;;;;;;;;;
2024/04/28;0100 UTC;0;990;990;989,5;;24,3;;24,9;24,3;;;;;;;;;
2024/04/28;0200 UTC;0;990,1;990,3;990;;24;;24,3;24;;;;;;;;;
2024/04/28;0300 UTC;0;989,3;990,1;989,3;;23,8;;24,1;23,7;;;;;;;;;
2024/04/28;0400 UTC;0;988,7;989,3;988,6;;23,8;;23,8;23,6;;;;;;;;;
2024/04/28;0500 UTC;0;987,6;988,7;987,6;;23,9;;24,1;23,8;;;;;;;;;
2024/04/28;0600 UTC;0;987,3;987,6;987,3;;23,7;;24;23,7;;;;;;;;;
2024/04/28;0700 UTC;0;987,4;987,4;987,2;;23,6;;23,8;23,4;;;;;;;;;
2024/04/28;0800 UTC;0;988,1;988,1;987,4;;23,5;;23,7;23,3;;;;;;;;;
2024/04/28;0900 UTC;0;988,7;988,7;988,1;;24,3;;24,3;23,4;;;;;;;;;
2024/04/28;1000 UTC;0;989,4;989,4;988,7;;25,8;;25,8;24,3;;;;;;;;;
2024/04/28;1100 UTC;0;990,1;990,1;989,4;1,1;27,4;;28,2;25,7;;;;;;;;;
2024/04/28;1200 UTC;0;990,2;990,3;990,1;2,8;28,7;;28,7;26,7;;;;;;;;;
2024/04/28;1300 UTC;0;989,9;990,2;989,9;16,5;29,5;;29,5;27,8;;;;;;;;;
2024/04/28;1400 UTC;0;989,4;989,9;989,4;31,7;30,8;;30,8;29,4;;;;;;;;;
2024/04/28;1500 UTC;0;988,7;989,5;988,7;35,1;31,2;;31,3;30,1;;;;;;;;;
2024/04/28;1600 UTC;0;987,9;988,7;987,9;33,6;31,4;;31,4;29,6;;;;;;;;;
2024/04/28;1700 UTC;0;987,4;987,9;987,4;29,8;31,4;31,4;31,7;30,6;;;;;100;;;;
2024/04/28;1800 UTC;0;986,9;987,4;986,9;30,5;31,3;31,3;31,7;31;31,7;31;100;99;100;;;;
2024/04/28;1900 UTC;0;987;987;986,8;28,4;30,7;30,7;31,3;30,7;31,3;30,7;100;99;100;;;;
2024/04/28;2000 UTC;0;987,2;987,3;987;19,9;29,8;;30,7;29,8;;;100;89;;;;;
2024/04/28;2100 UTC;0;987,9;987,9;987,1;6,1;27,3;;29,9;27,3;;;;;;;;;
2024/04/28;2200 UTC;0;988,6;988,6;987,9;;26,3;;27,3;26,3;;;;;;;;;
2024/04/28;2300 UTC;0;989,2;989,2;988,6;;25,9;;26,6;25,8;;;;;;;;;
2024/04/29;0000 UTC;0;989,7;989,7;989,2;;25,9;;26,1;25,8;;;;;;;;;
2024/04/29;0100 UTC;0;990,1;990,1;989,7;;25,9;;26,1;25,7;;;;;;;;;
2024/04/29;0200 UTC;0;990;990,2;990;;25,5;;26;25,4;;;;;;;;;
2024/04/29;0300 UTC;0;989,7;990;989,7;;24,5;;25,5;24,5;;;;;;;;;
2024/04/29;0400 UTC;0;988,9;989,7;988,9;;24,1;;24,5;24,1;;;;;;;;;
2024/04/29;0500 UTC;0;988,6;988,9;988,5;;24,2;;24,5;24,1;;;;;;;;;
2024/04/29;0600 UTC;0;988,6;988,7;988,5;;24,5;;24,6;24,2;;;;;;;;;
2024/04/29;0700 UTC;0;988,8;988,8;988,6;;24,6;;24,6;24,5;;;;;;;;;
2024/04/29;0800 UTC;,2;989;989;988,8;;24,7;;24,8;24,5;;;;;;;;;
2024/04/29;0900 UTC;,2;989,2;989,2;989;;24,7;;24,8;24,6;;;;;;;;;
2024/04/29;1000 UTC;0;989,5;989,5;989,1;;26;;26;24,7;;;;;;;;;
2024/04/29;1100 UTC;0;990,2;990,2;989,5;;28,1;;28,6;26;;;;;;;;;
2024/04/29;1200 UTC;0;990,5;990,6;990,2;;29;;29,4;28,1;;;;;;;;;
2024/04/29;1300 UTC;0;990,7;990,8;990,4;;30,2;;30,3;28,7;;;;;;;;;
2024/04/29;1400 UTC;0;990,5;990,8;990,5;;30,3;;30,5;29,2;;;;;;;;;
2024/04/29;1500 UTC;0;989,6;990,5;989,6;17;30,7;;31,1;29,4;;;;;;;;;
2024/04/29;1600 UTC;0;988,6;989,6;988,6;46,6;31,5;;31,5;30,5;;;;;;;;;
2024/04/29;1700 UTC;0;987,7;988,6;987,7;54;31,7;;32,1;30,8;;;;;;;;;
2024/04/29;1800 UTC;0;987,3;987,7;987,3;44,2;31,2;;31,8;29,7;;;;;;;;;
2024/04/29;1900 UTC;0;987,4;987,4;987,2;34,4;30,5;;31,4;30,4;;;;;;;;;
2024/04/29;2000 UTC;0;988,1;988,1;987,4;790,8;27;;30,5;26,9;;;;;;;;;
2024/04/29;2100 UTC;0;988,8;988,8;988,1;4,4;26,2;;27;26,1;;;;;;;;;
2024/04/29;2200 UTC;0;989,8;989,8;988,8;;26,1;;26,2;25,9;;;;;;;;;
2024/04/29;2300 UTC;9,6;990,6;990,7;989,8;1644,4;23,7;;26,3;23,5;;;;;;;;;
2024/04/30;0000 UTC;0;990,8;990,8;990,6;1071,2;24,1;;24,2;23,7;;;;;;;;;
2024/04/30;0100 UTC;0;991,2;991,2;990,8;;24,1;;24,4;24;;;;;;;;;
2024/04/30;0200 UTC;0;991,1;991,4;991,1;;24,4;;24,4;23,9;;;;;;;;;
2024/04/30;0300 UTC;0;990,7;991,2;990,7;;24,4;;24,5;24,3;;;;;;;;;
2024/04/30;0400 UTC;0;990;990,7;990;;24,1;;24,4;24;;;;;;;;;
2024/04/30;0500 UTC;0;989,4;990;989,4;;24,1;;24,2;24;;;;;;;;;
2024/04/30;0600 UTC;0;989,5;989,5;989,3;;24,4;;24,4;24,1;;;;;;;;;
2024/04/30;0700 UTC;0;989,5;989,7;989,5;;24,3;;24,4;24,3;;;;;;;;;
2024/04/30;0800 UTC;0;990,1;990,1;989,5;;24;;24,3;23,9;;;;;;;;;
2024/04/30;0900 UTC;0;990,7;990,7;990,1;;24,1;;24,1;23,9;;;;;;;;;
2024/04/30;1000 UTC;0;991,7;991,7;990,7;;24,7;;24,7;24,1;;;;;;;;;
2024/04/30;1100 UTC;0;992,3;992,3;991,7;;26,2;;26,2;24,6;;;;;;;;;
2024/04/30;1200 UTC;0;992,7;992,7;992,3;1059,7;26,9;;26,9;26,2;;;;;;;;;
2024/04/30;1300 UTC;0;992,4;992,7;992,4;267,9;28,6;;28,6;26,9;;;;;;;;;
2024/04/30;1400 UTC;,2;992;992,4;991,9;;29,3;;29,7;28,5;;;;;;;;;
2024/04/30;1500 UTC;0;991;991,9;991;;28;;29,5;27,8;;;;;;;;;
2024/04/30;1600 UTC;0;989,7;991;989,7;4;29,1;;29,1;28;;;;;;;;;
2024/04/30;1700 UTC;0;988,5;989,7;988,5;21,3;29,6;;29,8;28,7;;;;;;;;;
2024/04/30;1800 UTC;0;987,9;988,5;987,9;32,8;29,8;;30,2;28,9;;;;;;;;;
2024/04/30;1900 UTC;0;988,1;988,1;987,9;27,4;28,7;;29,9;28,7;;;;;;;;;
2024/04/30;2000 UTC;0;988,4;988,4;988,1;11,5;27,8;;28,7;27,8;;;;;;;;;
2024/04/30;2100 UTC;0;989,1;989,1;988,4;,8;26,3;;27,8;26,3;;;;;;;;;
2024/04/30;2200 UTC;0;989,8;989,8;989,1;;25,9;;26,3;25,9;;;;;;;;;
2024/04/30;2300 UTC;0;990,5;990,5;989,8;;25,5;;25,9;25,5;;;;;;;;;
2024/05/01;0000 UTC;0;990,9;990,9;990,5;;24,9;;25,5;24,9;;;;;;;;;
2024/05/01;0100 UTC;0;990,8;990,9;990,8;;24,2;;25;24,2;;;;;;;;;
2024/05/01;0200 UTC;0;990,4;990,8;990,4;;24,2;;24,4;24;;;;;;;;;
2024/05/01;0300 UTC;0;989,9;990,4;989,9;;23,7;;24,2;23,6;;;;;;;;;
2024/05/01;0400 UTC;0;989,4;989,9;989,4;;23,5;;23,7;23,5;;;;;;;;;
2024/05/01;0500 UTC;0;989,1;989,4;989;;23,6;;23,7;23,4;;;;;;;;;
2024/05/01;0600 UTC;0;988,7;989,1;988,7;;23,7;;23,7;23,6;;;;;;;;;
2024/05/01;0700 UTC;0;988,8;988,8;988,6;;23,9;;23,9;23,6;;;;;;;;;
2024/05/01;0800 UTC;0;989,1;989,1;988,8;;24,1;;24,2;23,8;;;;;;;;;
2024/05/01;0900 UTC;0;989,8;989,8;989,1;;24,2;;24,2;23,9;;;;;;;;;
2024/05/01;1000 UTC;0;990,1;990,1;989,8;;25,1;;25,1;24,1;;;;;;;;;
2024/05/01;1100 UTC;0;990,7;990,7;990,1;;27,6;;27,6;25,1;;;;;;;;;
2024/05/01;1200 UTC;0;991,1;991,1;990,7;;28,6;;29,3;27,4;;;;;;;;;
2024/05/01;1300 UTC;0;990,7;991,1;990,7;16,7;29,7;;30,2;28,5;;;;;;;;;
2024/05/01;1400 UTC;0;990,1;990,7;990,1;48,4;30;30;30,8;29,4;;;;;100;;;;
2024/05/01;1500 UTC;0;989,2;990,1;989,2;55,8;30,8;30,6;31;29,7;30,9;29,5;100;95;99;;;;
2024/05/01;1600 UTC;0;988,4;989,2;988,4;37,9;30,2;;31;30;;;;;;;;;
2024/05/01;1700 UTC;0;988;988,5;988;47,5;30,2;30,2;30,6;30;;;;;100;;;;
2024/05/01;1800 UTC;0;987,9;988;987,9;42,2;29,4;;30,7;29,4;;;;;;;;;
2024/05/01;1900 UTC;0;987,5;987,9;987,5;28,9;30,3;;30,3;29,1;;;;;;;;;
2024/05/01;2000 UTC;0;987,6;987,6;987,3;27,4;28,9;;30,3;28,9;;;;;;;;;
2024/05/01;2100 UTC;0;987,8;987,8;987,6;11,6;26,3;;28,9;26,3;;;;;;;;;
2024/05/01;2200 UTC;0;988,6;988,6;987,8;;25,6;;26,3;25,6;;;;;;;;;
2024/05/01;2300 UTC;0;988,9;988,9;988,5;;25,2;;25,7;25,2;;;;;;;;;
2024/05/02;0000 UTC;0;989,5;989,5;988,9;;24,6;;25,2;24,6;;;;;;;;;
2024/05/02;0100 UTC;0;989,6;989,8;989,5;;24,4;;24,7;24,4;;;;;;;;;
2024/05/02;0200 UTC;0;989,8;989,8;989,4;;24,6;;24,6;24,3;;;;;;;;;
2024/05/02;0300 UTC;0;989,3;989,8;989,3;;24,7;;24,8;24,5;;;;;;;;;
2024/05/02;0400 UTC;11,2;988,8;989,3;988,8;;24,3;;24,9;24,3;;;;;;;;;
2024/05/02;0500 UTC;8,4;988,2;988,9;988,2;;24,2;;24,4;24;;;;;;;;;
2024/05/02;0600 UTC;0;987,7;988,2;987,5;;23,5;;24,4;23,5;;;;;;;;;
2024/05/02;0700 UTC;0;987,8;987,8;987,7;;23,4;;23,6;23,3;;;;;;;;;
2024/05/02;0800 UTC;0;987,7;987,9;987,6;;23,1;;23,4;23,1;;;;;;;;;
2024/05/02;0900 UTC;0;988,5;988,5;987,7;;23,4;;23,4;23,1;;;;;;;;;
2024/05/02;1000 UTC;0;989,2;989,2;988,5;;24,3;;24,3;23,4;;;;;;;;;
2024/05/02;1100 UTC;0;989,9;989,9;989,2;;26,4;;26,4;24,2;;;;;;;;;
2024/05/02;1200 UTC;0;990,1;990,2;989,9;174,5;28,1;;28,1;26;;;;;;;;;
2024/05/02;1300 UTC;,2;989,9;990,3;989,9;;28,7;;28,8;27,5;;;;;;;;;
2024/05/02;1400 UTC;0;989,3;989,9;989,3;;30;;30,2;28,1;;;;;;;;;
2024/05/02;1500 UTC;0;988,3;989,3;988,3;;30;;30,6;29;;;;;;;;;
2024/05/02;1600 UTC;0;987,2;988,3;987,2;13,9;31,2;31,2;31,5;29,9;;;;;100;;;;
2024/05/02;1700 UTC;0;986,5;987,2;986,5;43,4;31,1;;31,4;30,8;31,4;30,8;100;98;;;;;
2024/05/02;1800 UTC;0;985,9;986,5;985,9;46,8;30,7;;31,3;30,3;;;;;;;;;
2024/05/02;1900 UTC;0;985,8;985,9;985,7;35;30,1;;30,7;30,1;;;;;;;;;
2024/05/02;2000 UTC;0;986,1;986,1;985,8;27,1;28,9;;30,1;28,9;;;;;;;;;
2024/05/02;2100 UTC;0;986,5;986,5;986,1;10,9;27;;28,9;26,9;;;;;;;;;
2024/05/02;2200 UTC;0;987,2;987,2;986,5;;25,3;;27;25,3;;;;;;;;;
2024/05/02;2300 UTC;0;987,8;987,8;987,2;;24,8;;25,3;24,8;;;;;;;;;
2024/05/03;0000 UTC;0;988,4;988,4;987,8;;23,9;;25;23,9;;;;;;;;;
2024/05/03;0100 UTC;0;988,7;988,7;988,4;;23,8;;24;23,6;;;;;;;;;
2024/05/03;0200 UTC;0;988,6;988,8;988,6;;23,4;;23,9;23,4;;;;;;;;;
2024/05/03;0300 UTC;0;987,8;988,6;987,8;;23,2;;23,6;23,1;;;;;;;;;
2024/05/03;0400 UTC;0;987,2;987,8;987,2;;22,9;;23,2;22,9;;;;;;;;;
2024/05/03;0500 UTC;0;986,7;987,2;986,7;;23;;23;22,7;;;;;;;;;
2024/05/03;0600 UTC;0;986,9;986,9;986,7;;23,6;;23,6;22,9;;;;;;;;;
2024/05/03;0700 UTC;0;986,9;987;986,9;;23,6;;23,7;23,5;;;;;;;;;
2024/05/03;0800 UTC;0;987,4;987,4;986,8;;23,5;;23,7;23,5;;;;;;;;;
2024/05/03;0900 UTC;0;988;988;987,4;;24,5;;24,5;23,5;;;;;;;;;
2024/05/03;1000 UTC;0;988,7;988,7;988;;26,2;;26,2;24,4;;;;;;;;;
2024/05/03;1100 UTC;0;989,2;989,2;988,7;;27,2;;27,5;26,1;;;;;;;;;
2024/05/03;1200 UTC;0;989,3;989,5;989,2;67,3;27,8;;28,3;26,7;;;;;;;;;
2024/05/03;1300 UTC;0;989,1;989,3;989,1;;29,1;;29,7;27,8;;;;;;;;;
2024/05/03;1400 UTC;0;988,6;989,2;988,6;3,1;30,2;;30,2;28,4;;;;;;;;;
2024/05/03;1500 UTC;0;987,9;988,6;987,9;29,5;29,7;;30,8;29,6;;;;;;;;;
2024/05/03;1600 UTC;0;987;987,9;987;33,5;30,8;;31,2;29,7;;;;;;;;;
2024/05/03;1700 UTC;0;986,3;987;986,2;20;29,9;;30,8;29,1;;;;;;;;;
2024/05/03;1800 UTC;1;986,4;986,4;986,1;608,1;28,7;;29,9;26,7;;;;;;;;;
2024/05/03;1900 UTC;0;986,8;986,8;986,3;237,5;28,3;;28,7;28;;;;;;;;;
2024/05/03;2000 UTC;0;987,2;987,2;986,8;3144,1;27,5;;28,3;27,2;;;;;;;;;
2024/05/03;2100 UTC;0;987,4;987,4;987,1;3088,6;26,2;;27,5;26,2;;;;;;;;;
2024/05/03;2200 UTC;1;988,6;988,6;987,4;2603,5;24,9;;26,4;24,9;;;;;;;;;
2024/05/03;2300 UTC;1;989,5;989,5;988,6;1671,6;24,6;;24,9;24,6;;;;;;;;;
2024/05/04;0000 UTC;,8;989,3;989,6;989,3;210,7;24,6;;24,6;24,4;;;;;;;;;
2024/05/04;0100 UTC;0;989,3;989,3;989,1;;24,5;;24,7;24,4;;;;;;;;;
2024/05/04;0200 UTC;0;989;989,3;989;;24,1;;24,5;24,1;;;;;;;;;
2024/05/04;0300 UTC;0;988,2;989;988,2;;23,7;;24,2;23,7;;;;;;;;;
2024/05/04;0400 UTC;0;988;988,2;988;;23,7;;23,8;23,5;;;;;;;;;
2024/05/04;0500 UTC;0;988;988,1;987,9;;23,6;;23,8;23,4;;;;;;;;;
2024/05/04;0600 UTC;0;987,8;988;987,8;;23,8;;23,9;23,6;;;;;;;;;
2024/05/04;0700 UTC;0;987,8;987,9;987,7;;23,3;;23,8;23,3;;;;;;;;;
2024/05/04;0800 UTC;0;988,2;988,2;987,8;;23,6;;23,6;23,3;;;;;;;;;
2024/05/04;0900 UTC;0;988,8;988,8;988,2;;23,6;;23,6;23,3;;;;;;;;;
2024/05/04;1000 UTC;0;989,4;989,4;988,8;;25,8;;25,8;23,6;;;;;;;;;
2024/05/04;1100 UTC;0;990,2;990,2;989,4;1489,5;27,5;;27,8;25,8;;;;;;;;;
2024/05/04;1200 UTC;0;990,6;990,6;990,1;1134,5;28,7;;28,7;27,5;;;;;;;;;
2024/05/04;1300 UTC;,2;990,7;990,8;990,5;1,2;28,4;;29,3;28,4;;;;;;;;;
2024/05/04;1400 UTC;0;990,3;990,8;990,3;;30,1;;30,5;28,4;;;;;;;;;
2024/05/04;1500 UTC;0;989,4;990,3;989,4;14;30,5;;30,8;29,4;;;;;;;;;
2024/05/04;1600 UTC;0;988,5;989,4;988,5;48,4;30,1;;31;29,8;;;;;;;;;
2024/05/04;1700 UTC;0;987,9;988,5;987,9;51,3;29,6;;30,7;29,6;;;;;;;;;
2024/05/04;1800 UTC;0;988,1;988,1;987,8;44,2;29,4;;29,8;29,4;;;;;;;;;
2024/05/04;1900 UTC;0;988,6;988,6;988,1;35,3;28,8;;29,7;28,8;;;;;;;;;
2024/05/04;2000 UTC;0;989,3;989,3;988,6;19,1;27,9;;28,8;27,9;;;;;;;;;
2024/05/04;2100 UTC;0;989,7;989,7;989,3;3,1;26,9;;28;26,9;;;;;;;;;
2024/05/04;2200 UTC;0;990,2;990,2;989,7;;25,8;;26,9;25,8;;;;;;;;;
2024/05/04;2300 UTC;0;990,6;990,7;990,2;;25,3;;25,8;25,3;;;;;;;;;
2024/05/05;0000 UTC;0;991;991;990,6;;25,3;;25,4;25,1;;;;;;;;;
2024/05/05;0100 UTC;0;990,6;991;990,6;;25,1;;25,3;25;;;;;;;;;
2024/05/05;0200 UTC;0;989,9;990,6;989,9;;24,9;;25,2;24,8;;;;;;;;;
2024/05/05;0300 UTC;0;989,5;989,9;989,5;;24,7;;24,9;24,6;;;;;;;;;
2024/05/05;0400 UTC;0;989,1;989,5;989,1;;24,4;;24,8;24,4;;;;;;;;;
2024/05/05;0500 UTC;0;988,6;989,1;988,6;;24,1;;24,4;24,1;;;;;;;;;
2024/05/05;0600 UTC;0;988,5;988,6;988,5;;24,2;;24,2;24;;;;;;;;;
2024/05/05;0700 UTC;0;988,2;988,5;988,2;;23,9;;24,2;23,8;;;;;;;;;
2024/05/05;0800 UTC;0;988,6;988,6;988,1;;23,5;;23,9;23,3;;;;;;;;;
2024/05/05;0900 UTC;0;989,1;989,1;988,6;;23,6;;23,6;23,2;;;;;;;;;
2024/05/05;1000 UTC;0;989,7;989,7;989,1;;27;;27;23,6;;;;;;;;;
2024/05/05;1100 UTC;0;990,4;990,4;989,6;;28,7;;28,7;27;;;;;;;;;
2024/05/05;1200 UTC;0;990,7;990,8;990,4;;29,3;;29,4;28,4;;;;;;;;;
2024/05/05;1300 UTC;0;990,5;990,7;990,5;22,9;29,5;;30,6;29;;;;;;;;;
2024/05/05;1400 UTC;0;990;990,6;990;55,9;30,7;;30,7;29,4;;;;;;;;;
2024/05/05;1500 UTC;0;989,1;990;989,1;33,3;31;;31,3;30,2;;;;;;;;;
2024/05/05;1600 UTC;0;988,4;989,1;988,4;2,7;31;;31,3;30;;;;;;;;;
2024/05/05;1700 UTC;0;987,6;988,4;987,6;3,8;31,2;;31,6;31;;;;;;;;;
2024/05/05;1800 UTC;0;987,4;987,6;987,3;24;30,8;;31,6;30,1;;;;;;;;;
2024/05/05;1900 UTC;0;987,8;987,8;987,4;44,3;30,2;;30,8;29,6;;;;;;;;;
2024/05/05;2000 UTC;0;988,2;988,2;987,8;31,4;29,1;;30,2;29,1;;;;;;;;;
2024/05/05;2100 UTC;0;988,8;988,8;988,2;14;27,3;;29,1;27,3;;;;;;;;;
2024/05/05;2200 UTC;0;989,1;989,1;988,8;;26,2;;27,3;26,1;;;;;;;;;
2024/05/05;2300 UTC;0;989,6;989,6;989,1;;25,5;;26,3;25,4;;;;;;;;;
2024/05/06;0000 UTC;0;990,2;990,2;989,6;;25,2;;25,6;25,2;;;;;;;;;
2024/05/06;0100 UTC;0;989,9;990,2;989,9;;25;;25,2;25;;;;;;;;;
2024/05/06;0200 UTC;0;989,1;989,9;989,1;;24,6;;25;24,6;;;;;;;;;
2024/05/06;0300 UTC;0;988,2;989,1;988,2;;24,6;;24,7;24,5;;;;;;;;;
2024/05/06;0400 UTC;0;987,5;988,2;987,4;;24,4;;24,6;24,2;;;;;;;;;
2024/05/06;0500 UTC;0;987,3;987,5;987,2;;24,5;;24,6;24,2;;;;;;;;;
2024/05/06;0600 UTC;0;987,1;987,3;987;;25;;25;24,5;;;;;;;;;
2024/05/06;0700 UTC;,8;987,4;987,5;987,1;;24,6;;25,3;24,5;;;;;;;;;
2024/05/06;0800 UTC;0;987,7;987,7;987,3;;24,7;;25;24,5;;;;;;;;;
2024/05/06;0900 UTC;0;988,2;988,2;987,7;924,1;24,3;;24,7;24,2;;;;;;;;;
2024/05/06;1000 UTC;0;989,2;989,2;988,2;4143,8;26,1;;26,3;24,3;;;;;;;;;
2024/05/06;1100 UTC;0;989,9;989,9;989,2;3751,4;27,4;;27,6;26,1;;;;;;;;;
2024/05/06;1200 UTC;,2;990,2;990,2;989,9;2091,5;28,4;;28,5;26,9;;;;;;;;;
2024/05/06;1300 UTC;0;990,1;990,2;990;;28;;28,9;27,8;;;;;;;;;
2024/05/06;1400 UTC;0;989,2;990,1;989,2;13;30;;30,2;28;;;;;;;;;
2024/05/06;1500 UTC;0;988,6;989,2;988,6;26,6;30,3;;30,5;29,3;;;;;;;;;
2024/05/06;1600 UTC;0;987,5;988,6;987,5;25,4;29,3;;30,9;29,3;;;;;;;;;
2024/05/06;1700 UTC;0;986,6;987,5;986,6;49,4;29,6;;31;29,3;;;;;;;;;
2024/05/06;1800 UTC;0;986,2;986,6;986,2;43,8;30,5;;30,8;29,6;;;;;;;;;
2024/05/06;1900 UTC;0;986,2;986,3;986,1;41,8;30,1;;31,2;29,6;;;;;;;;;
2024/05/06;2000 UTC;0;986,3;986,3;986,2;23,8;28,3;;30,1;28,3;;;;;;;;;
2024/05/06;2100 UTC;0;986,9;986,9;986,3;8,2;26,3;;28,3;26,3;;;;;;;;;
2024/05/06;2200 UTC;0;987,4;987,4;986,9;;25,2;;26,3;25,2;;;;;;;;;
2024/05/06;2300 UTC;0;987,7;987,7;987,4;;24,4;;25,2;24,4;;;;;;;;;
2024/05/07;0000 UTC;0;988;988;987,7;70,1;24,1;;24,4;24;;;;;;;;;
2024/05/07;0100 UTC;0;988,2;988,2;988;13,3;23,6;;24,1;23,6;;;;;;;;;
2024/05/07;0200 UTC;0;988,1;988,2;988,1;;23,4;;23,7;23,4;;;;;;;;;
2024/05/07;0300 UTC;0;987,9;988,1;987,9;;23,1;;23,4;23,1;;;;;;;;;
2024/05/07;0400 UTC;0;987,6;987,9;987,6;;24;;24;23;;;;;;;;;
2024/05/07;0500 UTC;0;987;987,6;987;;24,3;;24,4;24;;;;;;;;;
2024/05/07;0600 UTC;0;986,6;987;986,6;;24,3;;24,5;24,3;;;;;;;;;
2024/05/07;0700 UTC;0;986,7;986,7;986,5;;23,9;;24,5;23,8;;;;;;;;;
2024/05/07;0800 UTC;0;987,4;987,4;986,7;;24,3;;24,3;23,9;;;;;;;;;
2024/05/07;0900 UTC;0;987,9;987,9;987,4;;24,5;;24,5;24;;;;;;;;;
2024/05/07;1000 UTC;0;988,7;988,7;987,9;;26,5;;26,8;24,5;;;;;;;;;
2024/05/07;1100 UTC;0;989,5;989,5;988,7;1695,9;26,9;;27,1;26,1;;;;;;;;;
2024/05/07;1200 UTC;0;989,8;989,8;989,5;4353,2;28,6;;28,7;26,8;;;;;;;;;
2024/05/07;1300 UTC;0;990;990,1;989,8;9,4;29,4;;29,8;28,1;;;;;;;;;
2024/05/07;1400 UTC;0;989,6;990,1;989,6;11,1;29,5;;30;29,1;;;;;;;;;
2024/05/07;1500 UTC;0;988,9;989,6;988,9;37,2;30,2;;30,6;28,6;;;;;;;;;
2024/05/07;1600 UTC;0;988;988,9;988;30,3;30,7;;30,7;29,8;;;;;;;;;
2024/05/07;1700 UTC;0;986,9;988;986,9;23,1;30,6;;30,9;30;;;;;;;;;
2024/05/07;1800 UTC;0;986,2;986,9;986,1;50,8;30,3;;30,7;29,9;;;;;;;;;
2024/05/07;1900 UTC;0;986;986,2;985,9;45,3;30,3;;31,2;30,2;;;;;;;;;
2024/05/07;2000 UTC;0;986,3;986,3;986;40,4;29,2;;30,4;29;;;;;;;;;
2024/05/07;2100 UTC;0;986,9;986,9;986,4;11,9;27,8;;29,2;27,7;;;;;;;;;
2024/05/07;2200 UTC;0;987,4;987,4;986,8;;26,7;;28;26,7;;;;;;;;;
2024/05/07;2300 UTC;0;988,2;988,3;987,4;;26,3;;26,9;26,2;;;;;;;;;
2024/05/08;0000 UTC;0;988,9;988,9;988,2;;25,7;;26,6;25,7;;;;;;;;;
2024/05/08;0100 UTC;0;989,3;989,3;988,9;;25,4;;25,7;25,1;;;;;;;;;
2024/05/08;0200 UTC;0;989,2;989,3;989,2;;24,8;;25,5;24,8;;;;;;;;;
2024/05/08;0300 UTC;0;988,8;989,2;988,8;;24,5;;24,9;24,4;;;;;;;;;
2024/05/08;0400 UTC;0;988,2;988,8;988,1;663;24,3;;24,5;24,2;;;;;;;;;
2024/05/08;0500 UTC;0;987,6;988,2;987,6;694,1;24;;24,5;24;;;;;;;;;
2024/05/08;0600 UTC;0;987,4;987,6;987,4;;23,3;;24,1;23,2;;;;;;;;;
2024/05/08;0700 UTC;0;987,4;987,4;987,3;;22,8;;23,4;22,7;;;;;;;;;
2024/05/08;0800 UTC;0;987,9;987,9;987,4;;22,4;;22,9;22,3;;;;;;;;;
2024/05/08;0900 UTC;0;988,8;988,8;987,9;;23,2;;23,2;22,3;;;;;;;;;
2024/05/08;1000 UTC;0;989,4;989,5;988,8;;25,3;;25,5;23,2;;;;;;;;;
2024/05/08;1100 UTC;0;989,9;989,9;989,4;212,7;27,8;;27,9;25,3;;;;;;;;;
2024/05/08;1200 UTC;0;990,1;990,1;989,8;664,1;28,8;;29,1;27,8;;;;;;;;;
2024/05/08;1300 UTC;0;990,2;990,3;990,1;1,3;29,6;;30,3;28,7;;;;;;;;;
2024/05/08;1400 UTC;0;990,1;990,3;990,1;1,5;30,7;;30,7;29,6;;;;;;;;;
2024/05/08;1500 UTC;0;989,4;990,2;989,4;6,3;30,9;30,7;31,3;29,8;;;;;99;;;;
2024/05/08;1600 UTC;0;988,6;989,4;988,6;2,5;31,4;30,8;31,7;30,2;31,7;30,2;100;94;96;;;;
2024/05/08;1700 UTC;0;987,6;988,6;987,6;2,5;31,4;29,4;31,7;31,2;31,6;28;100;82;89;;;;
2024/05/08;1800 UTC;0;987,3;987,6;987,3;2;31,1;31;31,5;31,1;31,3;28,7;100;86;100;;;;
2024/05/08;1900 UTC;0;987,4;987,4;987,1;18,6;30,7;30,7;31,1;30,6;30,8;29,1;100;90;100;;;;
2024/05/08;2000 UTC;0;987,5;987,5;987,3;42,2;30;29,9;30,7;30;30,6;29,9;100;99;99;;;;
2024/05/08;2100 UTC;0;988;988,1;987,5;22,6;28,5;;30,1;28,5;;;;;;;;;
2024/05/08;2200 UTC;0;988,7;988,7;988;;28,3;;28,5;28;;;;;;;;;
2024/05/08;2300 UTC;0;989,7;989,7;988,7;;28,6;;29,1;27,8;;;;;;;;;
2024/05/09;0000 UTC;0;990,4;990,4;989,7;;26,6;;28,6;26,4;;;;;;;;;
2024/05/09;0100 UTC;0;990,6;990,6;990,4;672,7;25,3;;26,6;25,3;;;;;;;;;
2024/05/09;0200 UTC;0;990,8;990,8;990,5;1756,6;24,3;;25,3;24,3;;;;;;;;;
2024/05/09;0300 UTC;0;990,2;990,9;990,2;2817,3;24,2;;24,6;24,2;;;;;;;;;
2024/05/09;0400 UTC;0;989,5;990,2;989,5;152,8;24,6;;24,6;24,2;;;;;;;;;
2024/05/09;0500 UTC;0;988,8;989,5;988,8;;24,9;;24,9;24,5;;;;;;;;;
2024/05/09;0600 UTC;0;988,5;988,8;988,4;;24,9;;25,2;24,8;;;;;;;;;
2024/05/09;0700 UTC;7,4;988,8;988,8;988,4;;24,2;;25;24,2;;;;;;;;;
2024/05/09;0800 UTC;15,6;989,3;989,3;988,8;;23,9;;24,2;23,9;;;;;;;;;
2024/05/09;0900 UTC;5,2;989,3;989,3;989,1;;23,9;;23,9;23,7;;;;;;;;;
2024/05/09;1000 UTC;1,6;989,9;989,9;989,3;;24,6;;24,6;23,9;;;;;;;;;
2024/05/09;1100 UTC;0;990,5;990,5;989,9;;25,9;;25,9;24,6;;;;;;;;;
2024/05/09;1200 UTC;0;991;991;990,5;;28,1;;28,2;25,9;;;;;;;;;
2024/05/09;1300 UTC;0;991;991,1;990,9;;28,7;;29;27,8;;;;;;;;;
2024/05/09;1400 UTC;0;990,3;991;990,3;;29,6;;30,9;28,7;;;;;;;;;
2024/05/09;1500 UTC;0;989,5;990,3;989,5;;29,7;;31,1;29,4;;;;;;;;;
2024/05/09;1600 UTC;0;988,7;989,5;988,7;;30,9;;31,2;29,8;;;;;;;;;
2024/05/09;1700 UTC;0;987,9;988,7;987,9;2,3;31;31;31,5;30,9;31,4;30,9;100;98;100;;;;
2024/05/09;1800 UTC;0;987,4;987,9;987,4;19,2;30,4;30,5;31,3;29,9;31,3;30;100;95;100;;;;
2024/05/09;1900 UTC;0;987,2;987,4;987,2;41,9;30,2;30,2;30,7;30,2;30,7;29,9;100;96;100;;;;
2024/05/09;2000 UTC;0;987,5;987,5;987,2;34,6;29,3;;30,2;29,3;;;;;;;;;
2024/05/09;2100 UTC;0;987,8;987,8;987,5;14,2;27,2;;29,3;27,2;;;;;;;;;
2024/05/09;2200 UTC;0;988,4;988,4;987,8;;26;;27,2;25,8;;;;;;;;;
2024/05/09;2300 UTC;0;989;989;988,4;;25,2;;26;25,2;;;;;;;;;
2024/05/10;0000 UTC;0;989,1;989,1;988,9;;25,1;;25,2;25;;;;;;;;;
2024/05/10;0100 UTC;0;989,4;989,5;989,1;;25,4;;25,4;25,1;;;;;;;;;
2024/05/10;0200 UTC;0;989,7;989,7;989,4;;25,4;;25,4;24,9;;;;;;;;;
2024/05/10;0300 UTC;0;989,2;989,7;989,2;;25,2;;25,6;25,2;;;;;;;;;
2024/05/10;0400 UTC;0;988,6;989,2;988,6;;25,2;;25,4;25,1;;;;;;;;;
2024/05/10;0500 UTC;0;988,2;988,6;988,2;;25,1;;25,2;25,1;;;;;;;;;
2024/05/10;0600 UTC;0;988,2;988,3;988,1;;25,1;;25,2;24,8;;;;;;;;;
2024/05/10;0700 UTC;0;988,3;988,4;988,2;;25,3;;25,3;25,1;;;;;;;;;
2024/05/10;0800 UTC;0;988,8;988,8;988,3;;25,3;;25,4;25,3;;;;;;;;;
2024/05/10;0900 UTC;0;989,1;989,1;988,8;;24,9;;25,3;24,9;;;;;;;;;
2024/05/10;1000 UTC;0;989,7;989,7;989,1;;25,8;;25,8;24,8;;;;;;;;;
2024/05/10;1100 UTC;0;990,5;990,5;989,7;7,4;27,4;;27,4;25,9;;;;;;;;;
2024/05/10;1200 UTC;0;990,5;990,5;990,4;32,7;28,6;;28,8;27,4;;;;;;;;;
2024/05/10;1300 UTC;0;990,2;990,5;990,1;50,7;29,2;29,2;29,4;27,8;;;;;100;;;;
2024/05/10;1400 UTC;0;989,6;990,3;989,6;32,7;29,9;29,9;30,1;29,1;30;28,9;100;97;100;;;;
2024/05/10;1500 UTC;0;988,7;989,6;988,7;2,7;29,2;;30,6;29,2;30,6;29,1;100;99;;;;;
2024/05/10;1600 UTC;0;987,7;988,7;987,7;2,8;30,3;30,3;30,9;29,2;30,9;29;100;94;100;;;;
2024/05/10;1700 UTC;0;987,2;987,7;987,2;3,1;30,6;30,6;31,1;29,9;31,1;29,9;100;98;100;;;;
2024/05/10;1800 UTC;0;987,2;987,2;987,2;2,5;29,7;29,7;30,9;29,6;30,9;29,4;100;96;100;;;;
2024/05/10;1900 UTC;0;987,6;987,6;987,2;22,5;29,5;;30,3;29,2;30,3;28,2;100;91;;;;;
2024/05/10;2000 UTC;0;988;988;987,6;36,1;28,5;;29,5;28,5;;;;;;;;;
2024/05/10;2100 UTC;0;988,4;988,4;988;12,5;27,6;;28,5;27,6;;;;;;;;;
2024/05/10;2200 UTC;0;988,7;988,7;988,4;;26;;27,6;26;;;;;;;;;
2024/05/10;2300 UTC;0;989;989;988,6;;26,5;;26,5;25,7;;;;;;;;;
2024/05/11;0000 UTC;0;989,5;989,5;989;;25;;26,5;25;;;;;;;;;
2024/05/11;0100 UTC;0;989,7;989,7;989,5;;24,5;;25,1;24,4;;;;;;;;;
2024/05/11;0200 UTC;0;989,6;989,7;989,6;;24,5;;24,5;24,2;;;;;;;;;
2024/05/11;0300 UTC;0;989,2;989,8;989,2;;24,2;;24,5;24,2;;;;;;;;;
2024/05/11;0400 UTC;0;988,8;989,2;988,8;;23,9;;24,2;23,6;;;;;;;;;
2024/05/11;0500 UTC;0;988,3;988,8;988,2;;23,4;;23,9;23,3;;;;;;;;;
2024/05/11;0600 UTC;0;988,1;988,3;988,1;;23,2;;23,4;23;;;;;;;;;
2024/05/11;0700 UTC;0;988;988,1;987,9;;23,3;;23,4;23;;;;;;;;;
2024/05/11;0800 UTC;0;988,5;988,5;987,9;;23,5;;23,6;23,3;;;;;;;;;
2024/05/11;0900 UTC;0;989;989;988,5;;23,9;;23,9;23,4;;;;;;;;;
2024/05/11;1000 UTC;0;989,8;989,8;989;;25,4;;25,4;23,9;;;;;;;;;
2024/05/11;1100 UTC;0;990,3;990,4;989,8;;26,9;;27;25,4;;;;;;;;;
2024/05/11;1200 UTC;0;990,4;990,5;990,3;1,4;28,3;;28,6;26,7;;;;;;;;;
2024/05/11;1300 UTC;0;990,3;990,4;990,2;;29,6;;29,7;27,8;;;;;;;;;
2024/05/11;1400 UTC;0;990;990,4;990;27,4;30,4;;31,1;29,1;;;;;;;;;
2024/05/11;1500 UTC;0;989,6;990,1;989,6;14,1;30,4;;30,7;29,4;;;;;;;;;
2024/05/11;1600 UTC;0;988,9;989,6;988,9;3,1;30,4;;30,8;30,1;;;;;;;;;
2024/05/11;1700 UTC;0;988,2;988,9;988,2;2,8;30,4;;31,1;30;;;;;;;;;
2024/05/11;1800 UTC;0;988,1;988,2;987,9;1,9;30,1;;30,8;30,1;;;;;;;;;
2024/05/11;1900 UTC;0;988,1;988,1;988;19;29,6;;30,3;29,5;;;;;;;;;
2024/05/11;2000 UTC;0;988,5;988,5;988,1;36,7;28,4;;29,7;28,4;;;;;;;;;
2024/05/11;2100 UTC;0;988,7;988,7;988,5;13,8;26,6;;28,4;26,6;;;;;;;;;
2024/05/11;2200 UTC;0;989,3;989,3;988,7;;25,6;;26,6;25,6;;;;;;;;;
2024/05/11;2300 UTC;0;989,7;989,7;989,3;;24,2;;25,6;24,2;;;;;;;;;
2024/05/12;0000 UTC;0;990,2;990,2;989,7;;23,8;;24,2;23,5;;;;;;;;;
2024/05/12;0100 UTC;0;990,4;990,5;990,2;;23,3;;24;23,3;;;;;;;;;
2024/05/12;0200 UTC;0;990,3;990,5;990,3;;23,1;;23,3;22,9;;;;;;;;;
2024/05/12;0300 UTC;0;990,1;990,4;990,1;;22,8;;23,3;22,8;;;;;;;;;
2024/05/12;0400 UTC;0;989,6;990,2;989,6;;22,6;;22,9;22,6;;;;;;;;;
2024/05/12;0500 UTC;0;989,3;989,6;989,3;;22,7;;22,9;22,5;;;;;;;;;
2024/05/12;0600 UTC;0;989,1;989,4;989,1;;22,4;;22,8;22,3;;;;;;;;;
2024/05/12;0700 UTC;0;989,2;989,2;989,1;;22,7;;22,8;22,3;;;;;;;;;
2024/05/12;0800 UTC;0;989,7;989,8;989,2;;23,3;;23,3;22,7;;;;;;;;;
2024/05/12;0900 UTC;0;990,3;990,3;989,7;;23,8;;23,8;23,3;;;;;;;;;
2024/05/12;1000 UTC;,8;990,4;990,4;990,3;;24,7;;24,7;23,8;;;;;;;;;
2024/05/12;1100 UTC;0;991;991;990,4;4,6;26,9;;27,1;24,7;;;;;;;;;
2024/05/12;1200 UTC;0;990,9;991,1;990,9;3796,7;28,1;;28,1;26,7;;;;;;;;;
2024/05/12;1300 UTC;0;990,8;990,9;990,8;3367;29,1;;29,2;27,4;;;;;;;;;
2024/05/12;1400 UTC;0;990,5;990,8;990,5;1755,5;28,9;;29,9;28,7;;;;;;;;;
2024/05/12;1500 UTC;,2;989,5;990,5;989,5;362,1;30,9;;30,9;28,8;;;;;;;;;
2024/05/12;1600 UTC;0;988,8;989,5;988,7;8,5;31,1;;32;29,8;;;;;;;;;
2024/05/12;1700 UTC;0;988,3;988,8;988,2;33,4;30,5;;31,1;30,1;;;;;;;;;
2024/05/12;1800 UTC;0;987,8;988,3;987,8;51,7;30,5;;30,8;30;;;;;;;;;
2024/05/12;1900 UTC;0;987,8;987,9;987,8;43,9;29,7;;30,5;29,5;;;;;;;;;
2024/05/12;2000 UTC;0;988,3;988,3;987,8;18,2;28,8;;29,7;28,8;;;;;;;;;
2024/05/12;2100 UTC;0;988,8;988,8;988,3;;27,5;;28,8;27,5;;;;;;;;;
2024/05/12;2200 UTC;0;989,5;989,5;988,8;;26,4;;27,5;26,4;;;;;;;;;
2024/05/12;2300 UTC;0;990,1;990,1;989,5;5,9;26,4;;26,5;26;;;;;;;;;
2024/05/13;0000 UTC;0;991;991;990,2;10,7;25,5;;26,4;25,5;;;;;;;;;
2024/05/13;0100 UTC;0;991,2;991,3;991;;25,1;;25,5;25,1;;;;;;;;;
2024/05/13;0200 UTC;0;991,2;991,2;991,1;;25,4;;25,4;25;;;;;;;;;
2024/05/13;0300 UTC;0;990,8;991,2;990,7;;25,4;;25,4;25,3;;;;;;;;;
2024/05/13;0400 UTC;0;990,3;990,8;990,3;;25,4;;25,5;25,3;;;;;;;;;
2024/05/13;0500 UTC;0;989,9;990,3;989,9;;25,3;;25,5;25,2;;;;;;;;;
2024/05/13;0600 UTC;0;990;990,1;989,9;;25,4;;25,4;25,2;;;;;;;;;
2024/05/13;0700 UTC;0;990,1;990,1;989,9;;25;;25,4;25;;;;;;;;;
2024/05/13;0800 UTC;0;990,6;990,6;990,1;;25,1;;25,1;24,9;;;;;;;;;
2024/05/13;0900 UTC;0;990,5;990,6;990,5;;25;;25,1;24,9;;;;;;;;;
2024/05/13;1000 UTC;0;991;991;990,5;;26,3;;26,7;25;;;;;;;;;
2024/05/13;1100 UTC;0;991,6;991,6;991;8,7;28;;28;26,3;;;;;;;;;
2024/05/13;1200 UTC;0;991,9;992;991,6;32,7;28,9;;29,1;27,8;;;;;;;;;
2024/05/13;1300 UTC;0;991,8;991,9;991,8;48,9;28,5;;29,8;28,2;;;;;;;;;
2024/05/13;1400 UTC;0;991,1;991,8;991,1;47,6;29,6;;30,2;28,4;;;;;;;;;
2024/05/13;1500 UTC;0;990,2;991,1;990,2;4,8;30,7;;31,3;29,6;;;;;;;;;
2024/05/13;1600 UTC;0;989,4;990,2;989,4;4,3;31,6;;31,6;30,4;;;;;;;;;
2024/05/13;1700 UTC;0;988,9;989,4;988,9;4,6;30,3;;31,6;30,2;;;100;94;;;;;
2024/05/13;1800 UTC;0;988,5;989;988,5;2,7;30,8;30,8;31,4;30,1;31,1;30,1;100;97;100;;;;
2024/05/13;1900 UTC;0;988,5;988,6;988,5;19,7;30,2;30,3;31,1;29,4;;;;;100;;;;
2024/05/13;2000 UTC;0;988,9;988,9;988,5;39,6;28,8;;30,3;28,8;;;;;;;;;
2024/05/13;2100 UTC;0;989,6;989,6;988,9;15,1;26,8;;28,8;26,8;;;;;;;;;
2024/05/13;2200 UTC;0;990,2;990,2;989,6;;26,8;;26,8;26,3;;;;;;;;;
2024/05/13;2300 UTC;0;990,8;990,8;990,2;;26,4;;26,8;26,4;;;;;;;;;
2024/05/14;0000 UTC;0;991,2;991,2;990,8;;25,3;;26,4;25,3;;;;;;;;;
2024/05/14;0100 UTC;0;991,4;991,5;991,2;;24,5;;25,3;24,5;;;;;;;;;
2024/05/14;0200 UTC;0;991,3;991,4;991,2;109,5;24,4;;24,7;24,4;;;;;;;;;
2024/05/14;0300 UTC;0;990,9;991,3;990,9;;24,1;;24,5;23,9;;;;;;;;;
2024/05/14;0400 UTC;0;990,2;990,9;990,2;;23,6;;24,2;23,5;;;;;;;;;
2024/05/14;0500 UTC;0;989,6;990,2;989,6;;23,5;;23,6;23,4;;;;;;;;;
2024/05/14;0600 UTC;0;989,4;989,6;989,3;;23,4;;23,7;23,3;;;;;;;;;
2024/05/14;0700 UTC;0;989,3;989,4;989,2;;23,6;;23,6;23,2;;;;;;;;;
2024/05/14;0800 UTC;0;989,4;989,4;989,3;;23,3;;23,6;23,2;;;;;;;;;
2024/05/14;0900 UTC;0;989,6;989,6;989,4;;23,4;;23,5;23,2;;;;;;;;;
2024/05/14;1000 UTC;0;990,2;990,2;989,6;;25;;25;23,4;;;;;;;;;
2024/05/14;1100 UTC;0;991,2;991,2;990,2;;28,2;;28,2;25;;;;;;;;;
2024/05/14;1200 UTC;0;991,1;991,3;991,1;1956,1;29,3;;29,6;28,2;;;;;;;;;
2024/05/14;1300 UTC;0;991,3;991,3;991,1;2033,7;30;;31;28,9;;;;;;;;;
2024/05/14;1400 UTC;0;990,8;991,3;990,8;;29,9;;30,5;29,2;;;;;;;;;
2024/05/14;1500 UTC;0;989,8;990,8;989,8;4,3;31,1;;31,9;30;;;;;;;;;
2024/05/14;1600 UTC;0;988,9;989,8;988,9;10,7;31,7;;32,1;30,8;;;;;;;;;
2024/05/14;1700 UTC;0;988,2;989;988,2;4,1;32,1;32,1;32,4;31;;;;;100;;;;
2024/05/14;1800 UTC;0;987,6;988,2;987,6;3,4;31,6;;32,1;31,2;;;100;95;;;;;
2024/05/14;1900 UTC;0;987,3;987,6;987,3;1,8;31,3;;31,7;31,2;;;100;94;;;;;
2024/05/14;2000 UTC;0;987,8;987,8;987,3;18,1;29,8;;31,3;29,8;;;;;;;;;
2024/05/14;2100 UTC;0;988,3;988,3;987,8;24,6;28,3;;29,8;28,3;;;;;;;;;
2024/05/14;2200 UTC;0;988,6;988,6;988,3;;26,7;;28,3;26,6;;;;;;;;;
2024/05/14;2300 UTC;0;989;989;988,6;;26,4;;27,3;26,4;;;;;;;;;
2024/05/15;0000 UTC;0;990;990;989;;25,8;;26,4;25,8;;;;;;;;;
2024/05/15;0100 UTC;0;990,1;990,3;990;;25,7;;25,9;25,6;;;;;;;;;
2024/05/15;0200 UTC;0;990,1;990,2;990;3,4;25;;25,8;25;;;;;;;;;
2024/05/15;0300 UTC;0;989,7;990,1;989,7;5,4;25,3;;25,3;24,9;;;;;;;;;
2024/05/15;0400 UTC;0;989,3;989,8;989,2;;25,6;;25,6;25,3;;;;;;;;;
2024/05/15;0500 UTC;0;989,2;989,3;989,2;;25,7;;25,7;25,6;;;;;;;;;
2024/05/15;0600 UTC;0;988,7;989,2;988,7;;25,4;;25,7;25,4;;;;;;;;;
2024/05/15;0700 UTC;0;989,3;989,3;988,7;;25,3;;25,6;25,2;;;;;;;;;
2024/05/15;0800 UTC;0;989,7;989,7;989,3;;25,2;;25,4;25,2;;;;;;;;;
2024/05/15;0900 UTC;0;990;990;989,7;;25,1;;25,2;25,1;;;;;;;;;
2024/05/15;1000 UTC;0;990,6;990,6;990;;25,6;;25,6;25,1;;;;;;;;;
2024/05/15;1100 UTC;0;991,2;991,3;990,6;;26,8;;26,9;25,6;;;;;;;;;
2024/05/15;1200 UTC;0;991,1;991,2;991;;27,5;;27,7;26,8;;;;;;;;;
2024/05/15;1300 UTC;0;991,1;991,2;990,9;16;29,5;;29,5;27,3;;;;;;;;;
2024/05/15;1400 UTC;0;990,7;991,2;990,6;29,4;30,7;;30,8;29;;;;;;;;;
2024/05/15;1500 UTC;0;989,6;990,7;989,6;4,2;30,7;;31,4;29,3;;;;;;;;;
2024/05/15;1600 UTC;0;988,8;989,6;988,8;3,7;31,5;;31,8;30,2;;;;;;;;;
2024/05/15;1700 UTC;0;987,9;988,8;987,9;3,6;31,9;31,7;32,3;31,4;;;;;99;;;;
2024/05/15;1800 UTC;0;987,6;987,9;987,6;3,7;31,6;31,2;32,1;31,5;31,9;31,2;100;97;98;;;;
2024/05/15;1900 UTC;0;987,7;987,7;987,4;2,2;30,9;;31,8;30,5;;;;;;;;;
2024/05/15;2000 UTC;0;988,3;988,3;987,6;16,2;29,2;;30,9;29,2;;;;;;;;;
2024/05/15;2100 UTC;0;989,4;989,6;988,3;20,2;25,7;;29,2;25,7;;;;;;;;;
2024/05/15;2200 UTC;0;990,3;990,3;989,4;;25,1;;25,7;25,1;;;;;;;;;
2024/05/15;2300 UTC;1,2;990,8;990,8;990,3;478;24,7;;25,3;24,6;;;;;;;;;
2024/05/16;0000 UTC;0;990,6;990,8;990,6;4122,8;24,5;;24,7;24,3;;;;;;;;;
2024/05/16;0100 UTC;0;990,4;990,6;990,4;5346;24,6;;24,6;24,2;;;;;;;;;
2024/05/16;0200 UTC;0;990,3;990,5;990,2;3908,4;24,3;;24,6;24,1;;;;;;;;;
2024/05/16;0300 UTC;0;989,9;990,3;989,9;3202,2;24,2;;24,4;24,1;;;;;;;;;
2024/05/16;0400 UTC;0;989,6;989,9;989,6;3381,3;24,3;;24,4;24,2;;;;;;;;;
2024/05/16;0500 UTC;0;989,3;989,6;989,3;2761,5;24,3;;24,3;24,1;;;;;;;;;
2024/05/16;0600 UTC;0;989,2;989,3;989,1;3134,1;24,2;;24,3;24,1;;;;;;;;;
2024/05/16;0700 UTC;,2;989,5;989,5;989,1;2178,3;24,6;;24,6;24,1;;;;;;;;;
2024/05/16;0800 UTC;0;989,9;989,9;989,5;2966,9;24,7;;24,7;24,6;;;;;;;;;
2024/05/16;0900 UTC;0;990,4;990,4;989,9;2813,1;24,8;;24,8;24,5;;;;;;;;;
2024/05/16;1000 UTC;0;991,3;991,3;990,4;3073,3;25,8;;25,8;24,8;;;;;;;;;
2024/05/16;1100 UTC;0;991,9;991,9;991,3;1923,1;26,1;;27,3;25,7;;;;;;;;;
2024/05/16;1200 UTC;0;991,9;991,9;991,8;2104;27,2;;28;26,1;;;;;;;;;
2024/05/16;1300 UTC;0;991,8;992,1;991,7;4696,9;29,3;;29,6;27,2;;;;;;;;;
2024/05/16;1400 UTC;0;991;991,8;991;2929,7;30,2;;30,2;28,8;;;;;;;;;
2024/05/16;1500 UTC;0;990,2;991,1;990,2;9,8;30;;31,1;29,4;;;;;;;;;
2024/05/16;1600 UTC;0;989,4;990,2;989,4;0;30,4;30,2;31,4;29,3;;;;;99;;;;
2024/05/16;1700 UTC;0;988,5;989,4;988,5;21,6;31,3;;31,3;29,8;;;;;;;;;
2024/05/16;1800 UTC;0;988,5;988,5;988,4;45,3;29,8;;31,3;29,8;;;;;;;;;
2024/05/16;1900 UTC;0;988,7;988,7;988,4;39,4;30,4;;31,2;29,8;;;;;;;;;
2024/05/16;2000 UTC;0;988,8;988,8;988,5;31;29;;30,5;29;;;;;;;;;
2024/05/16;2100 UTC;0;989,4;989,4;988,8;9;27,3;;29;27,3;;;;;;;;;
2024/05/16;2200 UTC;0;990,1;990,1;989,4;;27;;27,3;26,6;;;;;;;;;
2024/05/16;2300 UTC;0;991,1;991,1;990,1;;25,8;;27,1;25,8;;;;;;;;;
2024/05/17;0000 UTC;0;991,5;991,5;991,1;;25,1;;25,8;25,1;;;;;;;;;
2024/05/17;0100 UTC;0;991,8;991,8;991,4;;24,6;;25,2;24,5;;;;;;;;;
2024/05/17;0200 UTC;0;991,5;991,9;991,5;;25,5;;25,5;24,6;;;;;;;;;
2024/05/17;0300 UTC;0;990,8;991,5;990,8;;24,5;;25,5;24,5;;;;;;;;;
2024/05/17;0400 UTC;0;990,5;990,9;990,4;;24,6;;24,6;24,3;;;;;;;;;
2024/05/17;0500 UTC;0;989,8;990,5;989,8;;24,6;;24,8;24,6;;;;;;;;;
2024/05/17;0600 UTC;0;989,8;989,8;989,6;;24,6;;24,7;24,5;;;;;;;;;
2024/05/17;0700 UTC;0;989,7;989,8;989,7;;24,6;;24,7;24,5;;;;;;;;;
2024/05/17;0800 UTC;0;990,5;990,5;989,7;;24,6;;24,8;24,5;;;;;;;;;
2024/05/17;0900 UTC;0;991,1;991,1;990,5;;24,8;;24,8;24,6;;;;;;;;;
2024/05/17;1000 UTC;1,4;992;992;991,1;;24,7;;24,9;24,3;;;;;;;;;
2024/05/17;1100 UTC;1,2;992,8;992,8;992;4029,6;25,7;;25,7;24,7;;;;;;;;;
2024/05/17;1200 UTC;0;993;993;992,8;958,6;27,6;;28,4;25,7;;;;;;;;;
2024/05/17;1300 UTC;0;992,8;993;992,8;4940,2;28,1;;29,3;27,6;;;;;;;;;
2024/05/17;1400 UTC;0;992,7;992,9;992,7;2453,4;28,4;;28,9;28,1;;;;;;;;;
2024/05/17;1500 UTC;0;992;992,7;992;2812,1;28,9;;29,2;27,7;;;;;;;;;
2024/05/17;1600 UTC;0;991,4;992;991,4;;28,6;;29;28,4;;;;;;;;;
2024/05/17;1700 UTC;0;990,8;991,4;990,7;;27,7;;28,6;27,7;;;;;;;;;
2024/05/17;1800 UTC;0;990,6;990,9;990,5;;26,9;;27,7;26,5;;;;;;;;;
2024/05/17;1900 UTC;0;990,6;990,6;990,5;;27,2;;27,2;26,8;;;;;;;;;
2024/05/17;2000 UTC;0;990,6;990,6;990,5;;26,4;;27,3;26,4;;;;;;;;;
2024/05/17;2100 UTC;0;991;991;990,6;;25,5;;26,4;25,5;;;;;;;;;
2024/05/17;2200 UTC;0;991,7;991,7;991;;24,3;;25,6;24,3;;;;;;;;;
2024/05/17;2300 UTC;0;992,4;992,4;991,7;;24;;24,8;23,9;;;;;;;;;
2024/05/18;0000 UTC;0;992,7;992,7;992,4;;23,5;;24;23,5;;;;;;;;;
2024/05/18;0100 UTC;0;992,7;992,9;992,7;;23,1;;23,5;23,1;;;;;;;;;
2024/05/18;0200 UTC;0;992,4;992,7;992,4;;22,9;;23,2;22,7;;;;;;;;;
2024/05/18;0300 UTC;0;991,8;992,4;991,8;;24,1;;24,1;22,8;;;;;;;;;
2024/05/18;0400 UTC;0;991,3;991,8;991,3;;23,7;;24,2;23,6;;;;;;;;;
2024/05/18;0500 UTC;0;990,5;991,3;990,5;;23,4;;23,8;23,4;;;;;;;;;
2024/05/18;0600 UTC;0;990,3;990,5;990,3;;23,6;;23,8;23,4;;;;;;;;;
2024/05/18;0700 UTC;0;990,4;990,4;990,3;;23,3;;23,7;23,3;;;;;;;;;
2024/05/18;0800 UTC;0;991,1;991,1;990,4;;23,2;;23,3;23,1;;;;;;;;;
2024/05/18;0900 UTC;0;991,5;991,5;991,1;;23,2;;23,3;23,1;;;;;;;;;
2024/05/18;1000 UTC;0;992,1;992,1;991,5;;25;;26;23,2;;;;;;;;;
2024/05/18;1100 UTC;0;992,9;992,9;992,1;;26,6;;26,7;25;;;;;;;;;
2024/05/18;1200 UTC;0;993;993,1;992,9;12,6;28,2;;28,5;26,5;;;;;;;;;
2024/05/18;1300 UTC;0;992,9;993,1;992,9;32,8;27,9;;28,6;27,5;;;;;;;;;
2024/05/18;1400 UTC;0;992,4;992,9;992,4;39,1;28,8;;29,9;27,8;;;;;;;;;
2024/05/18;1500 UTC;0;991,7;992,4;991,7;30,7;29,8;29,6;30,4;28,9;;;;;99;;;;
2024/05/18;1600 UTC;0;991;991,7;990,9;2,9;30,4;30,4;31;29,4;31;29,4;100;97;100;;;;
2024/05/18;1700 UTC;0;990,2;991;990,2;2,8;30,8;30,8;31;30;31;30;100;98;100;;;;
2024/05/18;1800 UTC;0;989,9;990,2;989,9;2,2;30,2;30,2;30,9;29,9;30,9;29,9;100;99;100;;;;
2024/05/18;1900 UTC;0;990,1;990,1;989,9;22,6;30;30;30,2;29,8;30,3;29,6;100;98;100;;;;
2024/05/18;2000 UTC;0;990,1;990,2;990,1;37,7;28,6;;30,1;28,6;;;;;;;;;
2024/05/18;2100 UTC;0;990,5;990,5;990,1;10,6;26,2;;28,6;26,2;;;;;;;;;
2024/05/18;2200 UTC;0;991;991;990,5;;25;;26,2;25;;;;;;;;;
2024/05/18;2300 UTC;0;991,6;991,6;991;;24,6;;25;24,5;;;;;;;;;
2024/05/19;0000 UTC;0;992,2;992,2;991,6;;24,7;;24,8;24,3;;;;;;;;;
2024/05/19;0100 UTC;0;992,4;992,4;992,1;;24,6;;24,9;24,6;;;;;;;;;
2024/05/19;0200 UTC;0;992,3;992,4;992,2;;24,4;;25,1;24,4;;;;;;;;;
2024/05/19;0300 UTC;0;991,9;992,3;991,9;;24,9;;24,9;24,4;;;;;;;;;
2024/05/19;0400 UTC;0;991,1;991,9;991,1;;24,1;;24,9;24,1;;;;;;;;;
2024/05/19;0500 UTC;0;990,7;991,1;990,6;;23,6;;24,1;23,6;;;;;;;;;
2024/05/19;0600 UTC;0;990,3;990,7;990,3;;24,2;;24,2;23,6;;;;;;;;;
2024/05/19;0700 UTC;0;990,4;990,4;990,2;;24,1;;24,5;24,1;;;;;;;;;
2024/05/19;0800 UTC;0;991;991;990,4;;24,1;;24,2;24;;;;;;;;;
2024/05/19;0900 UTC;0;991,3;991,3;991;;24,3;;24,3;24;;;;;;;;;
2024/05/19;1000 UTC;0;992;992;991,3;;26,5;;26,6;24,3;;;;;;;;;
2024/05/19;1100 UTC;0;992,8;992,8;992;12,2;27,6;;27,8;26,5;;;;;;;;;
2024/05/19;1200 UTC;0;993;993,1;992,8;34,8;29;;29,3;27,2;;;;;;;;;
2024/05/19;1300 UTC;0;993;993,2;993;41,9;29,8;;29,8;28;;;;;;;;;
2024/05/19;1400 UTC;0;992,3;993;992,3;3,4;30,7;;30,7;29,2;;;;;;;;;
2024/05/19;1500 UTC;0;991,1;992,3;991,1;4,2;31;31;31,2;30,1;31,2;29,9;100;93;100;;;;
2024/05/19;1600 UTC;0;990,3;991,1;990,3;4,4;31,4;31,4;31,4;30,4;31,4;30,4;100;100;100;;;;
2024/05/19;1700 UTC;0;989,7;990,3;989,7;3,2;30,2;30,2;31,7;30,2;31,7;30,2;100;100;100;;;;
2024/05/19;1800 UTC;0;989,6;989,7;989,5;2,1;31,5;31,3;31,6;30,1;31,6;30,1;100;96;99;;;;
2024/05/19;1900 UTC;0;989,7;989,7;989,5;2,2;30,9;30,7;31,5;30,8;31,5;30,1;100;93;99;;;;
2024/05/19;2000 UTC;0;990;990;989,7;18,1;29,1;29,2;30,9;29,1;30,9;29,2;100;99;100;;;;
2024/05/19;2100 UTC;0;990,6;990,6;990;25,5;27;;29,1;27;;;;;;;;;
2024/05/19;2200 UTC;0;991,2;991,2;990,6;,8;25,8;;27;25,8;;;;;;;;;
2024/05/19;2300 UTC;0;991,5;991,5;991,2;;25,4;;25,8;25,3;;;;;;;;;
2024/05/20;0000 UTC;0;992,3;992,3;991,5;;25;;25,5;24,9;;;;;;;;;
2024/05/20;0100 UTC;0;992,5;992,5;992,3;;24,6;;25,1;24,5;;;;;;;;;
2024/05/20;0200 UTC;0;992,4;992,5;992,3;;24,7;;24,9;24,6;;;;;;;;;
2024/05/20;0300 UTC;0;992,2;992,5;992,2;;24,6;;24,7;24,4;;;;;;;;;
2024/05/20;0400 UTC;0;991,8;992,2;991,8;;24,5;;24,6;24,4;;;;;;;;;
2024/05/20;0500 UTC;0;991,4;991,8;991,4;;24,5;;24,6;24,3;;;;;;;;;
2024/05/20;0600 UTC;0;991,1;991,4;990,8;;23,8;;24,7;23,8;;;;;;;;;
2024/05/20;0700 UTC;0;991,2;991,2;991;;23,5;;23,8;23,5;;;;;;;;;
2024/05/20;0800 UTC;0;991,6;991,6;991,1;;23,6;;23,7;23,5;;;;;;;;;
2024/05/20;0900 UTC;0;991,8;991,8;991,6;;23,7;;23,7;23,5;;;;;;;;;
2024/05/20;1000 UTC;0;992,2;992,2;991,8;;25,9;;25,9;23,6;;;;;;;;;
2024/05/20;1100 UTC;0;993;993;992,2;14,4;27,1;;27,4;25,6;;;;;;;;;
2024/05/20;1200 UTC;0;993,1;993,1;993;46,7;28;;28,3;26,8;;;;;;;;;
2024/05/20;1300 UTC;0;992,9;993,1;992,9;28,8;28,9;;29,4;27,7;;;;;;;;;
2024/05/20;1400 UTC;0;992,5;992,9;992,5;3,2;28,7;;30,4;28,3;;;;;;;;;
2024/05/20;1500 UTC;0;991,9;992,5;991,9;14;28,9;;30,5;28,5;;;;;;;;;
2024/05/20;1600 UTC;0;990,7;991,9;990,7;13,7;30,3;30,3;30,9;28,5;;;;;100;;;;
2024/05/20;1700 UTC;0;989,7;990,7;989,7;3,8;30,3;30,3;31,1;29;31,1;29,9;100;96;100;;;;
2024/05/20;1800 UTC;0;989,1;989,7;989,1;2,5;30,7;30,7;30,9;30,2;30,9;30,2;100;100;100;;;;
2024/05/20;1900 UTC;0;989,3;989,3;989;1,5;30,4;30,4;30,9;30,4;30,9;30,4;100;100;100;;;;
2024/05/20;2000 UTC;0;989,8;989,8;989,2;16;28,9;;30,4;28,9;30,4;28,9;100;97;;;;;
2024/05/20;2100 UTC;0;990,2;990,2;989,8;21;27,4;;28,9;27,4;;;;;;;;;
2024/05/20;2200 UTC;0;991,1;991,1;990,2;;26,6;;27,4;26,5;;;;;;;;;
2024/05/20;2300 UTC;0;992;992;991,1;;25,6;;26,6;25,6;;;;;;;;;
2024/05/21;0000 UTC;0;992,6;992,6;992;;24,8;;25,6;24,8;;;;;;;;;
2024/05/21;0100 UTC;0;992,9;992,9;992,6;;24,6;;24,9;24,5;;;;;;;;;
2024/05/21;0200 UTC;0;992,5;992,9;992,5;;23,8;;24,6;23,8;;;;;;;;;
2024/05/21;0300 UTC;0;992,4;992,5;992,4;;23,9;;24;23,6;;;;;;;;;
2024/05/21;0400 UTC;0;991,7;992,4;991,7;;23,9;;24,1;23,7;;;;;;;;;
2024/05/21;0500 UTC;0;991,4;991,7;991,4;;24,5;;24,5;23,9;;;;;;;;;
2024/05/21;0600 UTC;0;991,2;991,4;991,1;;24,6;;24,6;24,4;;;;;;;;;
2024/05/21;0700 UTC;0;991,3;991,3;991,2;;24,2;;24,6;24,2;;;;;;;;;
2024/05/21;0800 UTC;0;991,8;991,8;991,3;;24,4;;24,4;24,1;;;;;;;;;
2024/05/21;0900 UTC;0;992;992;991,8;;24,2;;24,4;24,2;;;;;;;;;
2024/05/21;1000 UTC;0;992,7;992,7;992;;25,4;;25,8;24,1;;;;;;;;;
2024/05/21;1100 UTC;0;993,2;993,2;992,7;;26,7;;26,7;25,1;;;;;;;;;
2024/05/21;1200 UTC;0;993,4;993,4;993,2;;26,8;;26,9;26,4;;;;;;;;;
2024/05/21;1300 UTC;0;993,2;993,4;993,2;11,9;28,4;;29,2;26,8;;;;;;;;;
2024/05/21;1400 UTC;0;992,6;993,2;992,6;18,9;30,1;;30,6;28,3;;;;;;;;;
2024/05/21;1500 UTC;0;991,9;992,6;991,9;10,3;30,3;30,3;31,5;28,7;31,5;30,3;100;93;100;;;;
2024/05/21;1600 UTC;0;990,9;991,9;990,9;11,9;31,2;31,2;31,5;30;31,5;30,1;100;100;100;;;;
2024/05/21;1700 UTC;0;990;990,9;990;10,8;31,2;30,6;31,8;30,1;31,7;30;100;92;96;;;;
2024/05/21;1800 UTC;0;989,9;990;989,9;3,5;30,9;29,6;31,5;30,2;31,4;29,5;100;93;93;;;;
2024/05/21;1900 UTC;0;989,9;989,9;989,7;2,4;30,2;30,2;31,1;30,2;30,9;29,8;100;93;100;;;;
2024/05/21;2000 UTC;0;990,2;990,2;989,9;16,4;29;;30,3;29;30,3;29,2;100;100;;;;;
2024/05/21;2100 UTC;0;990,4;990,4;990,1;20,2;27,2;;29;27,2;;;;;;;;;
2024/05/21;2200 UTC;0;990,9;990,9;990,4;;25,5;;27,2;25,5;;;;;;;;;
2024/05/21;2300 UTC;0;991,6;991,6;990,9;521,3;24,6;;25,9;24,6;;;;;;;;;
2024/05/22;0000 UTC;0;992,3;992,3;991,6;311,3;23,6;;24,6;23,6;;;;;;;;;
2024/05/22;0100 UTC;0;992,9;992,9;992,3;;23,5;;23,8;23,5;;;;;;;;;
2024/05/22;0200 UTC;0;993;993,1;992,9;;23,4;;23,7;23,2;;;;;;;;;
2024/05/22;0300 UTC;0;992,8;993;992,8;;23,4;;23,5;23,3;;;;;;;;;
2024/05/22;0400 UTC;0;992;992,8;992;;23,3;;23,5;23,1;;;;;;;;;
2024/05/22;0500 UTC;0;991,5;992;991,5;;23,6;;23,8;23,2;;;;;;;;;
2024/05/22;0600 UTC;0;991;991,5;991;;23,9;;23,9;23,5;;;;;;;;;
2024/05/22;0700 UTC;0;990,9;991;990,8;;23,8;;24,1;23,8;;;;;;;;;
2024/05/22;0800 UTC;0;991,5;991,5;990,9;;23,8;;23,9;23,8;;;;;;;;;
2024/05/22;0900 UTC;0;991,9;991,9;991,5;;23,7;;23,8;23,6;;;;;;;;;
2024/05/22;1000 UTC;0;992,6;992,6;991,9;142,3;25,6;;25,6;23,7;;;;;;;;;
2024/05/22;1100 UTC;0;993,3;993,3;992,6;640,6;27;;27,1;25,5;;;;;;;;;
2024/05/22;1200 UTC;0;993,5;993,6;993,3;;28;;28;26,9;;;;;;;;;
2024/05/22;1300 UTC;0;993,2;993,5;993,2;;28,9;28,9;29,2;27,9;;;;;100;;;;
2024/05/22;1400 UTC;0;993;993,3;993;19,3;29,9;29,8;30,2;28,9;30;28,9;100;98;100;;;;
2024/05/22;1500 UTC;0;992,2;993;992,1;30,5;30,8;27,8;30,8;29,8;30,6;27,5;100;84;84;;;;
2024/05/22;1600 UTC;0;991,4;992,2;991,4;3,4;31,6;26,1;31,7;30,6;28,2;25,7;85;72;73;;;;
2024/05/22;1700 UTC;0;990,7;991,4;990,7;3,8;31,4;24,5;31,7;30,9;27;24,1;77;65;67;;;;
2024/05/22;1800 UTC;0;990,3;990,7;990,3;2,5;30,8;25,7;31,7;30,8;26,2;24,4;75;66;74;;;;
2024/05/22;1900 UTC;0;990,5;990,5;990,3;19,4;30,2;26,7;31;30,2;27,4;25,8;83;74;81;;;;
2024/05/22;2000 UTC;0;990,6;990,6;990,5;38,7;29,1;28,3;30,2;29,1;28,3;26,3;96;81;96;;;;
2024/05/22;2100 UTC;0;990,7;990,7;990,6;13,3;26,8;;29,1;26,8;;;;;;;;;
2024/05/22;2200 UTC;0;991,2;991,2;990,7;;24,9;;26,8;24,9;;;;;;;;;
2024/05/22;2300 UTC;0;991,8;991,8;991,2;;24,1;;25,1;24,1;;;;;;;;;
2024/05/23;0000 UTC;0;992,1;992,1;991,8;;24,1;;24,5;24,1;;;;;;;;;
2024/05/23;0100 UTC;0;992,4;992,4;992,1;;23,9;;24,4;23,9;;;;;;;;;
2024/05/23;0200 UTC;0;992,2;992,4;992,2;;23,7;;24,1;23,7;;;;;;;;;
2024/05/23;0300 UTC;0;991,9;992,2;991,9;;24;;24;23,7;;;;;;;;;
2024/05/23;0400 UTC;0;991,3;991,9;991,3;;24,1;;24,6;24;;;;;;;;;
2024/05/23;0500 UTC;0;990,6;991,3;990,6;;23,8;;24,1;23,8;;;;;;;;;
2024/05/23;0600 UTC;0;990,1;990,6;990,1;;23,3;;23,8;23,2;;;;;;;;;
2024/05/23;0700 UTC;0;990,2;990,2;989,9;;23,1;;23,5;22,8;;;;;;;;;
2024/05/23;0800 UTC;0;990,9;990,9;990,2;;22,7;;23,1;22,6;;;;;;;;;
2024/05/23;0900 UTC;0;991,2;991,2;990,9;;23,2;;23,2;22,7;;;;;;;;;
2024/05/23;1000 UTC;0;991,8;991,8;991,2;;25,8;;25,8;23,2;;;;;;;;;
2024/05/23;1100 UTC;0;991,9;991,9;991,7;;27,6;;28;25,8;;;;;;;;;
2024/05/23;1200 UTC;0;992,2;992,3;991,9;;28,2;;28,7;27,5;;;;;;;;;
2024/05/23;1300 UTC;0;992,3;992,5;992,1;12,1;29;;29,8;28;;;;;;;;;
2024/05/23;1400 UTC;0;992;992,4;992;43,6;30,2;30,2;31,2;29;31,2;28,3;100;88;100;;;;
2024/05/23;1500 UTC;0;991,4;992,1;991,4;23,6;30,4;30,4;30,8;29,7;30,8;29,7;100;100;100;;;;
2024/05/23;1600 UTC;0;990,4;991,4;990,4;3,9;31,4;29,1;32;30,3;31,4;29;100;86;88;;;;
2024/05/23;1700 UTC;0;989,4;990,4;989,3;4,1;31,9;29,3;32,1;30,9;30,1;28;95;81;86;;;;
2024/05/23;1800 UTC;0;988,7;989,4;988,7;2,8;31,4;29,5;31,9;31;30;28,6;92;83;90;;;;
2024/05/23;1900 UTC;0;988,6;988,8;988,6;19,4;30,3;29;31,4;30,3;29,6;28,3;94;87;92;;;;
2024/05/23;2000 UTC;0;988,8;988,8;988,6;37;28,9;28,9;30,3;28,9;29,8;28,7;100;91;100;;;;
2024/05/23;2100 UTC;0;989,5;989,5;988,8;11,3;27,1;;28,9;27,1;;;;;;;;;
2024/05/23;2200 UTC;0;990;990;989,5;;27,1;;27,3;27,1;;;;;;;;;
2024/05/23;2300 UTC;0;990,7;990,7;990;;26,7;;27,2;26,7;;;;;;;;;
2024/05/24;0000 UTC;0;991,7;991,7;990,7;;26,9;;26,9;26,6;;;;;;;;;
2024/05/24;0100 UTC;0;991,7;991,8;991,6;;26;;26,9;26;;;;;;;;;
2024/05/24;0200 UTC;0;991,5;991,7;991,4;;25,6;;26;25,5;;;;;;;;;
2024/05/24;0300 UTC;0;991,2;991,5;991,2;;25,6;;25,8;25,6;;;;;;;;;
2024/05/24;0400 UTC;0;990,9;991,2;990,9;;25,5;;25,6;25,4;;;;;;;;;
2024/05/24;0500 UTC;,6;990,5;990,9;990,4;;25,1;;25,6;25,1;;;;;;;;;
2024/05/24;0600 UTC;0;990,2;990,5;990,2;;24,6;;25,1;24,6;;;;;;;;;
2024/05/24;0700 UTC;0;990,4;990,4;990,1;;24,3;;24,6;24,3;;;;;;;;;
2024/05/24;0800 UTC;0;990,7;990,8;990,4;;24,3;;24,4;24,3;;;;;;;;;
2024/05/24;0900 UTC;,6;991,4;991,4;990,7;18,3;23,3;;24,3;23,3;;;;;;;;;
2024/05/24;1000 UTC;0;992,1;992,1;991,3;379,3;24;;24,1;23,3;;;;;;;;;
2024/05/24;1100 UTC;0;992,6;992,6;992,1;3355,3;25,4;;25,4;24;;;;;;;;;
2024/05/24;1200 UTC;0;992,6;992,6;992,4;5245,1;27,4;;27,8;25,4;;;;;;;;;
2024/05/24;1300 UTC;0;992;992,6;992;3081,4;27,8;;28,4;27;;;;;;;;;
2024/05/24;1400 UTC;0;991,4;992;991,4;2179,6;29,3;29,3;29,9;27,8;;;;;100;;;;
2024/05/24;1500 UTC;0;990,2;991,4;990,2;;30,4;29,7;30,7;29,1;30,7;29,1;100;93;96;;;;
2024/05/24;1600 UTC;0;989,2;990,2;989,2;;31;29,1;31,6;30,2;30,4;28,7;100;86;90;;;;
2024/05/24;1700 UTC;0;988,5;989,2;988,5;,9;31,4;29,1;31,8;30,6;29,7;28,3;92;83;88;;;;
2024/05/24;1800 UTC;0;987,9;988,5;987,9;2,1;30,6;28,8;31,8;30,5;29,7;27,8;92;82;90;;;;
2024/05/24;1900 UTC;0;988,3;988,3;987,9;20,6;29,9;30;31,4;29,8;30,1;28;100;83;100;;;;
2024/05/24;2000 UTC;0;988,9;988,9;988,3;38,9;29;29,1;30,2;29;30,3;29;100;100;100;;;;
2024/05/24;2100 UTC;0;989,5;989,5;988,9;10,1;27,7;;29;27,7;;;;;;;;;
2024/05/24;2200 UTC;0;990,5;990,5;989,5;;27,2;;27,9;27,2;;;;;;;;;
2024/05/24;2300 UTC;0;990,9;990,9;990,5;;27;;27,2;26,9;;;;;;;;;
2024/05/25;0000 UTC;0;990,9;991,1;990,9;;26,6;;27,2;26,6;;;;;;;;;
2024/05/25;0100 UTC;0;990,9;991,1;990,8;;26,3;;26,6;26,1;;;;;;;;;
2024/05/25;0200 UTC;0;991,1;991,1;990,9;;25,5;;26,4;25,5;;;;;;;;;
2024/05/25;0300 UTC;0;990,8;991,1;990,8;;24,9;;25,5;24,9;;;;;;;;;
2024/05/25;0400 UTC;0;990,4;990,9;990,4;13,7;24,1;;24,9;24;;;;;;;;;
2024/05/25;0500 UTC;0;989,9;990,4;989,9;1,4;24,5;;24,5;24,1;;;;;;;;;
2024/05/25;0600 UTC;0;989,7;989,9;989,7;;24,6;;24,7;24,4;;;;;;;;;
2024/05/25;0700 UTC;0;990,1;990,1;989,6;;24,3;;24,6;24,2;;;;;;;;;
2024/05/25;0800 UTC;0;990,3;990,3;990,1;;24,4;;24,5;24,3;;;;;;;;;
2024/05/25;0900 UTC;0;990,7;990,7;990,3;;24,8;;24,8;24,4;;;;;;;;;
2024/05/25;1000 UTC;0;991,2;991,2;990,7;;25,9;;26;24,8;;;;;;;;;
2024/05/25;1100 UTC;0;991,7;991,7;991,2;;27,8;;28;25,9;;;;;;;;;
2024/05/25;1200 UTC;0;992;992,1;991,7;20,1;30;;30;27,8;;;;;;;;;
2024/05/25;1300 UTC;0;991,6;992;991,6;54,9;30,1;;30,2;28,5;;;;;;;;;
2024/05/25;1400 UTC;0;991;991,7;991;7,4;30,5;30,5;30,7;28,7;;;;;100;;;;
2024/05/25;1500 UTC;0;990,3;991;990,3;63,5;31,7;31,7;32,3;30,5;32,3;30,7;100;100;100;;;;
2024/05/25;1600 UTC;0;989,3;990,3;989,3;164,2;32,2;32,2;32,4;30,5;32,4;30,6;100;96;100;;;;
2024/05/25;1700 UTC;0;988,6;989,3;988,6;57,3;31,9;31,9;32,7;30,8;32,5;30,8;100;96;100;;;;
2024/05/25;1800 UTC;0;988,3;988,6;988,3;71;32,2;31,5;32,7;31,4;32,3;29,8;100;85;96;;;;
2024/05/25;1900 UTC;0;988,6;988,6;988,3;36,7;30,6;30,6;32,4;30,6;32;30,6;100;93;100;;;;
2024/05/25;2000 UTC;0;989;989;988,6;12,3;29,3;;30,6;29,2;;;;;;;;;
2024/05/25;2100 UTC;0;989,4;989,4;989;12,2;28,3;;29,4;28,3;;;;;;;;;
2024/05/25;2200 UTC;0;989,7;989,7;989,3;;27,3;;28,4;27,3;;;;;;;;;
2024/05/25;2300 UTC;0;990,3;990,3;989,7;;26,2;;27,3;26,2;;;;;;;;;
2024/05/26;0000 UTC;0;990,8;990,8;990,2;;26,1;;26,2;25,9;;;;;;;;;
2024/05/26;0100 UTC;0;991,6;991,6;990,8;;25,6;;26,2;25,6;;;;;;;;;
2024/05/26;0200 UTC;0;991,6;991,7;991,6;;25,6;;25,6;25,4;;;;;;;;;
2024/05/26;0300 UTC;0;991,3;991,7;991,3;;25,6;;25,8;25,6;;;;;;;;;
2024/05/26;0400 UTC;0;990,6;991,3;990,6;;25,3;;25,7;25,3;;;;;;;;;
2024/05/26;0500 UTC;0;990,5;990,7;990,4;;25,1;;25,4;25;;;;;;;;;
2024/05/26;0600 UTC;0;990;990,5;990;;25,3;;25,4;25,1;;;;;;;;;
2024/05/26;0700 UTC;0;989,9;990;989,8;;25,4;;25,4;25,3;;;;;;;;;
2024/05/26;0800 UTC;0;990,4;990,5;989,9;;24,9;;25,5;24,8;;;;;;;;;
2024/05/26;0900 UTC;0;991,3;991,3;990,4;;25,3;;25,3;24,9;;;;;;;;;
2024/05/26;1000 UTC;0;992,3;992,3;991,3;;25,8;;25,8;25,3;;;;;;;;;
2024/05/26;1100 UTC;0;993,5;993,5;992,3;;26,3;;26,3;25,8;;;;;;;;;
2024/05/26;1200 UTC;0;994,2;994,2;993,6;;26,7;;26,8;26,3;;;;;;;;;
2024/05/26;1300 UTC;0;994,1;994,2;994,1;;27,5;;27,7;26,7;;;;;;;;;
2024/05/26;1400 UTC;0;993,8;994,2;993,7;;26,9;;28,6;26,1;;;;;;;;;
2024/05/26;1500 UTC;0;993;993,8;993;16;28,3;;29;26,8;;;;;;;;;
2024/05/26;1600 UTC;0;992,3;993;992,3;37,7;29;;29,1;27,8;;;;;;;;;
2024/05/26;1700 UTC;0;991,5;992,3;991,5;41,5;29,1;29,1;29,8;28,7;29,8;28,3;100;97;100;;;;
2024/05/26;1800 UTC;0;990,8;991,5;990,8;48,1;29,3;29,3;29,7;29,1;29,7;29,1;100;99;100;;;;
2024/05/26;1900 UTC;0;990,4;990,8;990,4;44,7;29,2;29,2;29,4;28,9;29,4;28,7;100;97;100;;;;
2024/05/26;2000 UTC;0;990,4;990,4;990,2;24,4;28,1;28,2;29,3;28,1;29,3;28,2;100;99;100;;;;
2024/05/26;2100 UTC;0;990,6;990,6;990,4;3,6;25,4;;28,1;25,4;;;;;;;;;
2024/05/26;2200 UTC;0;991,1;991,1;990,6;;24,2;;25,4;24,2;;;;;;;;;
2024/05/26;2300 UTC;0;991,5;991,5;991,1;;23,2;;24,4;23,2;;;;;;;;;
2024/05/27;0000 UTC;0;992;992;991,5;13,1;22,6;;23,2;22,6;;;;;;;;;
2024/05/27;0100 UTC;0;992,3;992,3;992;38,3;22;;22,6;22;;;;;;;;;
2024/05/27;0200 UTC;0;992,4;992,4;992,2;618,5;22,1;;22,6;22;;;;;;;;;
2024/05/27;0300 UTC;0;992,1;992,4;992,1;1679,5;21,4;;22,1;21,4;;;;;;;;;
2024/05/27;0400 UTC;0;991,7;992,1;991,7;1641,6;20,9;;21,4;20,9;;;;;;;;;
2024/05/27;0500 UTC;0;991,6;991,8;991,6;;20,8;;21,1;20,8;;;;;;;;;
2024/05/27;0600 UTC;0;991,3;991,6;991,3;;20,7;;20,9;20,6;;;;;;;;;
2024/05/27;0700 UTC;0;991,3;991,3;991,1;;20,6;;20,8;20,5;;;;;;;;;
2024/05/27;0800 UTC;0;991,3;991,3;991,2;;20,4;;20,7;20,4;;;;;;;;;
2024/05/27;0900 UTC;0;991,7;991,7;991,3;;20,6;;20,6;20,3;;;;;;;;;
2024/05/27;1000 UTC;0;992,3;992,3;991,7;;24,6;;24,6;20,6;;;;;;;;;
2024/05/27;1100 UTC;0;992,7;992,7;992,3;;27,4;;27,4;24,6;;;;;;;;;
2024/05/27;1200 UTC;0;993,1;993,1;992,7;473,7;26,9;;28,5;26,8;;;;;;;;;
2024/05/27;1300 UTC;0;993;993,2;993;195,5;28,1;;29,4;26,8;;;;;;;;;
2024/05/27;1400 UTC;0;992,4;993;992,4;;30,4;30,4;30,8;28,1;;;;;100;;;;
2024/05/27;1500 UTC;0;991,6;992,4;991,6;18,4;31;26,9;31,1;28,8;31;26,9;100;79;79;;;;
2024/05/27;1600 UTC;0;990,7;991,6;990,7;33,7;31,7;27,4;31,7;30,2;27,8;25,2;83;70;78;;;;
2024/05/27;1700 UTC;0;989,9;990,8;989,9;2,6;31,9;23;32,1;31,3;26,5;22,8;78;59;59;;;;
2024/05/27;1800 UTC;0;989,7;989,9;989,7;2,8;32,2;23,3;32,4;31,7;23,5;22,2;61;56;60;;;;
2024/05/27;1900 UTC;0;990;990;989,7;2,1;31,3;21,5;32,2;31,3;23,4;21,5;61;55;56;;;;
2024/05/27;2000 UTC;0;990,3;990,3;989,9;15,5;29,2;24,1;31,4;29,2;24,3;21,1;74;55;74;;;;
2024/05/27;2100 UTC;0;991;991;990,3;17,6;26,4;26,4;29,2;26,4;27;24,3;100;74;100;;;;
2024/05/27;2200 UTC;0;991,7;991,7;991;;24,7;;26,4;24,7;;;;;;;;;
2024/05/27;2300 UTC;0;992,1;992,2;991,7;143,8;23,4;;24,8;23;;;;;;;;;
2024/05/28;0000 UTC;0;992,4;992,4;992,1;1386,6;22;;23,4;22;;;;;;;;;
2024/05/28;0100 UTC;0;992,2;992,4;992,2;2683;22,5;;22,5;21,7;;;;;;;;;
2024/05/28;0200 UTC;0;992,2;992,3;992,2;1833,6;21,2;;22,5;21,2;;;;;;;;;
2024/05/28;0300 UTC;0;992,1;992,5;992,1;1912;21,1;;21,4;20,8;;;;;;;;;
2024/05/28;0400 UTC;0;991,8;992,1;991,8;1395,6;20,8;;21,2;20,8;;;;;;;;;
2024/05/28;0500 UTC;0;991,3;991,8;991,3;838,5;20,6;;20,9;20,6;;;;;;;;;
2024/05/28;0600 UTC;0;991,2;991,3;991,1;658,3;20,4;;20,7;20,4;;;;;;;;;
2024/05/28;0700 UTC;0;991,7;991,7;991,2;155,6;21,2;;21,2;20,4;;;;;;;;;
2024/05/28;0800 UTC;0;991,8;991,8;991,7;;21,7;;22,4;21,2;;;;;;;;;
2024/05/28;0900 UTC;0;992,2;992,2;991,8;;21,8;;21,8;21,3;;;;;;;;;
2024/05/28;1000 UTC;0;992,8;992,8;992,2;;24,1;;24,1;21,7;;;;;;;;;
2024/05/28;1100 UTC;0;993,1;993,1;992,8;273,3;26,6;;26,6;24,1;;;;;;;;;
2024/05/28;1200 UTC;0;993,5;993,6;993,1;2,8;28;;28,5;26,6;;;;;;;;;
2024/05/28;1300 UTC;0;993,4;993,6;993,4;9,9;29;;29;27,4;;;;;;;;;
2024/05/28;1400 UTC;0;992,7;993,4;992,7;19,3;30,6;30,6;31,1;28,6;31,1;28,6;100;97;100;;;;
2024/05/28;1500 UTC;0;991,9;992,7;991,9;5,6;30,8;30,6;31,6;29,8;31,4;29,8;100;95;99;;;;
2024/05/28;1600 UTC;0;991;991,9;991;2,8;31,9;29,5;32,2;30,6;31;29;98;85;87;;;;
2024/05/28;1700 UTC;0;990,3;991;990,3;3,1;32,6;29,6;32,8;30,4;31,2;28,6;99;81;84;;;;
2024/05/28;1800 UTC;0;989,9;990,3;989,9;3,1;32,3;29,5;32,9;31,4;30,5;28,8;94;82;85;;;;
2024/05/28;1900 UTC;0;990,2;990,2;989,9;23,5;30,5;30,6;32,6;30,5;30,9;29,1;100;84;100;;;;
2024/05/28;2000 UTC;0;990,3;990,3;990,1;35,6;29,6;;30,6;29,5;;;;;;;;;
2024/05/28;2100 UTC;0;990,7;990,7;990,3;8,2;28,4;;29,6;28,4;;;;;;;;;
2024/05/28;2200 UTC;0;991,1;991,1;990,7;;27,8;;28,4;27,7;;;;;;;;;
2024/05/28;2300 UTC;0;991,8;991,8;991,1;129,7;27,6;;27,8;27,4;;;;;;;;;
2024/05/29;0000 UTC;0;992,8;992,8;991,8;1482,7;25,9;;27,6;25,9;;;;;;;;;
2024/05/29;0100 UTC;0;992,9;993,1;992,8;1811,9;25,5;;25,9;25,5;;;;;;;;;
2024/05/29;0200 UTC;0;992,9;993;992,8;917,9;25,5;;25,6;25,4;;;;;;;;;
2024/05/29;0300 UTC;0;992,7;992,9;992,7;1697,7;25,2;;25,5;25,2;;;;;;;;;
2024/05/29;0400 UTC;0;992,2;992,7;992,2;2260,8;25;;25,3;25;;;;;;;;;
2024/05/29;0500 UTC;0;991,9;992,2;991,9;1897,8;24,7;;25;24,6;;;;;;;;;
2024/05/29;0600 UTC;0;991,5;991,9;991,5;242,1;24,5;;24,7;24,5;;;;;;;;;
2024/05/29;0700 UTC;0;991,8;991,8;991,5;87,7;24,7;;24,7;24,5;;;;;;;;;
2024/05/29;0800 UTC;0;992,2;992,2;991,8;603,5;24,7;;24,7;24,6;;;;;;;;;
2024/05/29;0900 UTC;0;992,8;992,8;992,2;2063,9;24,6;;24,7;24,6;;;;;;;;;
2024/05/29;1000 UTC;0;993,2;993,2;992,7;2459,2;25,4;;25,4;24,6;;;;;;;;;
2024/05/29;1100 UTC;0;993,9;993,9;993,2;17,2;26,9;;26,9;25,4;;;;;;;;;
2024/05/29;1200 UTC;0;994,1;994,2;993,9;2,2;28,9;;28,9;26,9;;;;;;;;;
2024/05/29;1300 UTC;0;994,1;994,2;994;17;29,1;29,1;30;28,1;;;;;100;;;;
2024/05/29;1400 UTC;0;993,7;994,1;993,7;43,2;30,9;31;30,9;28,8;31;28,9;100;100;100;;;;
2024/05/29;1500 UTC;0;992,8;993,7;992,8;4,7;31,3;30,6;31,6;29,6;31,3;29,6;100;92;96;;;;
2024/05/29;1600 UTC;0;992,1;992,8;992,1;3;31;30,8;32;30,2;31,3;29,8;100;91;99;;;;
2024/05/29;1700 UTC;0;991,3;992,1;991,3;4,1;30,9;29,7;32,1;30,5;31,3;29,5;100;89;93;;;;
2024/05/29;1800 UTC;0;991;991,3;991;23,9;30,9;30,3;31,8;30,6;31,1;29,4;99;90;96;;;;
2024/05/29;1900 UTC;0;990,8;991;990,8;47,2;30,4;30,3;31;30,2;30,6;29,7;100;94;100;;;;
2024/05/29;2000 UTC;0;991,1;991,2;990,8;21;27,5;;30,4;27,5;;;;;;;;;
2024/05/29;2100 UTC;0;991,2;991,3;991;;25,9;;27,5;25,9;;;;;;;;;
2024/05/29;2200 UTC;0;991,8;991,8;991,2;;25,2;;25,9;25,2;;;;;;;;;
2024/05/29;2300 UTC;0;992,4;992,4;991,8;;25,2;;25,3;25,1;;;;;;;;;
2024/05/30;0000 UTC;0;993;993;992,4;;25,1;;25,2;25,1;;;;;;;;;
2024/05/30;0100 UTC;0;993,3;993,3;993;2,3;24,5;;25,1;24,5;;;;;;;;;
2024/05/30;0200 UTC;0;993,2;993,3;993,1;;24,2;;24,5;24,2;;;;;;;;;
2024/05/30;0300 UTC;0;992,8;993,2;992,8;24,2;24,4;;24,4;24,1;;;;;;;;;
2024/05/30;0400 UTC;,2;992,4;992,8;992,4;151,2;24,4;;24,6;24,3;;;;;;;;;
2024/05/30;0500 UTC;0;992,1;992,4;992,1;869,6;24,5;;24,6;24,3;;;;;;;;;
2024/05/30;0600 UTC;0;991,7;992,1;991,6;69,6;24,3;;24,5;24,3;;;;;;;;;
2024/05/30;0700 UTC;0;991,6;991,7;991,5;940,9;24,2;;24,5;24,2;;;;;;;;;
2024/05/30;0800 UTC;0;992,1;992,2;991,6;281,8;24,2;;24,4;24,2;;;;;;;;;
2024/05/30;0900 UTC;0;992,3;992,3;992,1;156,2;24,3;;24,3;24,2;;;;;;;;;
2024/05/30;1000 UTC;0;993,1;993,1;992,3;;25,1;;25,2;24,3;;;;;;;;;
2024/05/30;1100 UTC;0;993,7;993,8;993,1;357;25,5;;25,9;25,1;;;;;;;;;
2024/05/30;1200 UTC;0;993,7;993,9;993,7;2512,3;27;;27,3;25,4;;;;;;;;;
2024/05/30;1300 UTC;0;993,6;993,8;993,6;3662,9;28,1;;28,8;27;;;;;;;;;
2024/05/30;1400 UTC;,2;993,1;993,6;993,1;202,6;28,2;;29,1;28,1;;;;;;;;;
2024/05/30;1500 UTC;0;992;993,1;992;;30,2;;30,3;28,2;;;;;;;;;
2024/05/30;1600 UTC;4,2;991,6;992,1;991,6;294,7;25;;30,2;24,9;;;;;;;;;
2024/05/30;1700 UTC;2,6;991;991,6;990,7;;26,5;;27,1;25;;;;;;;;;
2024/05/30;1800 UTC;13;990,8;991;990,6;;24,6;;26,4;24,6;;;;;;;;;
2024/05/30;1900 UTC;,6;991,5;991,6;990,5;;24,9;;25;24,6;;;;;;;;;
2024/05/30;2000 UTC;,2;991,9;991,9;991,3;240;24,4;;24,9;24,4;;;;;;;;;
2024/05/30;2100 UTC;0;992;992;991,7;3237,2;24;;24,4;24;;;;;;;;;
2024/05/30;2200 UTC;0;992,2;992,2;992;5510,2;24,1;;24,2;24;;;;;;;;;
2024/05/30;2300 UTC;0;992,5;992,5;992,2;3053,3;24,1;;24,2;24;;;;;;;;;
2024/05/31;0000 UTC;0;993;993;992,5;2469,3;23,8;;24,1;23,7;;;;;;;;;
2024/05/31;0100 UTC;0;993,5;993,5;993;1834,3;23,9;;24;23,8;;;;;;;;;
2024/05/31;0200 UTC;0;993,5;993,6;993,5;999,6;24,1;;24,1;23,8;;;;;;;;;
2024/05/31;0300 UTC;0;993,2;993,6;993,2;;23,9;;24,1;23,9;;;;;;;;;
2024/05/31;0400 UTC;0;992,5;993,2;992,5;;23,6;;23,9;23,6;;;;;;;;;
2024/05/31;0500 UTC;0;992,1;992,5;992,1;;23,9;;23,9;23,6;;;;;;;;;
2024/05/31;0600 UTC;0;991,7;992,1;991,7;;24;;24,1;23,9;;;;;;;;;
2024/05/31;0700 UTC;0;991,8;991,8;991,6;;23,9;;24;23,8;;;;;;;;;
2024/05/31;0800 UTC;0;992,4;992,4;991,8;;24;;24,2;23,9;;;;;;;;;
2024/05/31;0900 UTC;0;992,7;992,7;992,4;;24,1;;24,1;23,9;;;;;;;;;
2024/05/31;1000 UTC;0;993,3;993,3;992,7;416,5;25,1;;25,1;24,1;;;;;;;;;
2024/05/31;1100 UTC;0;994,1;994,1;993,3;5174,7;25,5;;25,8;25,1;;;;;;;;;
2024/05/31;1200 UTC;0;994,4;994,4;994,1;4620,9;26,4;;26,7;25,5;;;;;;;;;
2024/05/31;1300 UTC;0;994,2;994,5;994,1;5910;27,6;;28,2;26,4;;;;;;;;;
2024/05/31;1400 UTC;0;993,5;994,2;993,5;3724,1;29;;29,3;27,6;;;;;;;;;
2024/05/31;1500 UTC;0;992,7;993,5;992,7;;29,9;29;30,2;28,8;;;;;95;;;;
2024/05/31;1600 UTC;,2;991,6;992,7;991,6;2,3;30,7;30,7;31,3;29,5;;;100;95;100;;;;
2024/05/31;1700 UTC;0;990,8;991,6;990,8;21,7;29,1;;31,2;29,1;31,2;28,6;100;93;;;;;
2024/05/31;1800 UTC;0;990,5;990,8;990,5;40,3;29,9;29,9;31,6;29,1;31,6;29,9;100;100;100;;;;
2024/05/31;1900 UTC;0;990,5;990,5;990,5;47,2;30,2;30,2;30,7;29,9;30,7;29,6;100;96;100;;;;
2024/05/31;2000 UTC;0;990,9;990,9;990,5;29,4;28,8;;30,2;28,8;;;;;;;;;
2024/05/31;2100 UTC;0;991,1;991,1;990,8;6,3;27,4;;28,8;27,3;;;;;;;;;
2024/05/31;2200 UTC;0;991,8;991,8;991,1;;26,6;;27,4;26,6;;;;;;;;;
2024/05/31;2300 UTC;0;992,3;992,3;991,8;;26,3;;26,7;26,3;;;;;;;;;
2024/06/01;0000 UTC;0;992,8;992,9;992,3;;25,7;;26,3;25,7;;;;;;;;;
2024/06/01;0100 UTC;0;993;993,1;992,8;;25,6;;25,8;25,5;;;;;;;;;
2024/06/01;0200 UTC;0;993,1;993,2;993;;25,3;;25,7;25,3;;;;;;;;;
2024/06/01;0300 UTC;0;993,2;993,2;993,1;;25;;25,3;25;;;;;;;;;
2024/06/01;0400 UTC;0;993;993,2;993;;25;;25,1;24,9;;;;;;;;;
2024/06/01;0500 UTC;0;992,3;992,9;992,3;;24,9;;25,1;24,9;;;;;;;;;
2024/06/01;0600 UTC;0;992;992,3;991,9;;25;;25,1;24,8;;;;;;;;;
2024/06/01;0700 UTC;0;992,1;992,1;991,9;;24,6;;25;24,6;;;;;;;;;
2024/06/01;0800 UTC;0;992,9;992,9;992,1;;24,8;;24,9;24,6;;;;;;;;;
2024/06/01;0900 UTC;0;992,9;993,1;992,9;;24,1;;24,8;24,1;;;;;;;;;
2024/06/01;1000 UTC;0;993,7;993,7;992,9;;25,4;;25,4;24;;;;;;;;;
2024/06/01;1100 UTC;0;994,5;994,5;993,7;;26;;26,8;25,1;;;;;;;;;
2024/06/01;1200 UTC;0;994,8;994,8;994,5;;26,6;;26,7;26;;;;;;;;;
2024/06/01;1300 UTC;0;994,7;994,9;994,7;5;27,7;;27,7;26,6;;;;;;;;;
2024/06/01;1400 UTC;0;993,8;994,7;993,8;28,7;28,8;;29,2;27,7;;;;;;;;;
2024/06/01;1500 UTC;0;992,7;993,8;992,7;42,3;30,4;30;30,7;28,7;30,7;28,8;100;96;98;;;;
2024/06/01;1600 UTC;0;992,1;992,8;992,1;23,4;30,5;30,2;31,1;29,5;30,9;28,6;100;90;98;;;;
2024/06/01;1700 UTC;0;991,1;992,1;991,1;51,1;30,5;30,1;31,1;29,7;30,8;29;100;92;98;;;;
2024/06/01;1800 UTC;0;990,7;991,1;990,7;45;30,2;29,1;31;29,7;30,5;28,3;100;86;94;;;;
2024/06/01;1900 UTC;0;991;991;990,7;39;30,2;28,4;30,8;29,9;30;28,3;97;88;90;;;;
2024/06/01;2000 UTC;0;991,4;991,4;991;28,4;28,9;28,9;30,2;28,8;29,7;28;100;89;100;;;;
2024/06/01;2100 UTC;0;991,8;991,8;991,4;6,2;26,7;;28,9;26,7;;;;;;;;;
2024/06/01;2200 UTC;0;992,4;992,4;991,8;;25,3;;26,7;25,3;;;;;;;;;
2024/06/01;2300 UTC;0;992,8;992,8;992,4;;24,8;;25,4;24,7;;;;;;;;;
2024/06/02;0000 UTC;0;993,3;993,3;992,8;;25;;25,2;24,8;;;;;;;;;
2024/06/02;0100 UTC;0;993,5;993,5;993,3;;25,4;;25,5;24,9;;;;;;;;;
2024/06/02;0200 UTC;0;993,8;993,8;993,5;;24,7;;25,4;24,7;;;;;;;;;
2024/06/02;0300 UTC;0;993,3;993,8;993,3;143,8;24,9;;24,9;24,7;;;;;;;;;
2024/06/02;0400 UTC;3,8;992,7;993,3;992,7;2205,7;24,5;;25;24,5;;;;;;;;;
2024/06/02;0500 UTC;0;992;992,7;992;1803,9;24,5;;24,5;24,3;;;;;;;;;
2024/06/02;0600 UTC;0;991,6;992;991,6;;24,1;;24,5;24,1;;;;;;;;;
2024/06/02;0700 UTC;0;991,9;991,9;991,6;;24;;24,1;23,9;;;;;;;;;
2024/06/02;0800 UTC;0;992,4;992,4;991,9;;24,1;;24,1;24;;;;;;;;;
2024/06/02;0900 UTC;0;992,9;992,9;992,4;;24,4;;24,4;24;;;;;;;;;
2024/06/02;1000 UTC;0;993,5;993,5;992,9;;25,2;;25,3;24,3;;;;;;;;;
2024/06/02;1100 UTC;0;993,8;993,8;993,5;3645,3;27,2;;27,2;25,2;;;;;;;;;
2024/06/02;1200 UTC;0;993,8;993,9;993,7;4889,9;28,4;;28,5;26,8;;;;;;;;;
2024/06/02;1300 UTC;0;993,7;993,9;993,7;4026;29;;29,5;27,9;;;;;;;;;
2024/06/02;1400 UTC;0;993,1;993,8;993,1;717,1;30,3;;30,4;28,7;;;;;;;;;
2024/06/02;1500 UTC;0;992,4;993,2;992,4;;29,6;;30,6;29,1;;;;;;;;;
2024/06/02;1600 UTC;0;991,4;992,4;991,4;;30;;31,1;29,6;31,1;29,2;100;97;;;;;
2024/06/02;1700 UTC;0;990,8;991,5;990,8;17,2;30,7;30,7;31,4;29,7;31,4;29,7;100;92;100;;;;
2024/06/02;1800 UTC;0;990,5;990,8;990,5;43,8;30,6;30,6;31,4;29,8;31,4;29,8;100;100;100;;;;
2024/06/02;1900 UTC;0;990,6;990,6;990,5;42,3;30,2;30,2;30,6;29,8;30,6;29,6;100;94;100;;;;
2024/06/02;2000 UTC;0;991,2;991,2;990,6;25,2;28;;30,2;28;;;;;;;;;
2024/06/02;2100 UTC;0;991,9;991,9;991,2;;26,5;;28;26,4;;;;;;;;;
2024/06/02;2200 UTC;0;992,2;992,2;991,9;;25,4;;26,5;25,4;;;;;;;;;
2024/06/02;2300 UTC;0;992,8;992,8;992,2;;24,6;;25,4;24,6;;;;;;;;;
2024/06/03;0000 UTC;0;993,3;993,3;992,8;;24,8;;24,9;24,4;;;;;;;;;
2024/06/03;0100 UTC;0;993,3;993,4;993,3;;24,6;;24,8;24,6;;;;;;;;;
2024/06/03;0200 UTC;0;993,5;993,5;993,3;;24,5;;24,6;24,3;;;;;;;;;
2024/06/03;0300 UTC;0;993,1;993,5;993,1;;24,3;;24,6;24,3;;;;;;;;;
2024/06/03;0400 UTC;0;992,7;993,1;992,7;;24,2;;24,3;24;;;;;;;;;
2024/06/03;0500 UTC;0;992,6;992,7;992,5;;24,2;;24,3;24,2;;;;;;;;;
2024/06/03;0600 UTC;0;992,4;992,6;992,3;;23,6;;24,2;23,6;;;;;;;;;
2024/06/03;0700 UTC;0;992,9;992,9;992,4;;23,2;;23,6;23,2;;;;;;;;;
2024/06/03;0800 UTC;0;993,1;993,1;992,8;;22,9;;23,2;22,8;;;;;;;;;
2024/06/03;0900 UTC;0;993,5;993,5;993,1;;22,8;;23;22,7;;;;;;;;;
2024/06/03;1000 UTC;0;994,3;994,3;993,5;;25,3;;25,3;22,7;;;;;;;;;
2024/06/03;1100 UTC;0;994,8;994,8;994,3;;27,1;;27,1;25,2;;;;;;;;;
2024/06/03;1200 UTC;0;994,9;995;994,8;;27,5;;28,2;27,1;;;;;;;;;
2024/06/03;1300 UTC;0;994,6;995;994,6;9,7;28,7;;28,9;27,5;;;;;;;;;
2024/06/03;1400 UTC;0;993,9;994,6;993,9;22,8;29,6;;29,6;28,4;;;;;;;;;
2024/06/03;1500 UTC;0;993,2;993,9;993,2;23;31,2;31,1;31,2;29,6;31,1;29,4;100;97;100;;;;
2024/06/03;1600 UTC;0;992,2;993,3;992,2;3,7;30,7;30,4;31,6;30,1;31,4;29;100;88;98;;;;
2024/06/03;1700 UTC;0;991,5;992,2;991,5;2,9;30,4;29;32;30,4;30,4;27,9;98;80;92;;;;
2024/06/03;1800 UTC;0;991;991,5;991;2,2;31,1;28,4;32;30,4;29,7;26,7;95;75;86;;;;
2024/06/03;1900 UTC;0;990,9;991;990,8;2,6;31,2;26,1;31,6;31;28,6;26,1;86;74;75;;;;
2024/06/03;2000 UTC;0;991,3;991,3;990,9;19,2;29;29;31,2;29;29,3;26,6;100;75;100;;;;
2024/06/03;2100 UTC;0;991,5;991,5;991,3;15,8;26,8;;29;26,8;;;;;;;;;
2024/06/03;2200 UTC;0;991,8;991,8;991,5;;25,8;;26,8;25,8;;;;;;;;;
2024/06/03;2300 UTC;0;992,4;992,4;991,8;;26,1;;26,2;25,8;;;;;;;;;
2024/06/04;0000 UTC;0;992,9;992,9;992,4;;26,7;;27,3;26;;;;;;;;;
2024/06/04;0100 UTC;0;993,3;993,4;992,9;;25,6;;26,7;25,6;;;;;;;;;
2024/06/04;0200 UTC;0;993,3;993,4;993,2;;24,7;;25,7;24,7;;;;;;;;;
2024/06/04;0300 UTC;0;993;993,4;993;;24,4;;24,7;24,4;;;;;;;;;
2024/06/04;0400 UTC;0;992,6;993;992,6;;24,4;;24,5;24,3;;;;;;;;;
2024/06/04;0500 UTC;0;992;992,6;992;;24,2;;24,6;24,2;;;;;;;;;
2024/06/04;0600 UTC;0;991,7;992;991,6;;24;;24,2;24;;;;;;;;;
2024/06/04;0700 UTC;0;991,6;991,7;991,6;;24,1;;24,2;24;;;;;;;;;
2024/06/04;0800 UTC;0;991,8;991,8;991,6;;23,5;;24,1;23,5;;;;;;;;;
2024/06/04;0900 UTC;0;992,3;992,3;991,8;;23,5;;23,7;23,5;;;;;;;;;
2024/06/04;1000 UTC;0;992,8;992,8;992,3;;25,7;;26,3;23,5;;;;;;;;;
2024/06/04;1100 UTC;0;993,3;993,3;992,8;2,9;27,4;;27,6;25,7;;;;;;;;;
2024/06/04;1200 UTC;0;993,4;993,5;993,3;23;28,8;;29,1;27,1;;;;;;;;;
2024/06/04;1300 UTC;0;993;993,4;993;45,7;28,9;;29,5;28,1;;;;;;;;;
2024/06/04;1400 UTC;0;992,3;993,1;992,3;33,8;29,3;;30,2;28;;;;;;;;;
2024/06/04;1500 UTC;0;991,4;992,3;991,4;24,1;28,9;;30,3;28,6;;;;;;;;;
2024/06/04;1600 UTC;0;990,4;991,4;990,4;50,6;29,4;29,4;30,4;28,9;30,4;28,7;100;95;100;;;;
2024/06/04;1700 UTC;0;989,8;990,4;989,8;48,1;29,6;;30,5;28,5;;;;;;;;;
2024/06/04;1800 UTC;0;989,5;989,8;989,5;27,6;29,5;;30,3;27,6;;;;;;;;;
2024/06/04;1900 UTC;0;989,4;989,5;989,3;15,4;29,8;29,8;30,1;29,2;;;;;100;;;;
2024/06/04;2000 UTC;0;989,7;989,7;989,4;30,8;29;;30,1;29;;;100;95;;;;;
2024/06/04;2100 UTC;0;990,3;990,3;989,7;8,2;27,2;;28,9;27,2;;;;;;;;;
2024/06/04;2200 UTC;0;991,2;991,2;990,3;;27,3;;27,7;27,1;;;;;;;;;
2024/06/04;2300 UTC;0;992,5;992,5;991,2;;26,5;;27,3;26,5;;;;;;;;;
2024/06/05;0000 UTC;0;993,3;993,3;992,5;10,4;24,4;;26,5;24,4;;;;;;;;;
2024/06/05;0100 UTC;0;993,5;993,5;993,3;69,8;24,3;;24,4;24,1;;;;;;;;;
2024/06/05;0200 UTC;0;993,5;993,5;993,5;;24,4;;24,5;24,3;;;;;;;;;
2024/06/05;0300 UTC;0;993,5;993,5;993,3;;24,5;;24,6;24,4;;;;;;;;;
2024/06/05;0400 UTC;0;992,9;993,5;992,9;;24,3;;24,6;24,3;;;;;;;;;
2024/06/05;0500 UTC;0;992,2;992,9;992,1;;24,3;;24,4;24,3;;;;;;;;;
2024/06/05;0600 UTC;0;991,9;992,2;991,9;;23,9;;24,4;23,8;;;;;;;;;
2024/06/05;0700 UTC;,2;991,9;992;991,8;;23,9;;24,1;23,9;;;;;;;;;
2024/06/05;0800 UTC;0;992,2;992,2;991,9;;24;;24;23,8;;;;;;;;;
2024/06/05;0900 UTC;0;992,5;992,5;992,2;;24,1;;24,1;23,8;;;;;;;;;
2024/06/05;1000 UTC;0;992,9;992,9;992,5;;25,3;;25,3;24;;;;;;;;;
2024/06/05;1100 UTC;0;993,6;993,6;992,9;;26,1;;26,4;25,2;;;;;;;;;
2024/06/05;1200 UTC;0;993,6;993,7;993,5;9,1;27,3;;28;26,1;;;;;;;;;
2024/06/05;1300 UTC;,2;993,1;993,6;993,1;26,7;27,2;;28,3;26,9;;;;;;;;;
2024/06/05;1400 UTC;0;992,4;993,1;992,4;35,2;29,2;;29,2;27,2;;;;;;;;;
2024/06/05;1500 UTC;0;991,4;992,4;991,4;45,9;30,2;;30,2;28,5;;;;;;;;;
2024/06/05;1600 UTC;0;990,6;991,4;990,6;52,6;29,1;;30,4;29,1;;;;;;;;;
2024/06/05;1700 UTC;0;989,7;990,6;989,7;29,7;30,9;30,9;31,1;28,9;31,1;29,8;100;98;100;;;;
2024/06/05;1800 UTC;0;989;989,7;988,9;3,3;30,6;30,6;31,3;30,1;31,3;30,1;100;100;100;;;;
2024/06/05;1900 UTC;0;988,8;989;988,8;15,7;29;;30,7;27,9;;;;;;;;;
2024/06/05;2000 UTC;0;989,3;989,3;988,8;21,7;29,7;29,7;29,9;29;29,9;29,4;100;98;100;;;;
2024/06/05;2100 UTC;0;989,8;989,8;989,3;8,7;26,7;;29,7;26,7;;;;;;;;;
2024/06/05;2200 UTC;0;990,4;990,4;989,8;;26,1;;26,7;26;;;;;;;;;
2024/06/05;2300 UTC;0;991,4;991,4;990,4;;25,9;;26,1;25,8;;;;;;;;;
2024/06/06;0000 UTC;0;992,2;992,2;991,4;;25,8;;26;25,8;;;;;;;;;
2024/06/06;0100 UTC;0;992,7;992,7;992,2;;25,2;;25,9;25,2;;;;;;;;;
2024/06/06;0200 UTC;0;992,6;992,7;992,6;;24,8;;25,2;24,8;;;;;;;;;
2024/06/06;0300 UTC;0;992,6;992,7;992,5;;24,9;;25;24,7;;;;;;;;;
2024/06/06;0400 UTC;0;992;992,6;992;;24,9;;25;24,8;;;;;;;;;
2024/06/06;0500 UTC;0;991,4;992;991,4;;24,8;;25;24,8;;;;;;;;;
2024/06/06;0600 UTC;0;991,3;991,4;991,2;;24,5;;24,8;24,5;;;;;;;;;
2024/06/06;0700 UTC;0;991,2;991,3;991,2;;24,4;;24,5;24,3;;;;;;;;;
2024/06/06;0800 UTC;0;991,7;991,7;991,2;;24,4;;24,5;24,4;;;;;;;;;
2024/06/06;0900 UTC;0;992,4;992,4;991,7;;24,6;;24,6;24,4;;;;;;;;;
2024/06/06;1000 UTC;0;993;993;992,4;;25,2;;25,2;24,6;;;;;;;;;
2024/06/06;1100 UTC;0;993,8;993,8;993;;25,9;;25,9;25,2;;;;;;;;;
2024/06/06;1200 UTC;0;994,2;994,2;993,8;9,9;27,7;;27,8;25,9;;;;;;;;;
2024/06/06;1300 UTC;0;993,7;994,2;993,6;34,8;29,5;29,5;29,5;27,4;;;;;100;;;;
2024/06/06;1400 UTC;0;992,8;993,7;992,8;31,7;30,3;30,3;30,6;29,4;30,6;29,3;100;99;100;;;;
2024/06/06;1500 UTC;0;991,9;992,8;991,9;2,8;30,8;27,2;31,4;29,5;30,4;27,2;100;81;81;;;;
2024/06/06;1600 UTC;0;990,8;991,9;990,7;3,2;31,2;25,4;31,6;30,4;27,8;25,4;83;72;72;;;;
2024/06/06;1700 UTC;0;990;990,8;990;3;31,9;25,8;32,1;31,1;26,5;24,7;74;67;70;;;;
2024/06/06;1800 UTC;0;989,7;990;989,7;2,7;31,8;24,1;32,3;31,4;26,4;23,4;72;61;64;;;;
2024/06/06;1900 UTC;0;989,7;989,8;989,6;2,1;31,3;23,2;31,9;31,3;24,8;23,1;67;61;62;;;;
2024/06/06;2000 UTC;0;990,1;990,1;989,7;16,5;30,3;23,8;31,3;30,3;23,9;22,9;68;61;68;;;;
2024/06/06;2100 UTC;0;990,4;990,4;990,1;19,2;26,5;;30,3;26,4;;;;;;;;;
2024/06/06;2200 UTC;0;991;991;990,4;;25,7;;26,4;25,2;;;;;;;;;
2024/06/06;2300 UTC;0;991,7;991,7;991;296,6;25,2;;25,7;25,2;;;;;;;;;
2024/06/07;0000 UTC;0;992,5;992,5;991,7;53,5;25,4;;25,6;25,2;;;;;;;;;
2024/06/07;0100 UTC;0;993,2;993,2;992,5;;25,8;;26;25,4;;;;;;;;;
2024/06/07;0200 UTC;0;993,2;993,4;993,2;;25,1;;25,8;25,1;;;;;;;;;
2024/06/07;0300 UTC;,4;993,3;993,4;993,2;104,2;24,3;;25,3;24,3;;;;;;;;;
2024/06/07;0400 UTC;,8;992,7;993,3;992,6;59,1;24;;24,4;23,9;;;;;;;;;
2024/06/07;0500 UTC;0;992,1;992,7;992,1;;24,1;;24,3;24;;;;;;;;;
2024/06/07;0600 UTC;,4;992,3;992,3;992;3342,3;24;;24,3;24;;;;;;;;;
2024/06/07;0700 UTC;0;992,4;992,5;992,3;3544,1;24;;24,2;24;;;;;;;;;
2024/06/07;0800 UTC;0;992,8;992,8;992,4;3238,7;23,7;;24;23,7;;;;;;;;;
2024/06/07;0900 UTC;,2;993,3;993,3;992,8;3058;23,8;;23,9;23,6;;;;;;;;;
2024/06/07;1000 UTC;0;993,9;993,9;993,3;5100;24,5;;24,5;23,7;;;;;;;;;
2024/06/07;1100 UTC;0;994,5;994,5;993,9;4046,3;25,9;;26,4;24,5;;;;;;;;;
2024/06/07;1200 UTC;0;994,8;994,9;994,4;6045,7;26,8;;26,8;25,7;;;;;;;;;
2024/06/07;1300 UTC;0;994,7;994,8;994,7;3366,1;27,7;;27,8;26,8;;;;;;;;;
2024/06/07;1400 UTC;0;994,2;994,7;994,1;2646;28;;28,1;27,5;;;;;;;;;
2024/06/07;1500 UTC;0;993,6;994,2;993,6;399,2;28,8;;28,9;27,7;;;;;;;;;
2024/06/07;1600 UTC;0;993;993,6;993;;29,6;29,7;30,3;28,7;30,3;28,5;100;97;100;;;;
2024/06/07;1700 UTC;0;992,3;993;992,3;;29,5;29,5;30;29;30;29;100;100;100;;;;
2024/06/07;1800 UTC;0;992,1;992,3;992;11,9;28,4;28,4;29,9;28,4;29,9;28,4;100;100;100;;;;
2024/06/07;1900 UTC;0;992,1;992,1;991,9;25,4;28,4;;29,1;28,4;29,1;27,8;100;96;;;;;
2024/06/07;2000 UTC;0;992,4;992,4;992,1;8,2;27,2;;28,4;27,2;28,3;26,7;100;95;;;;;
2024/06/07;2100 UTC;0;992,7;992,7;992,4;;26,6;;27,3;26,6;;;;;;;;;
2024/06/07;2200 UTC;0;993,1;993,1;992,7;;25,9;;26,6;25,9;;;;;;;;;
2024/06/07;2300 UTC;0;993,7;993,7;993,1;;25,7;;26;25,6;;;;;;;;;
2024/06/08;0000 UTC;0;993,7;993,8;993,7;;25,3;;25,7;25,3;;;;;;;;;
2024/06/08;0100 UTC;0;993,8;993,9;993,6;;24,1;;25,3;24,1;;;;;;;;;
2024/06/08;0200 UTC;0;993,8;993,9;993,7;;23,4;;24,1;23,4;;;;;;;;;
2024/06/08;0300 UTC;0;993,6;993,9;993,6;4,7;23,4;;23,6;23,3;;;;;;;;;
2024/06/08;0400 UTC;0;993,5;993,6;993,4;3,3;23;;23,4;23;;;;;;;;;
2024/06/08;0500 UTC;0;992,9;993,5;992,9;226,7;23;;23,4;23;;;;;;;;;
2024/06/08;0600 UTC;1,8;992,9;993;992,6;1213,8;23,5;;23,5;23;;;;;;;;;
2024/06/08;0700 UTC;,8;992,7;992,9;992,6;3376,3;23,6;;23,7;23,5;;;;;;;;;
2024/06/08;0800 UTC;0;993;993;992,7;2893;23,3;;23,7;23,3;;;;;;;;;
2024/06/08;0900 UTC;0;993,3;993,3;993;2407,9;23,7;;23,7;23;;;;;;;;;
2024/06/08;1000 UTC;0;993,9;993,9;993,3;1655,9;24,8;;24,8;23,7;;;;;;;;;
2024/06/08;1100 UTC;0;994,3;994,3;993,9;3858,4;26,7;;26,7;24,9;;;;;;;;;
2024/06/08;1200 UTC;0;994,5;994,6;994,3;6216,9;27,4;;28,1;26,6;;;;;;;;;
2024/06/08;1300 UTC;,2;994,3;994,6;994,3;2938,2;29,2;;29,3;27,4;;;;;;;;;
2024/06/08;1400 UTC;0;994;994,4;994;2571,8;30,3;30,3;30,3;28,1;;;;;100;;;;
2024/06/08;1500 UTC;0;993,3;994,1;993,3;28,8;30,4;30,4;31,2;29,2;31,1;29,1;100;97;100;;;;
2024/06/08;1600 UTC;0;992,4;993,3;992,4;;32;31;32;30,4;31,4;29,4;100;90;94;;;;
2024/06/08;1700 UTC;0;991,7;992,4;991,7;,7;31,1;28,9;32,3;30,8;30,6;28,7;98;86;88;;;;
2024/06/08;1800 UTC;0;991,3;991,7;991,3;20,8;31,2;29,1;31,7;30,8;30,3;28,3;95;84;88;;;;
2024/06/08;1900 UTC;0;991,2;991,4;991,2;36;30,6;29,6;31,3;30,6;30,9;28,6;100;85;95;;;;
2024/06/08;2000 UTC;0;991,4;991,4;991,2;33,5;29,7;29,4;30,6;29,7;30,4;29;100;91;98;;;;
2024/06/08;2100 UTC;0;991,7;991,8;991,4;12,1;27,5;;29,7;27,5;;;;;;;;;
2024/06/08;2200 UTC;0;992,3;992,3;991,7;;26,8;;27,6;26,5;;;;;;;;;
2024/06/08;2300 UTC;0;993;993;992,2;;26,1;;26,9;26,1;;;;;;;;;
2024/06/09;0000 UTC;0;993,7;993,7;993;;25,6;;26,2;25,6;;;;;;;;;
2024/06/09;0100 UTC;0;993,6;993,7;993,6;;25,3;;25,6;25,2;;;;;;;;;
2024/06/09;0200 UTC;0;993,8;993,9;993,6;;24,9;;25,3;24,8;;;;;;;;;
2024/06/09;0300 UTC;0;993;993,8;993;;25;;25;24,8;;;;;;;;;
2024/06/09;0400 UTC;0;993;993,2;993;;24,8;;25;24,6;;;;;;;;;
2024/06/09;0500 UTC;0;992,5;993;992,5;;23,9;;24,8;23,9;;;;;;;;;
2024/06/09;0600 UTC;0;992,3;992,5;992,1;;24;;24,1;23,8;;;;;;;;;
2024/06/09;0700 UTC;0;991,9;992,3;991,9;;24,2;;24,4;24;;;;;;;;;
2024/06/09;0800 UTC;,2;992;992,1;991,9;672,4;23,9;;24,2;23,9;;;;;;;;;
2024/06/09;0900 UTC;0;992,5;992,5;992;487,2;23,5;;24;23,5;;;;;;;;;
2024/06/09;1000 UTC;0;993;993;992,4;481,6;25,3;;25,4;23,5;;;;;;;;;
2024/06/09;1100 UTC;0;993,6;993,7;993;;26,9;;26,9;25,3;;;;;;;;;
2024/06/09;1200 UTC;0;993,6;993,8;993,5;3,2;27,3;;27,7;26,5;;;;;;;;;
2024/06/09;1300 UTC;0;993,3;993,6;993,2;15,3;28,1;;28,4;27;;;;;;;;;
2024/06/09;1400 UTC;0;992,9;993,3;992,9;24,2;29,1;;29,2;27,6;;;;;;;;;
2024/06/09;1500 UTC;0;992,5;992,9;992,5;35;29,3;29,3;30,1;28,3;;;;;100;;;;
2024/06/09;1600 UTC;0;991,5;992,5;991,5;42,7;29,3;29,1;30,7;28,2;30,7;28,1;100;92;99;;;;
2024/06/09;1700 UTC;0;990,8;991,5;990,7;41,1;28,6;28,6;31,1;28,5;31,1;28,5;100;97;100;;;;
2024/06/09;1800 UTC;0;990,2;990,8;990,2;42,2;30,1;30,1;30,7;28,4;30,7;28,2;100;98;100;;;;
2024/06/09;1900 UTC;0;990,1;990,2;990;41,7;30,4;30,4;30,8;29,1;30,7;29,1;100;100;100;;;;
2024/06/09;2000 UTC;0;989,9;990,1;989,8;25,7;29,2;29,2;30,5;29,2;30,5;29,2;100;100;100;;;;
2024/06/09;2100 UTC;0;990,3;990,3;989,9;5,6;26,6;;29,2;26,6;;;;;;;;;
2024/06/09;2200 UTC;0;991;991;990,3;;25,3;;26,6;25,3;;;;;;;;;
2024/06/09;2300 UTC;0;991,4;991,4;991;2096,1;25,1;;25,8;25,1;;;;;;;;;
2024/06/10;0000 UTC;0;992,3;992,3;991,4;2694,4;25,2;;25,4;24,9;;;;;;;;;
2024/06/10;0100 UTC;0;993;993;992,3;5,2;24,7;;25,2;24,6;;;;;;;;;
2024/06/10;0200 UTC;3;993;993,1;992,7;59,5;24,7;;24,7;24,3;;;;;;;;;
2024/06/10;0300 UTC;,2;992,9;993;992,8;;24,4;;24,7;24,3;;;;;;;;;
2024/06/10;0400 UTC;0;992,4;992,9;992,4;;24,4;;24,5;24,3;;;;;;;;;
2024/06/10;0500 UTC;0;992;992,4;992;2012,7;24,4;;24,5;24,3;;;;;;;;;
2024/06/10;0600 UTC;0;991,5;992;991,5;1217,4;24;;24,4;23,9;;;;;;;;;
2024/06/10;0700 UTC;0;991,7;991,7;991,5;2199,5;23,4;;23,9;23,4;;;;;;;;;
2024/06/10;0800 UTC;0;991,9;991,9;991,7;2327,7;23;;23,5;23;;;;;;;;;
2024/06/10;0900 UTC;0;992,1;992,1;991,9;1663,3;22,6;;23;22,5;;;;;;;;;
2024/06/10;1000 UTC;0;992,6;992,6;992,1;828;25,1;;25,1;22,5;;;;;;;;;
2024/06/10;1100 UTC;0;993,1;993,1;992,6;3109,8;26,2;;26,2;24,9;;;;;;;;;
2024/06/10;1200 UTC;0;993,4;993,4;993,1;4741,4;27;;27,1;26,2;;;;;;;;;
2024/06/10;1300 UTC;0;993,1;993,5;993,1;2267,6;28,1;;28,1;27;;;;;;;;;
2024/06/10;1400 UTC;0;992,9;993,2;992,8;1374;29,4;29,4;29,4;27,9;29,4;27,8;100;97;100;;;;
2024/06/10;1500 UTC;0;992;992,9;992;;30;28,2;30,3;29;29,5;26,7;100;84;91;;;;
2024/06/10;1600 UTC;0;991,2;992,1;991,2;;31,4;26,4;31,7;30;29;25,8;93;75;75;;;;
2024/06/10;1700 UTC;0;990,4;991,2;990,4;13,6;30,8;25,4;31,3;29,8;26,8;24,6;82;69;73;;;;
2024/06/10;1800 UTC;0;990,1;990,5;990,1;42,4;30,3;24,5;30,9;29,9;26;24,3;76;69;71;;;;
2024/06/10;1900 UTC;0;990,2;990,2;990,1;45;30,2;24,7;30,7;30,2;25,8;24,4;76;70;73;;;;
2024/06/10;2000 UTC;0;990,3;990,4;990,2;30;28,9;26,4;30,2;28,9;27,4;24,5;90;72;86;;;;
2024/06/10;2100 UTC;0;990,6;990,6;990,3;6,3;26,5;;29,3;26,5;28,3;25;100;78;;;;;
2024/06/10;2200 UTC;0;991;991;990,6;1853,3;24,8;;26,6;24,8;;;;;;;;;
2024/06/10;2300 UTC;0;991,6;991,6;991;3224,7;23,6;;24,8;23,6;;;;;;;;;
2024/06/11;0000 UTC;0;991,9;991,9;991,6;2298,6;23,1;;23,6;23,1;;;;;;;;;
2024/06/11;0100 UTC;0;992,3;992,3;991,9;992,7;23,3;;23,4;22,9;;;;;;;;;
2024/06/11;0200 UTC;0;992,6;992,6;992,3;374,1;23,5;;23,5;23,2;;;;;;;;;
2024/06/11;0300 UTC;0;992,1;992,6;992,1;;23,1;;23,5;23,1;;;;;;;;;
2024/06/11;0400 UTC;0;991,6;992,1;991,6;;22,9;;23,2;22,9;;;;;;;;;
2024/06/11;0500 UTC;0;991,2;991,6;991,2;;22,6;;22,9;22,5;;;;;;;;;
2024/06/11;0600 UTC;0;991,2;991,2;991,2;;22,4;;22,7;22,3;;;;;;;;;
2024/06/11;0700 UTC;0;991,5;991,5;991,2;;23;;23;22,3;;;;;;;;;
2024/06/11;0800 UTC;0;991,9;991,9;991,5;;23,2;;23,3;23;;;;;;;;;
2024/06/11;0900 UTC;0;992,2;992,2;991,9;;22,4;;23,2;22,4;;;;;;;;;
2024/06/11;1000 UTC;0;992,8;992,8;992,2;;24,5;;24,6;22,3;;;;;;;;;
2024/06/11;1100 UTC;0;993,4;993,5;992,8;;26,1;;26,2;24,5;;;;;;;;;
2024/06/11;1200 UTC;0;993,6;993,8;993,4;7;27,7;;27,7;26,1;;;;;;;;;
2024/06/11;1300 UTC;0;993,6;993,7;993,5;15,9;28,4;28,4;28,7;27,5;;;;;100;;;;
2024/06/11;1400 UTC;0;993,2;993,7;993,2;33;29,4;27;29,6;28,4;29,3;26,8;100;86;87;;;;
2024/06/11;1500 UTC;0;992,7;993,3;992,6;32,5;30,7;25,3;31,2;29,4;27,4;24,4;88;70;73;;;;
2024/06/11;1600 UTC;0;991,8;992,7;991,8;3,2;30,6;24,5;32;30,6;25,8;24,1;74;66;70;;;;
2024/06/11;1700 UTC;0;991,3;991,8;991,2;3;30,7;24,5;32;30,1;26;24,3;74;66;70;;;;
2024/06/11;1800 UTC;0;991,1;991,4;991,1;24,8;31,5;24,4;32,1;30,5;26;23,1;72;63;66;;;;
2024/06/11;1900 UTC;0;991;991,1;990,9;32,5;31,1;25;31,5;31;25,2;24,1;70;66;70;;;;
2024/06/11;2000 UTC;0;991,2;991,2;991;37,7;30,3;24,7;31,1;30,2;24,8;23,9;72;66;72;;;;
2024/06/11;2100 UTC;0;991,6;991,6;991,2;20,3;29,1;24,6;30,3;29;25;24,2;79;71;77;;;;
2024/06/11;2200 UTC;0;991,7;991,7;991,5;4,8;29,3;24,3;29,5;28,7;24,9;24,2;80;74;74;;;;
2024/06/11;2300 UTC;0;991,9;992;991,7;,6;27;27;29,3;26,7;27,6;24,3;100;74;100;;;;
2024/06/12;0000 UTC;0;992,3;992,3;991,9;;24,3;;27;24,3;;;;;;;;;
2024/06/12;0100 UTC;0;992,6;992,6;992,3;;24,6;;24,6;23,7;;;;;;;;;
2024/06/12;0200 UTC;0;992,5;992,7;992,5;;24,5;;24,7;24,3;;;;;;;;;
2024/06/12;0300 UTC;0;992,3;992,5;992,2;;23,3;;24,5;23,3;;;;;;;;;
2024/06/12;0400 UTC;0;991,6;992,3;991,6;;22,9;;23,3;22,8;;;;;;;;;
2024/06/12;0500 UTC;0;991,1;991,6;991,1;;22,5;;23;22,4;;;;;;;;;
2024/06/12;0600 UTC;0;991,2;991,2;991;;22;;22,5;22;;;;;;;;;
2024/06/12;0700 UTC;0;991,1;991,2;991,1;;22,4;;22,4;22;;;;;;;;;
2024/06/12;0800 UTC;0;991,5;991,5;991,1;;21,8;;22,4;21,8;;;;;;;;;
2024/06/12;0900 UTC;0;991,7;991,8;991,5;;21,6;;21,8;21,3;;;;;;;;;
2024/06/12;1000 UTC;0;992,4;992,4;991,7;;24,8;;24,8;21,4;;;;;;;;;
2024/06/12;1100 UTC;0;993,1;993,1;992,4;;27,2;;27,2;24,8;;;;;;;;;
2024/06/12;1200 UTC;0;993,4;993,5;993,1;13,9;27,6;;28,2;26,7;;;;;;;;;
2024/06/12;1300 UTC;0;993,2;993,5;993,2;31,3;27,9;;28,3;26,8;;;;;;;;;
2024/06/12;1400 UTC;0;992,6;993,2;992,6;34,6;28,7;28,7;29,1;27,9;29,1;27,6;100;97;100;;;;
2024/06/12;1500 UTC;0;991,9;992,6;991,9;44,9;29,5;29,5;29,6;28,4;29,6;28,4;100;100;100;;;;
2024/06/12;1600 UTC;0;991;991,9;991;50,2;29,8;29,8;30,2;29,4;30,2;29,4;100;98;100;;;;
2024/06/12;1700 UTC;0;990,4;991;990,3;50,7;30,1;29,4;30,7;29,8;30,5;29,2;100;94;96;;;;
2024/06/12;1800 UTC;0;990;990,4;989,9;46,4;30,8;29,5;31,1;29,9;30,6;28,9;100;91;93;;;;
2024/06/12;1900 UTC;0;990;990;989,9;39;29;;31,2;29;31;29,6;100;93;;;;;
2024/06/12;2000 UTC;0;990,6;990,6;990;16,3;29,4;29,4;29,6;28;;;;;100;;;;
2024/06/12;2100 UTC;0;991,1;991,1;990,6;3,5;26,7;;29,4;26,6;;;;;;;;;
2024/06/12;2200 UTC;0;991,4;991,4;991,1;;26;;26,7;25,9;;;;;;;;;
2024/06/12;2300 UTC;0;991,9;991,9;991,4;;24,9;;26;24,9;;;;;;;;;
2024/06/13;0000 UTC;0;992,5;992,5;991,9;;24,2;;25,1;24,2;;;;;;;;;
2024/06/13;0100 UTC;0;992,9;992,9;992,5;;24,3;;24,3;23,9;;;;;;;;;
2024/06/13;0200 UTC;0;992,9;993;992,8;;24,6;;24,8;24,3;;;;;;;;;
2024/06/13;0300 UTC;0;992,6;992,9;992,6;;24,7;;24,7;24,5;;;;;;;;;
2024/06/13;0400 UTC;0;992;992,6;992;;24,7;;25,1;24,6;;;;;;;;;
2024/06/13;0500 UTC;,2;991,3;992;991,3;;24,5;;24,8;24,5;;;;;;;;;
2024/06/13;0600 UTC;0;991,2;991,3;991,1;;24,4;;24,5;24,3;;;;;;;;;
2024/06/13;0700 UTC;0;991,5;991,5;991,2;;23,9;;24,5;23,9;;;;;;;;;
2024/06/13;0800 UTC;0;991,8;991,8;991,5;;22,7;;23,9;22,7;;;;;;;;;
2024/06/13;0900 UTC;0;992,2;992,2;991,8;;23,6;;23,6;22,3;;;;;;;;;
2024/06/13;1000 UTC;,2;992,9;992,9;992,2;;25,2;;25,2;23,1;;;;;;;;;
2024/06/13;1100 UTC;0;993,2;993,2;992,9;4,3;26,7;26,7;27;25,2;;;;;100;;;;
2024/06/13;1200 UTC;0;993,3;993,4;993,2;18,9;27,9;27,9;28;26,6;28,1;26,6;100;100;100;;;;
2024/06/13;1300 UTC;0;993;993,4;992,9;36;29,1;26,4;29,3;27,7;28,5;26,3;100;85;85;;;;
2024/06/13;1400 UTC;0;992,3;993;992,3;49,4;30,2;24,6;30,4;29,1;26,7;23,7;87;69;72;;;;
2024/06/13;1500 UTC;0;991,7;992,3;991,6;32,8;31,1;24,6;31,2;30,1;25,1;23,3;74;64;69;;;;
2024/06/13;1600 UTC;0;990,9;991,7;990,9;2,5;31,3;24,5;31,6;30,3;24,9;23,3;69;64;67;;;;
2024/06/13;1700 UTC;0;990;990,9;990;3;31;24,8;31,9;30,6;25,3;23,6;73;63;69;;;;
2024/06/13;1800 UTC;0;989,6;990;989,6;21,3;31,3;23,9;31,8;30,7;25,6;23,5;71;63;65;;;;
2024/06/13;1900 UTC;0;989,8;989,8;989,6;51,2;30,8;23,9;31,5;30,6;24,3;23,2;68;62;67;;;;
2024/06/13;2000 UTC;0;990,1;990,1;989,8;31,9;29,4;23,9;30,9;29,4;24,1;23;73;65;72;;;;
2024/06/13;2100 UTC;0;990,6;990,6;990,1;10,7;26,7;26,7;29,4;26,7;27,2;23,7;100;72;100;;;;
2024/06/13;2200 UTC;0;991,1;991,1;990,6;;24,7;;26,7;24,6;;;;;;;;;
2024/06/13;2300 UTC;0;992;992;991,1;;23,7;;24,7;23,7;;;;;;;;;
2024/06/14;0000 UTC;0;992,5;992,5;992;;22,6;;23,7;22,6;;;;;;;;;
2024/06/14;0100 UTC;0;992,5;992,6;992,5;;21,9;;22,6;21,8;;;;;;;;;
2024/06/14;0200 UTC;0;992,5;992,6;992,5;;21,6;;22,1;21,6;;;;;;;;;
2024/06/14;0300 UTC;0;992,3;992,6;992,2;;22,2;;22,2;21,5;;;;;;;;;
2024/06/14;0400 UTC;0;992,3;992,4;992,2;;21,4;;22,4;21,2;;;;;;;;;
2024/06/14;0500 UTC;0;992,2;992,3;992,2;;21,5;;21,6;21,2;;;;;;;;;
2024/06/14;0600 UTC;0;992;992,2;992;;22,3;;22,4;21,4;;;;;;;;;
2024/06/14;0700 UTC;0;992,2;992,2;992;;22,6;;22,6;22,2;;;;;;;;;
2024/06/14;0800 UTC;0;992,6;992,6;992,2;;23,7;;23,7;22,5;;;;;;;;;
2024/06/14;0900 UTC;0;993,9;993,9;992,6;;23,7;;24,3;23,7;;;;;;;;;
2024/06/14;1000 UTC;2,4;994,7;994,7;993,9;351,2;22,7;;23,7;22,7;;;;;;;;;
2024/06/14;1100 UTC;1,4;995,6;995,6;994,5;4124,8;22,9;;23;22,6;;;;;;;;;
2024/06/14;1200 UTC;0;995,9;995,9;995,6;4937,4;23,9;;23,9;22,9;;;;;;;;;
2024/06/14;1300 UTC;0;995,4;995,8;995,3;5031,3;25,1;;25,4;24;;;;;;;;;
2024/06/14;1400 UTC;0;994,6;995,4;994,6;3912,7;26,8;;27;24,8;;;;;;;;;
2024/06/14;1500 UTC;0;993,6;994,5;993,6;2654,7;27,4;;27,9;26,5;;;;;;;;;
2024/06/14;1600 UTC;,2;992,7;993,6;992,7;1243,3;28,2;;29,1;27,4;;;;;;;;;
2024/06/14;1700 UTC;0;991,8;992,7;991,8;;28,1;;29,5;28,1;29,5;27,6;100;97;;;;;
2024/06/14;1800 UTC;0;991,1;991,8;991,1;;28,5;;28,5;27,8;;;;;;;;;
2024/06/14;1900 UTC;0;991,1;991,2;991;;28,4;28,5;29,3;28,4;29,3;28,4;100;97;100;;;;
2024/06/14;2000 UTC;0;991,4;991,4;991,1;;27,2;;28,5;27,2;;;;;;;;;
2024/06/14;2100 UTC;0;991,6;991,6;991,4;;25,6;;27,2;25,6;;;;;;;;;
2024/06/14;2200 UTC;0;992,1;992,1;991,6;;24,7;;25,6;24,1;;;;;;;;;
2024/06/14;2300 UTC;0;992,4;992,4;992,1;;24;;24,7;24;;;;;;;;;
2024/06/15;0000 UTC;0;992,9;992,9;992,4;;23,6;;24,1;23,6;;;;;;;;;
2024/06/15;0100 UTC;0;992,9;993,1;992,8;;23,3;;23,6;23,2;;;;;;;;;
2024/06/15;0200 UTC;1,8;994,1;994,1;992,9;;23,9;;23,9;23,2;;;;;;;;;
2024/06/15;0300 UTC;7,2;993;994,1;993;2387,1;22,5;;23,9;22,5;;;;;;;;;
2024/06/15;0400 UTC;0;992,3;993;992,3;4948,3;22,6;;22,7;22,5;;;;;;;;;
2024/06/15;0500 UTC;,2;991,9;992,4;991,9;4626,3;22,7;;22,7;22,5;;;;;;;;;
2024/06/15;0600 UTC;0;991,7;991,9;991,6;4695,9;22,9;;23;22,7;;;;;;;;;
2024/06/15;0700 UTC;0;991,7;991,8;991,6;2182,6;23,1;;23,1;22,8;;;;;;;;;
2024/06/15;0800 UTC;0;992,2;992,2;991,7;923,7;23,4;;23,4;23,1;;;;;;;;;
2024/06/15;0900 UTC;0;992,3;992,3;992,1;;23,5;;23,5;23,3;;;;;;;;;
2024/06/15;1000 UTC;0;992,8;992,9;992,3;;24;;24;23,5;;;;;;;;;
2024/06/15;1100 UTC;0;993,5;993,5;992,8;3494,3;25,6;;25,7;24;;;;;;;;;
2024/06/15;1200 UTC;0;993,9;993,9;993,5;5156,7;25,9;;25,9;25,4;;;;;;;;;
2024/06/15;1300 UTC;0;993,9;993,9;993,8;4726,3;26,5;;26,6;25,8;;;;;;;;;
2024/06/15;1400 UTC;0;993,4;993,9;993,4;3745,6;26,4;;27,3;26,1;;;;;;;;;
2024/06/15;1500 UTC;,4;993;993,4;993;3641,8;25,3;;26,5;25,2;;;;;;;;;
2024/06/15;1600 UTC;0;992,3;993;992,3;1853,1;27;;27;25,3;;;;;;;;;
2024/06/15;1700 UTC;,4;991,6;992,3;991,5;4273,3;26;;28,5;26;;;;;;;;;
2024/06/15;1800 UTC;0;991,2;991,6;991,2;2935,1;28;;28,2;25,4;;;;;;;;;
2024/06/15;1900 UTC;0;991,5;991,5;991,1;2991,4;27,4;;28,4;27,3;;;;;;;;;
2024/06/15;2000 UTC;1;991,6;991,9;991,5;511,5;24,5;;27,4;24,5;;;;;;;;;
2024/06/15;2100 UTC;0;992,2;992,2;991,6;5770,7;24,4;;24,6;24,2;;;;;;;;;
2024/06/15;2200 UTC;0;992,6;992,6;992,1;3954,4;24,3;;24,4;24,2;;;;;;;;;
2024/06/15;2300 UTC;1;993;993,2;992,5;269,4;23,8;;24,3;23,8;;;;;;;;;
2024/06/16;0000 UTC;,2;993;993,1;993;;23,5;;23,9;23,4;;;;;;;;;
2024/06/16;0100 UTC;0;993,2;993,2;993;4970,8;23,7;;23,9;23,5;;;;;;;;;
2024/06/16;0200 UTC;,6;993,4;993,4;993,1;2391,2;23,7;;24,1;23,6;;;;;;;;;
2024/06/16;0300 UTC;13;993,1;993,4;993,1;1459,4;22,9;;23,7;22,9;;;;;;;;;
2024/06/16;0400 UTC;3,2;992,4;993;992,4;5615,2;22,9;;23;22,8;;;;;;;;;
2024/06/16;0500 UTC;0;991,8;992,4;991,8;4036,7;23,3;;23,3;22,8;;;;;;;;;
2024/06/16;0600 UTC;0;991,3;991,8;991,3;2111,3;23,1;;23,3;23,1;;;;;;;;;
2024/06/16;0700 UTC;1,2;991,3;991,3;991,1;1292,4;22,8;;23,2;22,8;;;;;;;;;
2024/06/16;0800 UTC;2,2;991,6;991,6;991,3;3446,6;22,6;;22,9;22,6;;;;;;;;;
2024/06/16;0900 UTC;1,8;991,8;991,8;991,6;3445,6;22,7;;22,7;22,6;;;;;;;;;
2024/06/16;1000 UTC;7,2;992,5;992,5;991,7;4277,5;22,3;;22,7;21,7;;;;;;;;;
2024/06/16;1100 UTC;,2;992,9;993,1;992,5;2899,3;22,8;;22,9;22,1;;;;;;;;;
2024/06/16;1200 UTC;0;993;993,1;992,9;3062,4;24,9;;25,2;22,8;;;;;;;;;
2024/06/16;1300 UTC;0;992,7;993;992,7;6380,6;25,2;;25,4;24,8;;;;;;;;;
2024/06/16;1400 UTC;0;992,2;992,7;992,2;5100,1;25,8;;26,5;25,2;;;;;;;;;
2024/06/16;1500 UTC;0;991,3;992,2;991,3;3551,2;27,4;;28;25,8;;;;;;;;;
2024/06/16;1600 UTC;0;991;991,3;991;229,3;26,6;;28,1;26,6;;;;;;;;;
2024/06/16;1700 UTC;,2;990,6;991;990,6;46,2;26,5;;26,7;26;;;;;;;;;
2024/06/16;1800 UTC;0;990,7;990,7;990,5;173,9;26,2;;26,6;25,6;;;;;;;;;
2024/06/16;1900 UTC;0;990,7;990,8;990,7;;25,9;;26,3;25,5;;;;;;;;;
2024/06/16;2000 UTC;0;991,1;991,1;990,7;;25,4;;26,3;25,4;;;;;;;;;
2024/06/16;2100 UTC;2,8;991,5;991,5;991,1;76,8;24;;25,4;23,9;;;;;;;;;
2024/06/16;2200 UTC;0;992;992;991,5;;23,9;;24;23,6;;;;;;;;;
2024/06/16;2300 UTC;0;992,1;992,1;991,9;2385,1;23,6;;23,9;23,4;;;;;;;;;
2024/06/17;0000 UTC;0;992;992,1;992;6724,4;23,7;;23,8;23,6;;;;;;;;;
2024/06/17;0100 UTC;0;991,6;992;991,6;5999,4;23,5;;23,8;23,4;;;;;;;;;
2024/06/17;0200 UTC;0;991,4;991,6;991,4;6123,7;23,6;;23,6;23,2;;;;;;;;;
2024/06/17;0300 UTC;0;991,4;991,4;991,3;5759,3;23,3;;23,6;23,3;;;;;;;;;
2024/06/17;0400 UTC;0;991;991,4;991;5512,6;22,6;;23,3;22,6;;;;;;;;;
2024/06/17;0500 UTC;0;990,4;991;990,4;5246,8;22,6;;22,7;22,5;;;;;;;;;
2024/06/17;0600 UTC;0;990;990,4;990;5891,2;22,6;;22,7;22,5;;;;;;;;;
2024/06/17;0700 UTC;0;989,9;990;989,8;4898,5;22,5;;22,6;22,4;;;;;;;;;
2024/06/17;0800 UTC;0;990;990,1;989,9;3033,7;22,8;;22,8;22,5;;;;;;;;;
2024/06/17;0900 UTC;0;990,5;990,5;990;1226,2;23;;23;22,7;;;;;;;;;
2024/06/17;1000 UTC;1,4;990,9;990,9;990,5;430;23,3;;23,3;23;;;;;;;;;
2024/06/17;1100 UTC;0;991,8;991,8;990,9;3981,3;24,4;;24,5;23,2;;;;;;;;;
2024/06/17;1200 UTC;0;992,2;992,3;991,8;;25,6;;25,6;24,2;;;;;;;;;
2024/06/17;1300 UTC;0;991,9;992,2;991,9;6217,3;26,5;;26,5;25,3;;;;;;;;;
2024/06/17;1400 UTC;0;991,3;991,9;991,3;5612,7;28;27,7;28;26,5;;;;;99;;;;
2024/06/17;1500 UTC;,2;990,8;991,3;990,8;3157,1;28,2;;28,3;27,1;;;;;;;;;
2024/06/17;1600 UTC;0;989,9;990,8;989,9;,2;29,3;29;29,3;28,1;29;27,6;100;95;98;;;;
2024/06/17;1700 UTC;0;989,2;990;989,2;;28,4;28,4;29,4;28,2;28,9;26,9;100;90;100;;;;
2024/06/17;1800 UTC;0;989,1;989,3;989,1;;29;29;29,5;28,1;29,5;28,1;100;100;100;;;;
2024/06/17;1900 UTC;0;989,4;989,4;989;6,1;27,8;;29,3;27,8;29,3;28,1;100;98;;;;;
2024/06/17;2000 UTC;0;989,6;989,6;989,4;5,3;26,4;;27,8;26,4;;;;;;;;;
2024/06/17;2100 UTC;0;989,9;989,9;989,6;;25,1;;26,4;25,1;;;;;;;;;
2024/06/17;2200 UTC;0;990,5;990,5;989,9;;24,4;;25,1;24,4;;;;;;;;;
2024/06/17;2300 UTC;0;991,1;991,1;990,5;;24,4;;24,5;24,3;;;;;;;;;
2024/06/18;0000 UTC;0;991,4;991,4;991,1;;24,2;;24,4;24,2;;;;;;;;;
2024/06/18;0100 UTC;0;991,6;991,6;991,4;;23,8;;24,3;23,8;;;;;;;;;
2024/06/18;0200 UTC;0;991,9;992;991,6;;23,2;;23,8;23,1;;;;;;;;;
2024/06/18;0300 UTC;0;991,4;991,9;991,4;;22,7;;23,2;22,6;;;;;;;;;
2024/06/18;0400 UTC;0;991;991,4;991;;22,4;;22,8;22,4;;;;;;;;;
2024/06/18;0500 UTC;0;990,7;991,1;990,7;;22,6;;22,7;22,4;;;;;;;;;
2024/06/18;0600 UTC;0;990,3;990,7;990,3;;22;;22,6;21,9;;;;;;;;;
2024/06/18;0700 UTC;0;990,6;990,6;990,3;;21,9;;22;21,5;;;;;;;;;
2024/06/18;0800 UTC;0;990,8;990,8;990,5;;22,5;;22,5;21,8;;;;;;;;;
2024/06/18;0900 UTC;0;991;991;990,7;;22,3;;22,6;22,3;;;;;;;;;
2024/06/18;1000 UTC;0;991,5;991,5;990,9;2,4;24,6;;24,6;22,3;;;;;;;;;
2024/06/18;1100 UTC;0;992,3;992,3;991,5;;25,6;;25,6;24,6;;;;;;;;;
2024/06/18;1200 UTC;0;992,4;992,5;992,3;;26,9;;26,9;25,6;;;;;;;;;
2024/06/18;1300 UTC;0;992,2;992,5;992,2;10,2;27,9;27,9;28,1;27;;;;;100;;;;
2024/06/18;1400 UTC;0;991,7;992,2;991,7;31,8;29,1;26,5;29,2;27,9;29;25,3;100;81;86;;;;
2024/06/18;1500 UTC;0;991;991,7;991;47;29,8;24,9;30;29,1;27,8;24,6;90;75;75;;;;
2024/06/18;1600 UTC;0;989,8;991;989,8;54,6;30,2;25,4;30,3;29,6;27,2;24,3;86;72;75;;;;
2024/06/18;1700 UTC;0;989;989,8;989;53;30,3;23,5;30,6;29,9;26;22,8;78;64;67;;;;
2024/06/18;1800 UTC;0;988,7;989;988,6;46,1;30,1;23,3;30,5;30,1;24,1;21,7;70;60;67;;;;
2024/06/18;1900 UTC;0;988,6;988,7;988,6;35,9;29,5;23,7;30,3;29,5;24;22,4;72;62;71;;;;
2024/06/18;2000 UTC;0;989;989;988,6;21;27,4;27,4;29,5;27,4;27,8;23,5;100;71;100;;;;
2024/06/18;2100 UTC;0;989,4;989,4;989;1,1;25,8;;27,4;25,8;;;;;;;;;
2024/06/18;2200 UTC;0;990,2;990,2;989,4;;24,7;;25,8;24,5;;;;;;;;;
2024/06/18;2300 UTC;0;990,9;990,9;990,2;;23,1;;24,7;23,1;;;;;;;;;
2024/06/19;0000 UTC;0;991,3;991,4;990,9;;23,7;;23,8;22,9;;;;;;;;;
2024/06/19;0100 UTC;0;991,5;991,5;991,3;;24,3;;24,3;23,5;;;;;;;;;
2024/06/19;0200 UTC;0;991,7;991,7;991,5;;23,8;;24,4;23,8;;;;;;;;;
2024/06/19;0300 UTC;0;991,5;991,8;991,5;;23;;23,9;23;;;;;;;;;
2024/06/19;0400 UTC;0;991,2;991,5;991,2;;22,6;;23;22,6;;;;;;;;;
2024/06/19;0500 UTC;0;990,8;991,2;990,8;;22,8;;22,8;22,4;;;;;;;;;
2024/06/19;0600 UTC;0;990,6;990,8;990,6;;22,9;;22,9;22,7;;;;;;;;;
2024/06/19;0700 UTC;0;990,8;990,8;990,6;;22,5;;22,9;22,4;;;;;;;;;
2024/06/19;0800 UTC;0;991;991;990,8;;21,9;;22,5;21,8;;;;;;;;;
2024/06/19;0900 UTC;0;991,5;991,5;991;;21,9;;22;21,6;;;;;;;;;
2024/06/19;1000 UTC;0;992,1;992,1;991,5;;24,8;;24,8;21,6;;;;;;;;;
2024/06/19;1100 UTC;0;992,9;992,9;992,1;;26,4;;26,4;24,6;;;;;;;;;
2024/06/19;1200 UTC;0;993,2;993,2;992,9;10,4;27,8;;27,8;26,1;;;;;;;;;
2024/06/19;1300 UTC;0;992,9;993,2;992,9;32,5;27,8;;28,5;27,6;;;;;;;;;
2024/06/19;1400 UTC;0;992,3;992,9;992,3;42,8;29,4;29,4;29,4;27,8;;;;;100;;;;
2024/06/19;1500 UTC;0;991,5;992,3;991,5;32,1;30,3;29,7;30,5;29;30,4;28,8;100;91;97;;;;
2024/06/19;1600 UTC;0;990,7;991,5;990,7;2,6;30,6;29,3;31,1;29,9;30,4;28,2;100;88;93;;;;
2024/06/19;1700 UTC;0;989,8;990,7;989,8;23,7;30,9;30,8;30,9;29,4;30,8;28,9;100;91;100;;;;
2024/06/19;1800 UTC;0;989,5;989,8;989,4;53,5;30,6;28,7;30,9;30;30,6;28,2;100;89;90;;;;
2024/06/19;1900 UTC;0;989,4;989,5;989,3;44,2;29,9;28,8;30,7;29,7;30;28,3;100;88;94;;;;
2024/06/19;2000 UTC;0;989,7;989,7;989,4;28,6;29,2;29,2;29,9;29,2;29,8;28,7;100;94;100;;;;
2024/06/19;2100 UTC;0;990,1;990,1;989,7;10,4;27,4;;29,2;27,4;;;;;;;;;
2024/06/19;2200 UTC;0;990,6;990,6;990,1;;25,7;;27,4;25,6;;;;;;;;;
2024/06/19;2300 UTC;0;991,6;991,6;990,6;;25,1;;25,8;25,1;;;;;;;;;
2024/06/20;0000 UTC;0;992;992;991,6;;24,2;;25,1;24,2;;;;;;;;;
2024/06/20;0100 UTC;0;992,2;992,2;992;;23,6;;24,2;23,6;;;;;;;;;
2024/06/20;0200 UTC;0;992,2;992,2;992;;23,3;;23,6;23,3;;;;;;;;;
2024/06/20;0300 UTC;0;992;992,3;992;;23,8;;23,8;23,3;;;;;;;;;
2024/06/20;0400 UTC;0;991,4;992;991,4;;24,1;;24,2;23,8;;;;;;;;;
2024/06/20;0500 UTC;0;990,9;991,4;990,9;;24;;24,1;23,9;;;;;;;;;
2024/06/20;0600 UTC;0;990,3;990,9;990,3;;23,8;;24;23,8;;;;;;;;;
2024/06/20;0700 UTC;0;990,4;990,4;990,3;;23,8;;23,8;23,6;;;;;;;;;
2024/06/20;0800 UTC;0;990,7;990,7;990,4;;23,2;;23,8;23,1;;;;;;;;;
2024/06/20;0900 UTC;0;991,2;991,2;990,7;;23,1;;23,2;22,9;;;;;;;;;
2024/06/20;1000 UTC;0;991,5;991,5;991,2;;25,4;;25,6;23,1;;;;;;;;;
2024/06/20;1100 UTC;0;992,1;992,2;991,5;2,4;26,2;;26,5;24,9;;;;;;;;;
2024/06/20;1200 UTC;0;992,3;992,4;992,1;18,7;27,9;;27,9;26,2;;;;;;;;;
2024/06/20;1300 UTC;0;991,8;992,3;991,8;37,9;28,9;28,9;28,9;27,1;;;;;100;;;;
2024/06/20;1400 UTC;0;991,4;991,9;991,4;48,1;29;;29,4;27,9;29,4;27,5;100;96;;;;;
2024/06/20;1500 UTC;0;990,7;991,4;990,7;30,8;30,3;30,3;30,4;29;30,4;29,1;100;99;100;;;;
2024/06/20;1600 UTC;0;990;990,7;990;22,9;30,4;30,1;30,9;28,9;30,7;28,9;100;93;98;;;;
2024/06/20;1700 UTC;0;989,5;990;989,5;32,2;29,4;29,4;31;29,4;30,7;29,2;100;91;100;;;;
2024/06/20;1800 UTC;0;989,3;989,6;989,3;21,4;29,6;29,6;30;29,2;29,9;29,2;100;100;100;;;;
2024/06/20;1900 UTC;0;989,4;989,4;989,3;37,4;29,6;29,6;30,2;28,9;30,1;28,9;100;98;100;;;;
2024/06/20;2000 UTC;0;989,5;989,5;989,4;23,1;28,7;28,7;29,6;28,6;29,5;28,5;100;99;100;;;;
2024/06/20;2100 UTC;0;989,8;989,8;989,5;5,6;26,3;;28,7;26,3;;;;;;;;;
2024/06/20;2200 UTC;0;990;990;989,8;;24,4;;26,3;24,4;;;;;;;;;
2024/06/20;2300 UTC;0;991;991;990;;23,7;;24,4;23,7;;;;;;;;;
2024/06/21;0000 UTC;0;991,8;991,8;991;;23,1;;23,8;23,1;;;;;;;;;
2024/06/21;0100 UTC;0;992;992;991,7;;23,7;;24,2;23,1;;;;;;;;;
2024/06/21;0200 UTC;0;992,1;992,1;992;;23,2;;23,7;23,2;;;;;;;;;
2024/06/21;0300 UTC;0;992;992,1;992;;23,5;;23,5;22,9;;;;;;;;;
2024/06/21;0400 UTC;0;991,6;992;991,6;;23,7;;23,7;23,5;;;;;;;;;
2024/06/21;0500 UTC;0;991,3;991,6;991,3;;23,9;;24;23,7;;;;;;;;;
2024/06/21;0600 UTC;0;991;991,3;991;;23,6;;24,1;23,6;;;;;;;;;
2024/06/21;0700 UTC;0;991,1;991,1;990,9;;23,4;;23,6;23,4;;;;;;;;;
2024/06/21;0800 UTC;0;991,3;991,4;991,1;;23,2;;23,4;23,2;;;;;;;;;
2024/06/21;0900 UTC;0;991,5;991,5;991,3;;22,7;;23,2;22,7;;;;;;;;;
2024/06/21;1000 UTC;0;992,1;992,1;991,5;;25,2;;25,2;22,7;;;;;;;;;
2024/06/21;1100 UTC;0;992,6;992,6;992,1;0;25,7;;25,9;24,9;;;;;;;;;
2024/06/21;1200 UTC;0;992,8;992,8;992,5;6,9;26,5;;26,8;25,6;;;;;;;;;
2024/06/21;1300 UTC;0;992,5;992,8;992,5;9,5;27,7;27,4;28,3;26,4;;;;;99;;;;
2024/06/21;1400 UTC;0;992,2;992,5;992,2;16,6;27,7;27,7;29,2;27,6;29,2;27,6;100;98;100;;;;
2024/06/21;1500 UTC;0;991,3;992,2;991,3;41,2;28,9;28,9;29,2;27,6;29,2;27,6;100;98;100;;;;
2024/06/21;1600 UTC;0;990,2;991,3;990,2;43,7;29,6;29,3;29,9;28,3;29,8;28,3;100;95;98;;;;
2024/06/21;1700 UTC;0;989,3;990,2;989,3;25,1;30,2;28,2;30,4;28,6;30,2;28,1;100;89;89;;;;
2024/06/21;1800 UTC;0;988,7;989,3;988,7;;30;25,3;30,6;29,6;29;25,3;94;76;76;;;;
2024/06/21;1900 UTC;0;988,7;988,7;988,6;;29,8;25,4;30,4;29,8;26,6;24,9;83;73;77;;;;
2024/06/21;2000 UTC;0;988,9;988,9;988,6;18,7;28,7;26,5;29,8;28,7;27,8;25,4;95;77;88;;;;
2024/06/21;2100 UTC;0;989,3;989,3;988,9;4,8;26,4;;28,7;26,4;;;;;;;;;
2024/06/21;2200 UTC;0;989,8;989,8;989,3;;24,6;;26,5;24,6;;;;;;;;;
2024/06/21;2300 UTC;0;991;991;989,8;;23,5;;24,6;23,1;;;;;;;;;
2024/06/22;0000 UTC;0;991,4;991,4;991;;23,5;;23,9;23,5;;;;;;;;;
2024/06/22;0100 UTC;0;991,8;991,8;991,4;;22,7;;23,4;22,6;;;;;;;;;
2024/06/22;0200 UTC;0;992;992;991,8;;22,5;;22,9;22,5;;;;;;;;;
2024/06/22;0300 UTC;0;991,8;992;991,8;;21,8;;22,5;21,8;;;;;;;;;
2024/06/22;0400 UTC;0;991,6;991,8;991,6;8,1;21,6;;21,8;21,5;;;;;;;;;
2024/06/22;0500 UTC;0;991,3;991,6;991,3;10,5;21,7;;21,7;21,5;;;;;;;;;
2024/06/22;0600 UTC;0;991,1;991,3;991,1;;21,2;;21,7;21,2;;;;;;;;;
2024/06/22;0700 UTC;0;991,1;991,2;991,1;;20,8;;21,4;20,8;;;;;;;;;
2024/06/22;0800 UTC;0;991,4;991,4;991,1;;21,9;;21,9;20,9;;;;;;;;;
2024/06/22;0900 UTC;0;991,6;991,6;991,4;;23,2;;23,2;22;;;;;;;;;
2024/06/22;1000 UTC;0;992,4;992,4;991,6;;24;;24,1;23,2;;;;;;;;;
2024/06/22;1100 UTC;0;992,6;992,7;992,4;;25,5;;25,9;24;;;;;;;;;
2024/06/22;1200 UTC;0;993;993;992,6;1,2;26,8;;27,2;25,5;;;;;;;;;
2024/06/22;1300 UTC;0;992,8;993;992,7;14,6;27,3;;28,4;26,8;;;;;;;;;
2024/06/22;1400 UTC;0;992,2;992,8;992,2;34,8;29,7;29,7;29,7;27;;;;;100;;;;
2024/06/22;1500 UTC;0;991,2;992,2;991,2;48,5;30;30;30,6;28,8;30,6;28,9;100;100;100;;;;
2024/06/22;1600 UTC;0;990,2;991,2;990,2;33,8;30;29,5;30,9;29,6;30,7;27,8;100;88;98;;;;
2024/06/22;1700 UTC;0;989,5;990,2;989,5;22,5;31,1;28,6;31,1;29,6;30,3;27,9;100;85;87;;;;
2024/06/22;1800 UTC;0;989,2;989,5;989,2;43,6;30,2;28,5;31,2;29,8;29,5;27,4;97;82;90;;;;
2024/06/22;1900 UTC;0;989;989,2;988,9;26,6;29,6;29,6;30,6;29,6;30,1;28;100;87;100;;;;
2024/06/22;2000 UTC;0;989,2;989,2;989;16,4;28,6;;29,6;28,6;;;;;;;;;
2024/06/22;2100 UTC;0;989,4;989,4;989,2;8,8;27,5;;28,6;27,4;;;;;;;;;
2024/06/22;2200 UTC;0;989,6;989,6;989,4;;26,7;;27,4;26,6;;;;;;;;;
2024/06/22;2300 UTC;0;990,1;990,1;989,6;;25,8;;26,7;25,8;;;;;;;;;
2024/06/23;0000 UTC;0;990,5;990,6;990,1;;25,5;;25,9;25,5;;;;;;;;;
2024/06/23;0100 UTC;0;991;991;990,6;;25,4;;25,6;25,3;;;;;;;;;
2024/06/23;0200 UTC;0;991,3;991,3;991;;25,6;;25,7;25,3;;;;;;;;;
2024/06/23;0300 UTC;0;991,3;991,3;991,1;;25,2;;25,6;25,1;;;;;;;;;
2024/06/23;0400 UTC;0;990,9;991,4;990,9;;25,2;;25,3;25;;;;;;;;;
2024/06/23;0500 UTC;0;990,7;990,9;990,7;;25,1;;25,2;24,9;;;;;;;;;
2024/06/23;0600 UTC;0;990,8;990,8;990,5;;24,9;;25,1;24,8;;;;;;;;;
2024/06/23;0700 UTC;0;990,8;990,9;990,7;;24,7;;24,9;24,7;;;;;;;;;
2024/06/23;0800 UTC;0;991,2;991,2;990,7;;24,3;;24,7;24,3;;;;;;;;;
2024/06/23;0900 UTC;0;991,5;991,5;991,2;;24;;24,3;24;;;;;;;;;
2024/06/23;1000 UTC;0;992,6;992,6;991,5;;24,6;;24,6;24;;;;;;;;;
2024/06/23;1100 UTC;0;993,2;993,2;992,6;,7;25,4;;25,5;24,6;;;;;;;;;
2024/06/23;1200 UTC;0;993,6;993,6;993,2;;25,8;;25,9;24,9;;;;;;;;;
2024/06/23;1300 UTC;,6;993,7;993,7;993,5;239,6;23,8;;26,1;23,8;;;;;;;;;
2024/06/23;1400 UTC;2,8;993,1;993,7;993,1;343,4;23,7;;23,9;23,5;;;;;;;;;
2024/06/23;1500 UTC;6,8;992,8;993,1;992,7;;23,5;;24,1;23,5;;;;;;;;;
2024/06/23;1600 UTC;5,4;992,1;992,8;992,1;;23,8;;23,8;23,2;;;;;;;;;
2024/06/23;1700 UTC;0;991,2;992,1;991,2;;25,5;;26;23,8;;;;;;;;;
2024/06/23;1800 UTC;2,8;990,7;991,2;990,7;;24,7;;25,6;24;;;;;;;;;
2024/06/23;1900 UTC;0;990,8;990,8;990,6;;25,1;;25,4;24,7;;;;;;;;;
2024/06/23;2000 UTC;0;990,9;990,9;990,7;;24,8;;25,1;24,7;;;;;;;;;
2024/06/23;2100 UTC;0;991,2;991,2;990,9;360;24,3;;24,8;24,3;;;;;;;;;
2024/06/23;2200 UTC;2;991,8;991,8;991,2;5650,6;24,1;;24,4;24,1;;;;;;;;;
2024/06/23;2300 UTC;7;992,6;992,6;991,8;;23,7;;24,1;23,5;;;;;;;;;
2024/06/24;0000 UTC;0;992,9;992,9;992,5;2968,2;23,2;;23,8;23,2;;;;;;;;;
2024/06/24;0100 UTC;0;993,2;993,2;992,9;2290,3;23,2;;23,3;23;;;;;;;;;
2024/06/24;0200 UTC;0;993,4;993,4;993,2;;23,2;;23,3;23,2;;;;;;;;;
2024/06/24;0300 UTC;0;993;993,4;993;;23,2;;23,3;23,2;;;;;;;;;
2024/06/24;0400 UTC;0;992,3;993;992,3;;23,2;;23,2;23,1;;;;;;;;;
2024/06/24;0500 UTC;0;991,9;992,3;991,9;;23,1;;23,2;23,1;;;;;;;;;
2024/06/24;0600 UTC;0;991,4;991,9;991,4;;23,1;;23,2;23;;;;;;;;;
2024/06/24;0700 UTC;0;991,4;991,4;991,3;;23,1;;23,2;23,1;;;;;;;;;
2024/06/24;0800 UTC;0;991,6;991,7;991,4;;22,9;;23,1;22,8;;;;;;;;;
2024/06/24;0900 UTC;0;992;992;991,6;;22,7;;22,9;22,5;;;;;;;;;
2024/06/24;1000 UTC;0;992,9;992,9;992;537,5;23,9;;23,9;22,7;;;;;;;;;
2024/06/24;1100 UTC;0;993,6;993,6;992,9;2864,7;25,7;;25,7;23,9;;;;;;;;;
2024/06/24;1200 UTC;0;993,9;993,9;993,6;2341,3;26;;26,4;25,3;;;;;;;;;
2024/06/24;1300 UTC;0;993,9;994,1;993,9;582,3;27,2;;27,5;25,9;;;;;;;;;
2024/06/24;1400 UTC;,2;993,5;993,9;993,5;;28,1;;28,2;27,1;;;;;;;;;
2024/06/24;1500 UTC;0;992,8;993,5;992,8;5,7;29,6;29,6;29,9;28;29,8;28;100;97;100;;;;
2024/06/24;1600 UTC;0;992;992,8;992;19,4;29,1;29,1;30,2;28,9;30,2;28,9;100;99;100;;;;
2024/06/24;1700 UTC;0;990,8;992;990,8;30,8;29,8;28,3;30,2;28,8;30,1;27,9;100;88;92;;;;
2024/06/24;1800 UTC;0;990,2;990,8;990,2;44,8;29,8;27,6;30,4;29,5;30;27,1;100;84;88;;;;
2024/06/24;1900 UTC;0;990,2;990,3;990,1;38,9;29,4;26,7;29,9;29,4;28,3;25,9;92;81;85;;;;
2024/06/24;2000 UTC;0;990,3;990,4;990,2;21,8;27,8;;29,4;27,8;28,6;26,2;100;83;;;;;
2024/06/24;2100 UTC;0;990,6;990,6;990,3;1,6;24,6;;27,8;24,6;;;;;;;;;
2024/06/24;2200 UTC;0;991,1;991,1;990,6;;23,2;;24,6;23,2;;;;;;;;;
2024/06/24;2300 UTC;0;991,8;991,8;991,1;;22,5;;23,2;22,5;;;;;;;;;
2024/06/25;0000 UTC;0;992,3;992,3;991,8;;22;;22,5;22;;;;;;;;;
2024/06/25;0100 UTC;0;992,7;992,8;992,3;;22,3;;22,4;22;;;;;;;;;
2024/06/25;0200 UTC;0;992,8;992,9;992,7;;22,7;;22,8;22,2;;;;;;;;;
2024/06/25;0300 UTC;0;992,7;992,9;992,7;;22,2;;22,7;22,1;;;;;;;;;
2024/06/25;0400 UTC;0;992,4;992,7;992,4;;22,3;;22,6;22,2;;;;;;;;;
2024/06/25;0500 UTC;0;992,1;992,4;992,1;;22,1;;22,3;22;;;;;;;;;
2024/06/25;0600 UTC;0;992,1;992,1;991,9;;22,5;;22,6;22,1;;;;;;;;;
2024/06/25;0700 UTC;0;992,1;992,1;992;;23;;23;22,5;;;;;;;;;
2024/06/25;0800 UTC;0;992,5;992,5;992,1;;22,7;;23;22,6;;;;;;;;;
2024/06/25;0900 UTC;0;992,6;992,6;992,5;;22,4;;22,7;22,4;;;;;;;;;
2024/06/25;1000 UTC;0;993,1;993,1;992,6;;23,4;;23,7;22,4;;;;;;;;;
2024/06/25;1100 UTC;0;993,6;993,6;993,1;;25,6;;25,8;23,4;;;;;;;;;
2024/06/25;1200 UTC;0;993,8;993,8;993,6;;27,2;;27,2;25,5;;;;;;;;;
2024/06/25;1300 UTC;0;993,4;993,8;993,4;,6;27,9;;28,1;27;;;;;;;;;
2024/06/25;1400 UTC;0;992,9;993,4;992,9;25,1;29,6;29,1;29,7;27,4;;;;;97;;;;
2024/06/25;1500 UTC;0;992;992,9;992;52,3;30,2;30;30,2;28,9;;;100;95;99;;;;
2024/06/25;1600 UTC;0;990,9;992;990,9;11,2;30,8;29,7;31,4;29,7;30,8;28;100;85;94;;;;
2024/06/25;1700 UTC;0;990,1;990,9;990,1;10;31,1;28;31,2;30,1;30,3;27,7;99;81;83;;;;
2024/06/25;1800 UTC;0;989,7;990,1;989,7;5,4;31,3;27,8;31,5;30,4;30,7;26,9;97;77;82;;;;
2024/06/25;1900 UTC;0;989,9;989,9;989,6;16,9;29,9;29,2;31,4;29,5;30,1;27,4;100;80;96;;;;
2024/06/25;2000 UTC;0;990;990;989,8;25,2;27,7;;29,9;27,7;29,6;27,8;100;90;;;;;
2024/06/25;2100 UTC;0;990,3;990,3;990;4,7;25,1;;27,7;25,1;;;;;;;;;
2024/06/25;2200 UTC;0;990,8;990,8;990,3;;23,8;;25,1;23,8;;;;;;;;;
2024/06/25;2300 UTC;0;991,4;991,4;990,8;;23,1;;24;23,1;;;;;;;;;
2024/06/26;0000 UTC;0;992,1;992,1;991,4;;23;;23,1;22,9;;;;;;;;;
2024/06/26;0100 UTC;0;992,7;992,7;992,1;;23,3;;23,5;22,8;;;;;;;;;
2024/06/26;0200 UTC;0;993,1;993,1;992,7;;23,5;;23,5;23,2;;;;;;;;;
2024/06/26;0300 UTC;0;993,1;993,2;993,1;;23,8;;23,8;23,5;;;;;;;;;
2024/06/26;0400 UTC;0;992,9;993,1;992,9;;24;;24;23,7;;;;;;;;;
2024/06/26;0500 UTC;0;992,6;992,9;992,6;;23,9;;24,1;23,8;;;;;;;;;
2024/06/26;0600 UTC;0;992,2;992,6;992,2;;23,6;;23,9;23,6;;;;;;;;;
2024/06/26;0700 UTC;0;992,6;992,6;992,1;;23,5;;23,6;23,4;;;;;;;;;
2024/06/26;0800 UTC;0;992,8;992,8;992,6;;23,5;;23,6;23,5;;;;;;;;;
2024/06/26;0900 UTC;0;993,1;993,1;992,8;;23,3;;23,5;23,3;;;;;;;;;
2024/06/26;1000 UTC;0;993,3;993,3;993,1;;24,2;;24,2;23,3;;;;;;;;;
2024/06/26;1100 UTC;0;993,6;993,7;993,3;;25,7;;25,8;24,2;;;;;;;;;
2024/06/26;1200 UTC;0;993,8;993,9;993,6;11,2;27,1;;27,3;25,7;;;;;;;;;
2024/06/26;1300 UTC;0;993,4;993,8;993,4;30,2;27,9;;27,9;27;;;;;;;;;
2024/06/26;1400 UTC;0;992,6;993,4;992,6;21,2;29,8;29,8;30;27,9;;;;;100;;;;
2024/06/26;1500 UTC;0;991,8;992,6;991,8;3;30,5;30,3;30,6;29,1;30,6;29,1;100;94;99;;;;
2024/06/26;1600 UTC;0;991,1;991,8;991,1;4,4;31,5;30,2;31,5;30,3;31,1;28,2;100;86;92;;;;
2024/06/26;1700 UTC;0;990,2;991,1;990,2;15,4;31,3;28,6;31,7;30,5;30,4;27,5;96;80;85;;;;
2024/06/26;1800 UTC;0;989,8;990,2;989,8;3,2;31,5;28,2;32;30,3;29,7;27,4;96;80;83;;;;
2024/06/26;1900 UTC;0;989,7;989,8;989,7;2,6;30,7;27,8;31,7;30,7;29,1;27,1;89;79;84;;;;
2024/06/26;2000 UTC;0;990;990;989,7;13;29,1;29,1;30,7;29,1;29,7;27,3;100;82;100;;;;
2024/06/26;2100 UTC;0;990,3;990,3;990;16,4;25,9;;29,1;25,9;;;;;;;;;
2024/06/26;2200 UTC;0;990,7;990,7;990,3;;24,7;;25,8;24,6;;;;;;;;;
2024/06/26;2300 UTC;0;991,4;991,4;990,7;;23,7;;24,7;23,7;;;;;;;;;
2024/06/27;0000 UTC;0;992;992;991,4;;24;;24,3;23,7;;;;;;;;;
2024/06/27;0100 UTC;0;992,3;992,3;992;;24;;24,3;24;;;;;;;;;
2024/06/27;0200 UTC;0;992,5;992,5;992,3;;23,6;;24,2;23,6;;;;;;;;;
2024/06/27;0300 UTC;0;992,4;992,5;992,4;;23,6;;23,8;23,6;;;;;;;;;
2024/06/27;0400 UTC;0;992;992,4;992;;23,5;;23,7;23,4;;;;;;;;;
2024/06/27;0500 UTC;0;991,5;992;991,5;;22,7;;23,5;22,7;;;;;;;;;
2024/06/27;0600 UTC;0;991;991,5;991;;22,1;;22,8;22,1;;;;;;;;;
2024/06/27;0700 UTC;0;991;991,1;991;56,7;21,9;;22,2;21,5;;;;;;;;;
2024/06/27;0800 UTC;0;991,3;991,3;991;;21,4;;22;21,4;;;;;;;;;
2024/06/27;0900 UTC;0;991,9;991,9;991,3;;21,4;;21,6;21,2;;;;;;;;;
2024/06/27;1000 UTC;0;992,4;992,4;991,9;;23,5;;23,5;21,4;;;;;;;;;
2024/06/27;1100 UTC;0;993,3;993,3;992,4;;24,5;;24,6;23,4;;;;;;;;;
2024/06/27;1200 UTC;0;993,6;993,6;993,3;;25,7;;25,9;24,6;;;;;;;;;
2024/06/27;1300 UTC;0;993,4;993,6;993,3;;27,1;;27,5;25,8;;;;;;;;;
2024/06/27;1400 UTC;0;992,7;993,4;992,7;;29;;29;26,9;;;;;;;;;
2024/06/27;1500 UTC;0;991,9;992,7;991,8;;29,7;;30,6;28,2;;;;;;;;;
2024/06/27;1600 UTC;0;990,9;991,9;990,9;15,2;29,9;29,9;31,3;29,7;31,2;29,6;100;94;100;;;;
2024/06/27;1700 UTC;0;990,1;990,9;990,1;24,1;31,5;28,6;31,9;29,7;31,3;27,2;100;81;85;;;;
2024/06/27;1800 UTC;0;989,5;990,1;989,5;22,9;30,7;28,8;31,7;30,6;30,3;27,4;93;80;90;;;;
2024/06/27;1900 UTC;0;989,4;989,5;989,4;48,4;30,5;29,1;31,2;30,1;29,7;27,8;97;84;92;;;;
2024/06/27;2000 UTC;0;989,4;989,4;989,4;25,9;28,9;28,9;30,5;28,9;30,1;27,6;100;86;100;;;;
2024/06/27;2100 UTC;0;989,5;989,5;989,4;,3;26,3;;28,9;26,3;;;;;;;;;
2024/06/27;2200 UTC;0;990,1;990,1;989,5;;24,6;;26,3;24,6;;;;;;;;;
2024/06/27;2300 UTC;0;990,5;990,5;990,1;;23,6;;24,6;23,6;;;;;;;;;
2024/06/28;0000 UTC;0;991,3;991,3;990,5;;23,8;;23,8;23,1;;;;;;;;;
2024/06/28;0100 UTC;0;991,3;991,4;991,3;;23,8;;24,1;23,8;;;;;;;;;
2024/06/28;0200 UTC;0;991,3;991,4;991,3;;23,5;;23,8;23,5;;;;;;;;;
2024/06/28;0300 UTC;0;991,2;991,3;991,1;;23,3;;23,6;23,1;;;;;;;;;
2024/06/28;0400 UTC;0;990,7;991,1;990,7;;22,7;;23,3;22,7;;;;;;;;;
2024/06/28;0500 UTC;0;990,3;990,7;990,3;;22,6;;22,8;22,4;;;;;;;;;
2024/06/28;0600 UTC;0;990,4;990,4;990,3;;23,2;;23,2;22,6;;;;;;;;;
2024/06/28;0700 UTC;0;990,4;990,4;990,3;;23;;23,5;23;;;;;;;;;
2024/06/28;0800 UTC;0;990,6;990,6;990,4;;22,9;;23;22,8;;;;;;;;;
2024/06/28;0900 UTC;0;990,9;990,9;990,6;;22,9;;23,1;22,8;;;;;;;;;
2024/06/28;1000 UTC;0;991,7;991,7;990,9;;24,6;;24,6;22,7;;;;;;;;;
2024/06/28;1100 UTC;0;992,1;992,1;991,7;;25,5;;25,5;24,2;;;;;;;;;
2024/06/28;1200 UTC;0;992,4;992,4;992,1;;27,6;;27,6;25,5;;;;;;;;;
2024/06/28;1300 UTC;0;992,1;992,4;992,1;;28,7;;28,8;26,8;;;;;;;;;
2024/06/28;1400 UTC;0;991,6;992,2;991,6;4,9;28;;29,4;28;;;;;;;;;
2024/06/28;1500 UTC;0;990,7;991,6;990,7;25,5;30;29,6;30,9;27,9;30,9;29,2;100;98;98;;;;
2024/06/28;1600 UTC;0;990;990,7;990;33,8;31,4;28,8;31,4;29,9;30,7;28,8;100;86;86;;;;
2024/06/28;1700 UTC;0;989,2;990;989,2;2,4;31,5;27,6;31,5;30,1;29,9;27,3;93;78;80;;;;
2024/06/28;1800 UTC;0;989;989,2;988,9;2,2;31,2;26,3;31,8;31,2;27,8;25,3;83;69;75;;;;
2024/06/28;1900 UTC;0;989,1;989,1;989;22,1;30,5;26,8;31,6;30,5;27,2;25,4;82;72;81;;;;
2024/06/28;2000 UTC;0;989,4;989,4;989,1;33,6;29,2;29,2;30,7;29,2;29,7;26,4;100;78;100;;;;
2024/06/28;2100 UTC;0;990,1;990,1;989,4;1,1;26,4;;29,2;26,4;;;;;;;;;
2024/06/28;2200 UTC;0;990,8;990,8;990,1;;25,2;;26,5;25,2;;;;;;;;;
2024/06/28;2300 UTC;0;991,7;991,7;990,8;;24,4;;25,4;24,4;;;;;;;;;
2024/06/29;0000 UTC;0;992,3;992,3;991,7;;24;;24,4;23,7;;;;;;;;;
2024/06/29;0100 UTC;0;992,5;992,5;992,3;;23,6;;24;23,6;;;;;;;;;
2024/06/29;0200 UTC;0;992,5;992,6;992,5;;23,9;;24;23,2;;;;;;;;;
2024/06/29;0300 UTC;0;992;992,5;992;;23,9;;24,1;23,8;;;;;;;;;
2024/06/29;0400 UTC;0;991,6;992;991,6;;23,1;;23,9;23,1;;;;;;;;;
2024/06/29;0500 UTC;0;991,2;991,6;991,2;;22,6;;23,1;22,5;;;;;;;;;
2024/06/29;0600 UTC;0;991,2;991,3;991,2;;22,9;;23;22,6;;;;;;;;;
2024/06/29;0700 UTC;0;991,5;991,5;991,2;;22,7;;22,9;22,3;;;;;;;;;
2024/06/29;0800 UTC;0;991,9;991,9;991,5;;22,6;;22,8;22,6;;;;;;;;;
2024/06/29;0900 UTC;0;992,3;992,3;991,9;;22,3;;22,7;22,1;;;;;;;;;
2024/06/29;1000 UTC;0;992,9;992,9;992,3;;23,7;;23,7;22,2;;;;;;;;;
2024/06/29;1100 UTC;0;993,5;993,5;992,9;;25,3;;25,3;23,7;;;;;;;;;
2024/06/29;1200 UTC;0;993,7;993,7;993,5;2;26,7;;27,4;25,2;;;;;;;;;
2024/06/29;1300 UTC;0;993,6;993,8;993,6;2,5;28,5;28,5;28,7;26,6;;;;;100;;;;
2024/06/29;1400 UTC;0;992,9;993,6;992,9;22,9;29,7;29,4;30,1;28,5;29,6;27,8;100;92;98;;;;
2024/06/29;1500 UTC;0;992,1;992,9;992,1;40,6;30,5;28,1;30,9;29,1;30,5;27,4;100;84;87;;;;
2024/06/29;1600 UTC;0;991,2;992;991,2;3,1;30,3;25,9;31,6;30,1;28,3;25,4;89;72;77;;;;
2024/06/29;1700 UTC;0;990,2;991,2;990,2;3;31,9;25,3;32,3;30;27;24,8;81;67;68;;;;
2024/06/29;1800 UTC;0;989,6;990,2;989,6;2,9;32,2;24,6;32,2;31,2;25,9;23,8;72;63;64;;;;
2024/06/29;1900 UTC;0;989,6;989,6;989,5;2,7;31;24,1;32,2;31;25,2;23,6;69;62;67;;;;
2024/06/29;2000 UTC;0;989,9;989,9;989,6;9,1;29,2;29;31;29,2;29;23,9;99;66;99;;;;
2024/06/29;2100 UTC;0;990,3;990,3;989,9;1,5;25,6;;29,2;25,6;;;;;;;;;
2024/06/29;2200 UTC;0;990,8;990,8;990,3;;24,6;;25,6;24,6;;;;;;;;;
2024/06/29;2300 UTC;0;991,7;991,7;990,8;;25;;25;23;;;;;;;;;
2024/06/30;0000 UTC;0;992,1;992,1;991,7;;23,3;;25;23,3;;;;;;;;;
2024/06/30;0100 UTC;0;992,5;992,5;992,1;;23,3;;23,5;22,6;;;;;;;;;
2024/06/30;0200 UTC;0;992,6;992,7;992,5;;22,5;;23,3;22,3;;;;;;;;;
2024/06/30;0300 UTC;0;992,2;992,6;992,2;;22,4;;22,9;22,4;;;;;;;;;
2024/06/30;0400 UTC;0;991,9;992,2;991,9;;21,9;;22,4;21,7;;;;;;;;;
2024/06/30;0500 UTC;0;991,6;991,9;991,6;;22,5;;23;21,9;;;;;;;;;
2024/06/30;0600 UTC;0;991,2;991,6;991,2;;21,9;;22,6;21,5;;;;;;;;;
2024/06/30;0700 UTC;0;991,5;991,5;991,1;;22,3;;22,5;21,9;;;;;;;;;
2024/06/30;0800 UTC;0;992,1;992,1;991,5;;21,5;;22,3;21,5;;;;;;;;;
2024/06/30;0900 UTC;0;992,5;992,5;992,1;;21,3;;21,9;21,3;;;;;;;;;
2024/06/30;1000 UTC;0;992,9;992,9;992,5;;23,8;;23,9;21,3;;;;;;;;;
2024/06/30;1100 UTC;0;993,4;993,4;992,9;;24,5;;24,5;23,8;;;;;;;;;
2024/06/30;1200 UTC;0;993,5;993,6;993,4;;25,5;;26;24,5;;;;;;;;;
2024/06/30;1300 UTC;0;993,2;993,6;993,2;;27,6;27,6;27,9;25,5;;;;;100;;;;
2024/06/30;1400 UTC;0;992,6;993,2;992,6;10,8;29;29;29,3;27,2;;;100;96;100;;;;
2024/06/30;1500 UTC;0;991,8;992,6;991,8;42,1;29,3;28,2;30,4;28,1;29,8;27;100;84;94;;;;
2024/06/30;1600 UTC;0;990,6;991,8;990,6;33,1;30,7;26;31,3;28,8;28,2;24,6;96;71;76;;;;
2024/06/30;1700 UTC;0;989,6;990,6;989,6;3;31,4;25,5;31,9;29,9;26,9;25;80;69;71;;;;
2024/06/30;1800 UTC;0;989,2;989,6;989,2;2,3;31,1;25,5;31,6;31;27,1;24,2;78;66;72;;;;
2024/06/30;1900 UTC;0;989,2;989,2;989,1;21,7;30,9;24,2;31,7;30,8;25,6;24,1;73;65;67;;;;
2024/06/30;2000 UTC;0;989,5;989,5;989,2;30,8;28,8;28,8;31;28,8;29,3;24,1;100;67;100;;;;
2024/06/30;2100 UTC;0;990,1;990,1;989,5;;26,7;26,7;28,8;26,7;28,8;26,7;100;99;100;;;;
2024/06/30;2200 UTC;0;990,6;990,6;990,1;;25,4;;26,8;25,4;;;;;;;;;
2024/06/30;2300 UTC;0;991,6;991,6;990,6;;24,4;;25,4;24,4;;;;;;;;;
2024/07/01;0000 UTC;0;992,3;992,3;991,6;;23,5;;24,4;23,4;;;;;;;;;
2024/07/01;0100 UTC;0;992,7;992,7;992,3;;23,4;;23,5;23,2;;;;;;;;;
2024/07/01;0200 UTC;0;993;993;992,7;;23,5;;23,5;23,3;;;;;;;;;
2024/07/01;0300 UTC;0;992,9;993;992,8;;23,7;;23,8;23,5;;;;;;;;;
2024/07/01;0400 UTC;0;992,4;992,9;992,4;;23,1;;23,8;23;;;;;;;;;
2024/07/01;0500 UTC;0;992;992,4;992;;23;;23,1;22,8;;;;;;;;;
2024/07/01;0600 UTC;0;991,6;992;991,6;;22,6;;23;22,6;;;;;;;;;
2024/07/01;0700 UTC;0;992;992;991,6;;21,9;;22,7;21,9;;;;;;;;;
2024/07/01;0800 UTC;0;992,5;992,5;992;;21,6;;22;21,4;;;;;;;;;
2024/07/01;0900 UTC;0;992,7;992,7;992,5;;21;;21,6;20,8;;;;;;;;;
2024/07/01;1000 UTC;0;993,5;993,5;992,7;;23,7;;23,7;21;;;;;;;;;
2024/07/01;1100 UTC;0;993,9;993,9;993,5;;25,3;;25,4;23,7;;;;;;;;;
2024/07/01;1200 UTC;0;994,1;994,2;993,9;;27,3;;27,4;25,3;;;;;;;;;
2024/07/01;1300 UTC;0;994;994,2;994;1,2;27,9;27,9;28,6;26,8;28,6;27,2;100;97;100;;;;
2024/07/01;1400 UTC;0;993,4;994,1;993,4;17,1;29,9;29,1;29,9;27,3;29,4;27,4;100;91;96;;;;
2024/07/01;1500 UTC;0;992,2;993,4;992,2;44,2;30,9;26,5;31,1;29,7;29,6;26,2;96;77;78;;;;
2024/07/01;1600 UTC;0;991,2;992,2;991,2;30,4;31,5;24;32;29,7;27,4;24;86;65;65;;;;
2024/07/01;1700 UTC;0;990,6;991,2;990,6;2,7;32,2;22,7;32,5;30,6;25;21,9;71;55;57;;;;
2024/07/01;1800 UTC;0;990,4;990,6;990,4;2,7;31,8;22;32,4;31;23;21,1;59;52;56;;;;
2024/07/01;1900 UTC;0;990,6;990,6;990,4;19,9;31;21,6;32;30,5;22,8;20,9;60;53;58;;;;
2024/07/01;2000 UTC;0;991;991;990,5;38,5;29,6;22,5;31,2;29,6;22,5;21,1;66;55;66;;;;
2024/07/01;2100 UTC;0;991,7;991,7;991;8,6;25,5;;29,6;25,5;27,3;22,5;100;66;;;;;
2024/07/01;2200 UTC;0;992;992;991,7;;23,7;;25,5;23,7;;;;;;;;;
2024/07/01;2300 UTC;0;993;993;992;;24,8;;24,9;23,5;;;;;;;;;
2024/07/02;0000 UTC;0;993,4;993,4;993;;24,6;;24,9;24,6;;;;;;;;;
2024/07/02;0100 UTC;0;993,8;993,8;993,4;;24,3;;24,7;24,3;;;;;;;;;
2024/07/02;0200 UTC;0;993,9;993,9;993,8;;24,1;;24,3;24,1;;;;;;;;;
2024/07/02;0300 UTC;0;993,7;993,9;993,7;;24,1;;24,2;23,9;;;;;;;;;
2024/07/02;0400 UTC;0;993,3;993,7;993,3;;23,4;;24,2;23,4;;;;;;;;;
2024/07/02;0500 UTC;0;992,7;993,3;992,7;;22,9;;23,4;22,8;;;;;;;;;
2024/07/02;0600 UTC;0;992,6;992,7;992,5;;23,6;;23,6;22,8;;;;;;;;;
2024/07/02;0700 UTC;0;993;993;992,6;;23,7;;23,8;23,6;;;;;;;;;
2024/07/02;0800 UTC;0;993,2;993,2;992,9;;23;;23,7;23;;;;;;;;;
2024/07/02;0900 UTC;0;993,7;993,7;993,2;;22,2;;23,1;22,1;;;;;;;;;
2024/07/02;1000 UTC;0;994;994;993,7;;24,9;;24,9;22;;;;;;;;;
2024/07/02;1100 UTC;0;994,6;994,6;994;;25,9;;25,9;24,8;;;;;;;;;
2024/07/02;1200 UTC;0;994,7;994,8;994,6;;26,9;;27,3;25,5;;;;;;;;;
2024/07/02;1300 UTC;0;994,5;994,8;994,5;4,5;28;28;29;26,9;29;26,6;100;96;100;;;;
2024/07/02;1400 UTC;0;993,8;994,5;993,8;30,6;29,3;28,2;30,7;28;30,3;27,9;100;87;94;;;;
2024/07/02;1500 UTC;0;992,7;993,8;992,7;46,5;30,2;26,7;30,6;28,8;28,9;26,5;98;79;82;;;;
2024/07/02;1600 UTC;0;991,3;992,7;991,3;23,5;32,1;25,4;32,5;29,7;26,8;24,7;82;64;68;;;;
2024/07/02;1700 UTC;0;990,4;991,3;990,4;2,6;30,8;23,7;32,5;30,8;25,4;23,2;68;59;66;;;;
2024/07/02;1800 UTC;0;989,8;990,4;989,8;2,5;31,5;23,5;32,2;30,8;25;23,2;66;60;63;;;;
2024/07/02;1900 UTC;0;989,8;989,8;989,6;22,4;30,9;23,4;31,7;30,8;24,1;23;66;61;64;;;;
2024/07/02;2000 UTC;0;990,1;990,1;989,7;39,3;30,1;23,2;31;30,1;23,9;23,1;68;63;67;;;;
2024/07/02;2100 UTC;0;990,6;990,6;990,1;9,7;27,9;25;30,1;27,8;25,2;23,2;85;67;84;;;;
2024/07/02;2200 UTC;0;991,1;991,1;990,6;;26,3;26,4;28;26,2;27,1;25;100;84;100;;;;
2024/07/02;2300 UTC;0;992,1;992,1;991,1;;25,2;;26,4;25,2;;;;;;;;;
2024/07/03;0000 UTC;0;992,9;992,9;992,1;;24,6;;25,2;24,4;;;;;;;;;
2024/07/03;0100 UTC;0;993,1;993,1;992,8;;24,3;;24,8;24,3;;;;;;;;;
2024/07/03;0200 UTC;0;993,1;993,2;993;;24,2;;24,4;24,1;;;;;;;;;
2024/07/03;0300 UTC;0;992,8;993,2;992,7;;23,6;;24,2;23,6;;;;;;;;;
2024/07/03;0400 UTC;0;992,2;992,8;992,2;;23,7;;23,7;23,6;;;;;;;;;
2024/07/03;0500 UTC;0;991,6;992,2;991,6;;23,5;;23,7;23,5;;;;;;;;;
2024/07/03;0600 UTC;0;991,3;991,6;991,3;;23,2;;23,6;23,1;;;;;;;;;
2024/07/03;0700 UTC;0;991,5;991,5;991,3;;22,8;;23,3;22,8;;;;;;;;;
2024/07/03;0800 UTC;0;991,8;991,8;991,5;;22,4;;22,8;22,4;;;;;;;;;
2024/07/03;0900 UTC;0;992,2;992,2;991,8;;22,7;;22,7;22,2;;;;;;;;;
2024/07/03;1000 UTC;0;992,7;992,7;992,2;;23,6;;23,6;22,7;;;;;;;;;
2024/07/03;1100 UTC;0;993,1;993,2;992,7;;25,8;;26,2;23,6;;;;;;;;;
2024/07/03;1200 UTC;0;993,2;993,3;993,1;;26,2;;26,6;25,7;;;;;;;;;
2024/07/03;1300 UTC;0;992,9;993,2;992,9;;26,9;;27,7;26,1;;;;;;;;;
2024/07/03;1400 UTC;0;992,1;992,9;992,1;;27,6;;27,9;26,9;;;;;;;;;
2024/07/03;1500 UTC;0;991,2;992,1;991,2;11,7;30,1;30,1;31,1;27,6;31,1;27,6;100;97;100;;;;
2024/07/03;1600 UTC;0;990,1;991,2;990,1;34,9;29,7;28;30,5;28,4;30,5;27,8;100;90;91;;;;
2024/07/03;1700 UTC;0;989;990,1;989;39,7;30;26,5;31,3;29,6;28,4;26,2;93;78;82;;;;
2024/07/03;1800 UTC;0;988,6;989;988,6;40,2;29,9;26,7;30,6;29,7;28,4;26,5;91;81;83;;;;
2024/07/03;1900 UTC;0;988,7;988,7;988,6;22,2;29;28,9;29,9;29;28,9;26,7;99;83;99;;;;
2024/07/03;2000 UTC;0;989,2;989,2;988,7;4,3;28,6;28,7;29;28,6;28,9;28,4;100;97;100;;;;
2024/07/03;2100 UTC;0;989,7;989,7;989,2;;27,2;;28,6;27,2;28,6;27,9;100;100;;;;;
2024/07/03;2200 UTC;0;990,3;990,3;989,7;;26,9;26,9;27,3;26,8;27,3;26,6;100;96;100;;;;
2024/07/03;2300 UTC;0;990,9;990,9;990,3;;26,3;;26,9;26,3;;;;;;;;;
2024/07/04;0000 UTC;0;991,5;991,5;990,9;;25,2;;26,3;25,2;;;;;;;;;
2024/07/04;0100 UTC;0;991,5;991,6;991,4;;24,3;;25,4;24,3;;;;;;;;;
2024/07/04;0200 UTC;0;991,5;991,6;991,4;;23,5;;24,4;23,4;;;;;;;;;
2024/07/04;0300 UTC;0;991,1;991,5;991,1;;22,8;;23,6;22,8;;;;;;;;;
2024/07/04;0400 UTC;0;990,4;991,1;990,4;;22,4;;22,9;22,4;;;;;;;;;
2024/07/04;0500 UTC;0;990,1;990,4;990,1;;22,6;;22,6;22,2;;;;;;;;;
2024/07/04;0600 UTC;0;989,7;990,1;989,7;;23,6;;23,6;22,5;;;;;;;;;
2024/07/04;0700 UTC;0;989,7;989,7;989,6;;23,3;;23,6;23,3;;;;;;;;;
2024/07/04;0800 UTC;0;990;990;989,7;;23,3;;23,3;23,2;;;;;;;;;
2024/07/04;0900 UTC;0;990,6;990,6;990;;23;;23,3;22,9;;;;;;;;;
2024/07/04;1000 UTC;0;991,3;991,3;990,6;;23,8;;23,8;23;;;;;;;;;
2024/07/04;1100 UTC;0;991,8;991,8;991,3;;25,8;;26;23,8;;;;;;;;;
2024/07/04;1200 UTC;0;992,2;992,2;991,8;1;27,4;27,4;27,5;25,6;;;;;100;;;;
2024/07/04;1300 UTC;0;991,9;992,2;991,9;11,2;28,1;27,5;29;27,2;29;27,2;100;97;97;;;;
2024/07/04;1400 UTC;0;991,4;991,9;991,4;30,4;29,3;26,1;30,2;27,9;28,5;25,3;100;78;83;;;;
2024/07/04;1500 UTC;0;990,7;991,4;990,7;40,8;29,2;24,1;30,8;29,1;26,8;24;85;70;74;;;;
2024/07/04;1600 UTC;0;989,6;990,7;989,6;45,4;29,9;23,7;31,2;29,2;25,3;22,9;76;64;70;;;;
2024/07/04;1700 UTC;0;988,7;989,6;988,7;36,4;31,7;24,7;31,7;29,7;24,7;23,2;73;62;66;;;;
2024/07/04;1800 UTC;0;988,2;988,7;988,2;17,9;30,4;21,8;32,2;30,3;24,4;21,5;66;57;60;;;;
2024/07/04;1900 UTC;0;988,2;988,2;988,1;45,8;30,9;21,8;31,9;30,4;22,3;20,5;60;53;59;;;;
2024/07/04;2000 UTC;0;988,5;988,5;988,1;26,1;29,6;22,1;31,3;29,6;22,4;20,6;65;53;64;;;;
2024/07/04;2100 UTC;0;989;989;988,5;7,6;27,4;22,8;29,6;27,4;22,8;21,9;76;63;76;;;;
2024/07/04;2200 UTC;0;989,8;989,8;989;;26,7;23,5;27,5;26,7;23,5;22,5;83;75;83;;;;
2024/07/04;2300 UTC;0;990,8;990,8;989,8;;25,5;;26,7;25,5;26,1;22,8;100;80;;;;;
2024/07/05;0000 UTC;0;991,8;991,8;990,8;;24,5;;25,6;24,5;;;;;;;;;
2024/07/05;0100 UTC;0;992,3;992,4;991,8;;24,5;;24,7;24,2;;;;;;;;;
2024/07/05;0200 UTC;0;992;992,5;992;;23,5;;24,5;23,5;;;;;;;;;
2024/07/05;0300 UTC;0;992,4;992,6;992;;23,8;;23,8;23,2;;;;;;;;;
2024/07/05;0400 UTC;0;992;992,4;992;;23,3;;23,8;23,2;;;;;;;;;
2024/07/05;0500 UTC;0;991,4;992;991,4;;23;;23,4;23;;;;;;;;;
2024/07/05;0600 UTC;0;991,2;991,4;991,1;;23,1;;23,2;23;;;;;;;;;
2024/07/05;0700 UTC;0;991,6;991,6;991,2;;21,3;;23,1;21,3;;;;;;;;;
2024/07/05;0800 UTC;0;992;992;991,6;;20,1;;21,3;20,1;;;;;;;;;
2024/07/05;0900 UTC;0;992,4;992,4;992;;19,3;;20,1;19,3;;;;;;;;;
2024/07/05;1000 UTC;0;993,2;993,2;992,4;;23,2;;23,2;19,3;;;;;;;;;
2024/07/05;1100 UTC;0;993,3;993,3;993,1;;27,1;27,2;27,1;23,2;;;;;100;;;;
2024/07/05;1200 UTC;0;994;994,1;993,4;6,6;27,9;26;28,1;26,9;27,8;26;100;89;90;;;;
2024/07/05;1300 UTC;0;993,9;994,1;993,9;24,7;29,1;26,2;29,3;27,6;27,8;26,2;98;84;84;;;;
2024/07/05;1400 UTC;0;993,5;993,9;993,4;38,6;29,9;26,7;29,9;28,4;27,3;25;90;78;83;;;;
2024/07/05;1500 UTC;0;992,8;993,5;992,8;49,1;30,6;23,9;30,7;29,5;26,1;23,9;82;68;68;;;;
2024/07/05;1600 UTC;0;992;992,8;992;36,5;31,2;23,5;31,6;29,8;25,6;23,5;76;63;63;;;;
2024/07/05;1700 UTC;0;991,2;992;991,2;19,3;30,1;23,9;31,5;29,7;25,3;23,1;74;63;70;;;;
2024/07/05;1800 UTC;0;991,2;991,3;991,1;38,5;29,3;25,5;30,1;29,2;25,5;24;80;70;80;;;;
2024/07/05;1900 UTC;0;991,5;991,5;991,2;24;28,5;26,8;29,3;28,5;26,8;25,1;90;78;90;;;;
2024/07/05;2000 UTC;0;992,2;992,2;991,5;5,1;26,9;26,9;28,6;26,9;27,5;26,3;100;89;100;;;;
2024/07/05;2100 UTC;0;992,2;992,2;992,1;;26,1;;26,9;26;;;;;;;;;
2024/07/05;2200 UTC;0;992,6;992,6;992,2;;25,8;;26,1;25,7;;;;;;;;;
2024/07/05;2300 UTC;0;993,3;993,3;992,6;;24,8;;25,8;24,8;;;;;;;;;
2024/07/06;0000 UTC;0;993,9;993,9;993,3;;25;;25,1;24,8;;;;;;;;;
2024/07/06;0100 UTC;0;994,1;994,1;993,9;;24,5;;25;24,5;;;;;;;;;
2024/07/06;0200 UTC;0;994,1;994,1;994;;23,8;;24,7;23,8;;;;;;;;;
2024/07/06;0300 UTC;0;994,1;994,2;994,1;;23,9;;24,4;23,8;;;;;;;;;
2024/07/06;0400 UTC;0;993,8;994,1;993,8;;23,5;;23,9;23,4;;;;;;;;;
2024/07/06;0500 UTC;0;993,4;993,8;993,4;;23,4;;23,9;23,3;;;;;;;;;
2024/07/06;0600 UTC;0;993,2;993,4;993,1;;21,9;;23,4;21,8;;;;;;;;;
2024/07/06;0700 UTC;0;993,1;993,2;993,1;;21,4;;21,9;21,3;;;;;;;;;
2024/07/06;0800 UTC;0;993,7;993,7;993,1;;22;;22;21,4;;;;;;;;;
2024/07/06;0900 UTC;0;994,1;994,1;993,7;;22,4;;22,6;22;;;;;;;;;
2024/07/06;1000 UTC;0;994,5;994,5;994,1;;24,1;;24,1;22,4;;;;;;;;;
2024/07/06;1100 UTC;0;995;995;994,5;;25,8;;25,9;24,1;;;;;;;;;
2024/07/06;1200 UTC;0;995,3;995,3;995;;27,5;;27,7;25,7;;;;;;;;;
2024/07/06;1300 UTC;0;995,1;995,4;995,1;5,2;29,6;29,6;29,6;27,5;29,6;27,7;100;98;100;;;;
2024/07/06;1400 UTC;0;994,4;995,1;994,4;28,3;29,7;27,5;30,4;28,5;29,9;27,3;100;86;88;;;;
2024/07/06;1500 UTC;0;993,6;994,5;993,6;44,5;30,8;25,6;31,4;29,6;28,4;25,1;92;71;74;;;;
2024/07/06;1600 UTC;0;992,7;993,6;992,7;37,3;31,6;25,1;31,9;30,7;26,8;24,3;78;65;69;;;;
2024/07/06;1700 UTC;0;991,6;992,7;991,6;3,8;32;25;32,9;31,2;25,8;24;70;62;66;;;;
2024/07/06;1800 UTC;0;990,9;991,6;990,9;24,4;31,9;24,7;32,3;30,8;26;24,3;72;65;66;;;;
2024/07/06;1900 UTC;0;990,7;990,9;990,7;50,7;31,7;24,7;32,6;31,6;25,8;24,1;69;64;66;;;;
2024/07/06;2000 UTC;0;990,9;990,9;990,6;35,2;29,6;26,4;31,7;29,6;26,4;24,6;83;66;83;;;;
2024/07/06;2100 UTC;0;991,2;991,2;990,9;8;27,6;27,6;29,6;27,6;27,9;26,3;100;82;100;;;;
2024/07/06;2200 UTC;0;991,6;991,6;991,2;;26,3;;27,6;26,3;27,7;26,3;100;99;;;;;
2024/07/06;2300 UTC;0;992,5;992,5;991,6;;25,6;;26,6;25,5;;;;;;;;;
2024/07/07;0000 UTC;0;992,8;992,8;992,5;;25,1;;25,6;25,1;;;;;;;;;
2024/07/07;0100 UTC;0;993,7;993,7;992,8;;24,8;;25,1;24,8;;;;;;;;;
2024/07/07;0200 UTC;0;994,1;994,1;993,6;;25,1;;25,3;24,7;;;;;;;;;
2024/07/07;0300 UTC;,2;993,8;994,1;993,6;2,5;23,9;;25,1;23,9;;;;;;;;;
2024/07/07;0400 UTC;0;993,1;993,9;993,1;33,8;23,7;;23,9;23,7;;;;;;;;;
2024/07/07;0500 UTC;1;992,7;993,2;992,7;1283,5;23,3;;23,8;23,3;;;;;;;;;
2024/07/07;0600 UTC;0;992,2;992,7;992,2;930,2;22,9;;23,4;22,9;;;;;;;;;
2024/07/07;0700 UTC;0;992,3;992,3;992,1;120;22,9;;23;22,7;;;;;;;;;
2024/07/07;0800 UTC;0;992,4;992,4;992,3;4239,3;23,1;;23,1;22,9;;;;;;;;;
2024/07/07;0900 UTC;0;992,7;992,7;992,4;1963,9;23,5;;23,5;23,1;;;;;;;;;
2024/07/07;1000 UTC;0;993,1;993,1;992,7;8,7;24,2;;24,2;23,4;;;;;;;;;
2024/07/07;1100 UTC;0;993,6;993,6;993,1;;25,1;;25,1;24,2;;;;;;;;;
2024/07/07;1200 UTC;0;993,8;993,9;993,6;687,1;25,5;;25,7;25;;;;;;;;;
2024/07/07;1300 UTC;0;993,6;993,9;993,6;801,5;27,4;;27,5;25,4;;;;;;;;;
2024/07/07;1400 UTC;,6;993,4;993,7;993,4;2720,4;26,9;;28;25,1;;;;;;;;;
2024/07/07;1500 UTC;0;992,6;993,4;992,6;1806;27,5;;28,8;26,9;;;;;;;;;
2024/07/07;1600 UTC;0;991,5;992,6;991,5;1929,2;30,6;30,6;30,6;27,4;30,6;28,5;100;96;100;;;;
2024/07/07;1700 UTC;0;990,6;991,5;990,5;240,4;31,5;29,7;31,8;30,3;31,3;29,2;100;87;91;;;;
2024/07/07;1800 UTC;0;990,1;990,6;990;;31,4;28,9;31,6;30,2;30,6;28,1;99;84;87;;;;
2024/07/07;1900 UTC;0;989,9;990,1;989,8;;30,6;27,9;31,7;29,6;29,1;27,2;93;79;85;;;;
2024/07/07;2000 UTC;0;990;990;989,8;;28,9;28,8;31,2;28,9;29;27;100;80;99;;;;
2024/07/07;2100 UTC;0;990,4;990,4;990;;26,6;;28,9;26,6;28,9;27,3;100;99;;;;;
2024/07/07;2200 UTC;0;991,1;991,1;990,4;;25,2;;26,6;25,2;;;;;;;;;
2024/07/07;2300 UTC;0;991,7;991,7;991,1;;24,5;;25,2;24,5;;;;;;;;;
2024/07/08;0000 UTC;0;992,5;992,5;991,7;26,1;24,2;;24,5;24,2;;;;;;;;;
2024/07/08;0100 UTC;0;993;993,1;992,5;;24,7;;24,7;24,2;;;;;;;;;
2024/07/08;0200 UTC;0;993,3;993,3;992,9;;24,2;;24,7;24,1;;;;;;;;;
2024/07/08;0300 UTC;0;993,3;993,5;993,2;;24,4;;24,5;24,1;;;;;;;;;
2024/07/08;0400 UTC;,2;992,6;993,3;992,6;535,4;23,5;;24,4;23,5;;;;;;;;;
2024/07/08;0500 UTC;,8;992,1;992,6;992,1;606,4;23,5;;23,8;23,4;;;;;;;;;
2024/07/08;0600 UTC;0;992;992,2;992;2001,4;23,6;;23,6;23,5;;;;;;;;;
2024/07/08;0700 UTC;0;992,1;992,1;991,9;;23,2;;23,8;23,2;;;;;;;;;
2024/07/08;0800 UTC;0;992,4;992,4;992,1;;23,2;;23,3;22,9;;;;;;;;;
2024/07/08;0900 UTC;0;992,5;992,5;992,3;;23,3;;23,6;23,2;;;;;;;;;
2024/07/08;1000 UTC;0;993,2;993,2;992,5;;24,7;;24,8;23,1;;;;;;;;;
2024/07/08;1100 UTC;0;993,5;993,5;993,2;;26,5;;26,6;24,7;;;;;;;;;
2024/07/08;1200 UTC;,2;993,6;993,6;993,5;;27,6;;27,6;25,7;;;;;;;;;
2024/07/08;1300 UTC;0;993,3;993,6;993,2;;28,3;28,3;28,3;25,9;;;;;100;;;;
2024/07/08;1400 UTC;0;992,7;993,3;992,6;;28,1;27,9;29,2;27,5;29,2;27,4;100;93;99;;;;
2024/07/08;1500 UTC;0;992;992,7;991,9;9,6;30,5;26,4;30,6;27,9;28,8;26;100;77;79;;;;
2024/07/08;1600 UTC;0;990,7;991,9;990,7;31,7;31;24,6;31,5;29,6;27,3;24,4;81;68;69;;;;
2024/07/08;1700 UTC;0;989,6;990,7;989,6;41,9;31,8;23,9;32,2;31;26,1;23,4;73;61;63;;;;
2024/07/08;1800 UTC;0;989,1;989,7;989,1;44,7;31,7;21,3;31,9;30,8;24,2;21,3;66;53;54;;;;
2024/07/08;1900 UTC;0;989,2;989,3;989,1;33;31,4;18,3;31,7;31,4;22,6;17,7;59;44;46;;;;
2024/07/08;2000 UTC;0;989,7;989,7;989,2;21,1;29,7;18,1;31,4;29,7;20,4;17,9;56;46;50;;;;
2024/07/08;2100 UTC;0;989,6;989,7;989,6;;26,8;18,8;29,7;26,6;20,8;18;69;50;62;;;;
2024/07/08;2200 UTC;0;990,2;990,2;989,6;10,8;25,3;21,6;27,2;25,3;21,6;18,2;80;58;80;;;;
2024/07/08;2300 UTC;0;990,9;990,9;990,2;86,9;22,7;;25,8;22,7;24,2;20,7;100;73;;;;;
2024/07/09;0000 UTC;0;991,8;991,8;990,9;74,9;22,7;;23,2;22,3;;;;;;;;;
2024/07/09;0100 UTC;0;992,2;992,2;991,8;;22,1;;22,7;21,9;;;;;;;;;
2024/07/09;0200 UTC;0;992,5;992,5;992,2;;21,6;;22,2;21,6;;;;;;;;;
2024/07/09;0300 UTC;0;992,5;992,7;992,5;181,3;20,9;;21,6;20,8;;;;;;;;;
2024/07/09;0400 UTC;0;992,1;992,5;992,1;;21,1;;21,1;20,7;;;;;;;;;
2024/07/09;0500 UTC;0;991,7;992,1;991,6;;20,9;;21,3;20,9;;;;;;;;;
2024/07/09;0600 UTC;0;991,6;991,7;991,5;;20;;20,9;19,9;;;;;;;;;
2024/07/09;0700 UTC;0;991,9;991,9;991,5;;19,6;;20;19,5;;;;;;;;;
2024/07/09;0800 UTC;0;992,3;992,3;991,9;65,5;19,6;;19,7;19,3;;;;;;;;;
2024/07/09;0900 UTC;0;992,7;992,7;992,3;;19,9;;20;19,4;;;;;;;;;
2024/07/09;1000 UTC;0;993,4;993,4;992,7;;23,6;;23,6;19,7;;;;;;;;;
2024/07/09;1100 UTC;0;994,1;994,1;993,4;;24,8;;25;23,4;;;;;;;;;
2024/07/09;1200 UTC;0;994,3;994,3;994,1;;27,4;27,2;27,4;24,8;;;;;99;;;;
2024/07/09;1300 UTC;0;993,8;994,3;993,8;;28,5;28,5;28,7;26,5;28,7;26,5;100;99;100;;;;
2024/07/09;1400 UTC;0;993;993,8;993;11,5;28;27,2;28,7;27,7;28,7;26,8;100;92;95;;;;
2024/07/09;1500 UTC;0;991,9;993;991,9;11,8;30,3;25,2;31,1;28;28,1;24,3;97;70;74;;;;
2024/07/09;1600 UTC;0;990,7;991,9;990,7;29,8;29,9;23,6;31,4;29,2;25,6;23,3;78;66;69;;;;
2024/07/09;1700 UTC;0;989,8;990,7;989,8;26,6;31,1;24,2;31,7;29,4;24,8;22,8;73;63;67;;;;
2024/07/09;1800 UTC;0;989,2;989,8;989,2;28,7;30,2;22,5;31,7;30,2;24,5;22,2;67;60;63;;;;
2024/07/09;1900 UTC;0;989;989,2;988,9;27,2;30,9;22,5;31,4;30,2;23,6;22,3;64;60;61;;;;
2024/07/09;2000 UTC;0;989,1;989,1;988,9;12,8;29,4;22,3;30,9;29,4;22,8;21,9;66;60;66;;;;
2024/07/09;2100 UTC;0;989,3;989,3;989,1;;26,9;25,4;29,4;26,9;25,4;22,3;92;66;92;;;;
2024/07/09;2200 UTC;0;989,9;989,9;989,3;;24,3;;26,9;24,3;;;;;;;;;
2024/07/09;2300 UTC;0;990,8;990,8;989,9;;24,5;;24,8;23,9;;;;;;;;;
2024/07/10;0000 UTC;0;991,6;991,6;990,8;;23,3;;24,5;23,3;;;;;;;;;
2024/07/10;0100 UTC;0;992;992;991,6;;22,7;;23,7;22,7;;;;;;;;;
2024/07/10;0200 UTC;0;992,1;992,2;992;;22,5;;22,7;22,2;;;;;;;;;
2024/07/10;0300 UTC;0;992;992,3;992;;22,8;;22,8;22,2;;;;;;;;;
2024/07/10;0400 UTC;0;991,9;992,1;991,9;;23,5;;23,5;22,7;;;;;;;;;
2024/07/10;0500 UTC;0;991,2;991,9;991,2;;23,7;;23,7;23,5;;;;;;;;;
2024/07/10;0600 UTC;0;990,8;991,3;990,8;;23,7;;23,9;23,6;;;;;;;;;
2024/07/10;0700 UTC;0;990,9;991;990,7;;23,6;;23,8;23,6;;;;;;;;;
2024/07/10;0800 UTC;0;991,3;991,3;990,9;;23,6;;23,7;23,5;;;;;;;;;
2024/07/10;0900 UTC;0;991,5;991,5;991,2;;23,5;;23,7;23,5;;;;;;;;;
2024/07/10;1000 UTC;0;992,3;992,3;991,5;;24,2;;24,2;23,5;;;;;;;;;
2024/07/10;1100 UTC;0;993;993;992,3;;25,1;;25,2;24,2;;;;;;;;;
2024/07/10;1200 UTC;0;993,2;993,3;993;;26,8;;27,3;25,1;;;;;;;;;
2024/07/10;1300 UTC;0;993;993,3;993;;27,9;;28;26,5;;;;;;;;;
2024/07/10;1400 UTC;0;992,5;993,1;992,5;,7;28,3;28,3;29,9;27,9;29,9;27,8;100;98;100;;;;
2024/07/10;1500 UTC;0;991,8;992,5;991,8;7,8;29,4;28,7;30,9;28,3;30,5;27,7;100;88;96;;;;
2024/07/10;1600 UTC;0;990,7;991,8;990,7;27,3;31,7;26,6;32,3;29,5;29,1;26;97;71;75;;;;
2024/07/10;1700 UTC;0;989,9;990,7;989,9;41,4;32;25,7;32,2;30,7;27,1;25,3;80;69;69;;;;
2024/07/10;1800 UTC;0;989,3;989,9;989,3;39,1;32,2;25,4;32,8;31,9;27,2;25;74;66;67;;;;
2024/07/10;1900 UTC;0;989,4;989,5;989,3;35,4;30,9;24,7;32,3;30,9;25,9;24,6;70;65;70;;;;
2024/07/10;2000 UTC;0;989,5;989,6;989,4;14,6;30,5;24,6;31,3;30,5;25,5;24,5;73;69;71;;;;
2024/07/10;2100 UTC;0;990,4;990,4;989,5;2,7;27,8;27,8;30,5;27,8;28,8;24,6;100;71;100;;;;
2024/07/10;2200 UTC;0;991,3;991,3;990,4;;26,7;;27,8;26,7;;;;;;;;;
2024/07/10;2300 UTC;0;992,3;992,3;991,3;;25,8;;26,7;25,8;;;;;;;;;
2024/07/11;0000 UTC;0;992,8;992,9;992,3;;25,4;;25,8;25,4;;;;;;;;;
2024/07/11;0100 UTC;0;993;993,1;992,8;;25;;25,4;25;;;;;;;;;
2024/07/11;0200 UTC;0;992,9;993;992,9;;24,8;;25;24,6;;;;;;;;;
2024/07/11;0300 UTC;0;992,8;993;992,8;;24,6;;24,8;24,4;;;;;;;;;
2024/07/11;0400 UTC;0;992,6;992,8;992,5;;25;;25;24,6;;;;;;;;;
2024/07/11;0500 UTC;0;991,9;992,6;991,9;;24,4;;25,1;24,4;;;;;;;;;
2024/07/11;0600 UTC;0;991,9;992;991,8;;23,4;;24,4;23,4;;;;;;;;;
2024/07/11;0700 UTC;0;992,6;992,6;991,9;;23,1;;23,6;23,1;;;;;;;;;
2024/07/11;0800 UTC;0;993;993;992,6;;22,9;;23,1;22,8;;;;;;;;;
2024/07/11;0900 UTC;0;993,4;993,4;993;;22,1;;23;22,1;;;;;;;;;
2024/07/11;1000 UTC;0;993,9;993,9;993,4;;24,2;;24,2;22,1;;;;;;;;;
2024/07/11;1100 UTC;0;994,6;994,6;993,9;;25,3;25,3;25,6;24;;;;;100;;;;
2024/07/11;1200 UTC;0;994,9;994,9;994,6;,7;27;25,5;27,1;25,3;26,8;25,4;100;92;92;;;;
2024/07/11;1300 UTC;0;994,7;994,9;994,6;5,4;28;25,1;28,5;26,7;26,5;24,9;96;82;85;;;;
2024/07/11;1400 UTC;0;993,9;994,7;993,9;16,6;29,9;24;29,9;27,7;25,5;23,6;86;71;71;;;;
2024/07/11;1500 UTC;0;992,9;993,9;992,9;27,9;30,5;21,5;31;29,2;23,9;21,3;72;58;59;;;;
2024/07/11;1600 UTC;0;991,9;993;991,9;36,4;31,5;20;31,8;30,4;22,2;19,8;60;50;51;;;;
2024/07/11;1700 UTC;0;991;992;991;42,1;32,1;19,6;32,6;31,5;20,9;19,4;52;46;48;;;;
2024/07/11;1800 UTC;0;990,7;991;990,6;29,5;31,9;18,8;32,4;31,8;19,9;18,5;49;45;46;;;;
2024/07/11;1900 UTC;0;990,8;990,8;990,6;7,1;31,3;18,5;32;31,3;19,5;18;48;44;47;;;;
2024/07/11;2000 UTC;0;991,3;991,3;990,8;11;29,8;20,3;31,3;29,8;20,3;18,8;57;47;57;;;;
2024/07/11;2100 UTC;0;991,7;991,7;991,3;;27,4;21,3;29,8;27,3;21,3;20,2;69;56;69;;;;
2024/07/11;2200 UTC;0;992,1;992,1;991,7;;24,6;24,6;27,4;24,6;25,1;21,1;100;69;100;;;;
2024/07/11;2300 UTC;0;993,3;993,3;992,1;,6;24,8;24,8;25,1;23,4;;;;;100;;;;
2024/07/12;0000 UTC;0;994,1;994,1;993,3;;23,8;;24,8;23,5;;;;;;;;;
2024/07/12;0100 UTC;0;994,5;994,5;994,1;;23,5;;24,1;23,5;;;;;;;;;
2024/07/12;0200 UTC;0;994,3;994,5;994,3;;22,9;;23,5;22,8;;;;;;;;;
2024/07/12;0300 UTC;0;994,4;994,4;994,3;;23,3;;23,3;22,6;;;;;;;;;
2024/07/12;0400 UTC;0;993,8;994,4;993,8;;23,3;;23,5;23,2;;;;;;;;;
2024/07/12;0500 UTC;0;993,3;993,8;993,3;;22,9;;23,4;22,8;;;;;;;;;
2024/07/12;0600 UTC;0;993,1;993,4;993;;22,8;;22,9;22,7;;;;;;;;;
2024/07/12;0700 UTC;0;993,2;993,2;993;;23,3;;23,3;22,8;;;;;;;;;
2024/07/12;0800 UTC;0;993,5;993,5;993,2;;23,9;;24,2;23,3;;;;;;;;;
2024/07/12;0900 UTC;0;994;994;993,5;;23,5;;23,9;23,4;;;;;;;;;
2024/07/12;1000 UTC;0;994,9;994,9;994;;25,1;;25,1;23,4;;;;;;;;;
2024/07/12;1100 UTC;0;995,4;995,4;994,9;;26,1;26,2;26,4;25,1;;;;;100;;;;
2024/07/12;1200 UTC;0;995,4;995,5;995,3;;26,9;26,9;26,9;26;26,9;26;100;100;100;;;;
2024/07/12;1300 UTC;0;994,9;995,4;994,9;4,1;28;27;29,2;26,9;28,6;27;100;92;94;;;;
2024/07/12;1400 UTC;0;994,2;994,9;994,2;11,8;29;26,2;29,4;27,7;27,6;26;99;84;85;;;;
2024/07/12;1500 UTC;0;993,4;994,2;993,4;17,3;30,7;26,1;30,7;28,8;27;24,9;87;75;77;;;;
2024/07/12;1600 UTC;0;992,6;993,4;992,6;23,5;30,2;26,1;30,7;29,3;26,4;25,1;81;75;79;;;;
2024/07/12;1700 UTC;0;991,9;992,6;991,9;23;30,1;25,7;31,1;29,9;26,5;25,2;80;72;77;;;;
2024/07/12;1800 UTC;0;991,5;991,9;991,4;18,2;30,6;25,4;31,3;30;26,6;25,2;80;72;74;;;;
2024/07/12;1900 UTC;0;991,5;991,5;991,3;10,1;30,7;25,2;31,1;29,9;26,2;24,9;78;72;73;;;;
2024/07/12;2000 UTC;0;991,7;991,7;991,5;2,5;29,8;25;30,7;29,8;25,9;24,9;76;72;75;;;;
2024/07/12;2100 UTC;0;992;992;991,7;;27,8;26;29,8;27,8;26,3;24,7;91;75;90;;;;
2024/07/12;2200 UTC;0;992,3;992,3;992;;27,1;27,1;27,8;26,9;27,3;26,3;100;90;100;;;;
2024/07/12;2300 UTC;0;992,9;992,9;992,3;;26,9;26,9;27,6;26,6;27,1;26,4;100;93;100;;;;
2024/07/13;0000 UTC;0;994,2;994,2;992,9;;26,1;;27,4;26,1;27,4;26,3;100;100;;;;;
2024/07/13;0100 UTC;0;994,5;994,5;994,2;;25,2;;26,1;25,2;;;;;;;;;
2024/07/13;0200 UTC;3,4;994,7;994,7;994,5;473,3;23;;25,2;23;;;;;;;;;
2024/07/13;0300 UTC;1,2;994,2;994,7;994,2;3583,9;22,9;;23;22,8;;;;;;;;;
2024/07/13;0400 UTC;0;993,7;994,2;993,6;;23,6;;23,6;22,9;;;;;;;;;
2024/07/13;0500 UTC;,2;993,2;993,7;993,2;2675,1;23;;23,7;23;;;;;;;;;
2024/07/13;0600 UTC;0;993,3;993,3;993;2682,3;22,9;;23,1;22,9;;;;;;;;;
2024/07/13;0700 UTC;0;993,4;993,4;993,2;1650;23,3;;23,3;22,9;;;;;;;;;
2024/07/13;0800 UTC;0;994,1;994,1;993,4;2088,5;23;;23,4;23;;;;;;;;;
2024/07/13;0900 UTC;0;994,6;994,6;994;1957,9;23,3;;23,5;22,9;;;;;;;;;
2024/07/13;1000 UTC;0;995,1;995,1;994,6;2271,2;23,9;;23,9;23,3;;;;;;;;;
2024/07/13;1100 UTC;0;995,6;995,6;995,1;1630,6;24,6;;24,6;23,8;;;;;;;;;
2024/07/13;1200 UTC;0;996;996,1;995,5;1363,1;26,4;26,5;26,4;24,6;;;;;100;;;;
2024/07/13;1300 UTC;0;995,4;996;995,3;,9;27,5;23,7;27,5;26,2;27,1;23,4;100;79;80;;;;
2024/07/13;1400 UTC;0;994,6;995,5;994,6;;29,3;22,2;29,3;27,5;24,2;21,4;80;65;66;;;;
2024/07/13;1500 UTC;0;993,7;994,6;993,6;;29,9;21,4;30;29;22,3;20,3;66;58;60;;;;
2024/07/13;1600 UTC;0;992,4;993,7;992,4;4,4;30,1;21,1;30,6;29,7;22;20,5;62;57;59;;;;
2024/07/13;1700 UTC;0;991,6;992,4;991,6;15,3;30,4;20,6;30,9;29,7;22,2;19,9;62;53;56;;;;
2024/07/13;1800 UTC;0;991,2;991,6;991,1;9,5;30,9;19,5;31,1;30,5;21,1;19,2;57;50;51;;;;
2024/07/13;1900 UTC;0;991,3;991,3;991,1;2;30,7;19,9;31;30,7;20,4;19,1;54;50;53;;;;
2024/07/13;2000 UTC;0;991,4;991,4;991,3;;29,3;19,2;30,7;29,3;19,9;19;55;51;55;;;;
2024/07/13;2100 UTC;0;991,4;991,4;991,4;;26,1;21,8;29,3;26,1;21,8;19;77;54;77;;;;
2024/07/13;2200 UTC;0;991,8;991,8;991,4;;26,2;20,6;26,3;25,8;22,1;20,3;80;70;71;;;;
2024/07/13;2300 UTC;0;992,3;992,3;991,8;;25,7;20,4;26,5;25,7;20,6;19,2;73;64;73;;;;
2024/07/14;0000 UTC;0;992,9;992,9;992,3;778,5;23,2;23,2;25,7;23,2;24;20;100;71;100;;;;
2024/07/14;0100 UTC;0;993,1;993,1;992,9;90,7;24,3;22,4;25;22,5;23,5;21,8;100;83;89;;;;
2024/07/14;0200 UTC;0;993,2;993,3;993,1;177,9;25,6;21,2;25,9;24,3;22,4;21,2;90;75;77;;;;
2024/07/14;0300 UTC;0;993,1;993,2;993,1;;25,7;21,3;25,8;25,4;21,3;21,2;78;76;77;;;;
2024/07/14;0400 UTC;0;993,1;993,1;993;;24,4;22,3;25,9;24,4;22,3;21,3;88;76;88;;;;
2024/07/14;0500 UTC;0;993;993,1;993;4119,3;21,8;;24,4;21,8;23,5;22,3;100;88;;;;;
2024/07/14;0600 UTC;0;993;993,1;993;5724,1;22,7;22,7;22,9;21,6;;;;;100;;;;
2024/07/14;0700 UTC;0;993,2;993,3;993;6038,2;21,4;;22,7;21,3;;;;;;;;;
2024/07/14;0800 UTC;0;993,5;993,6;993,2;4595,8;23,3;23,3;23,3;21,2;;;;;100;;;;
2024/07/14;0900 UTC;0;994,2;994,2;993,5;;22,6;22,6;23,7;22,5;23,7;22,5;100;100;100;;;;
2024/07/14;1000 UTC;0;994,8;994,8;994,2;225,5;23;;23,2;21,9;;;;;;;;;
2024/07/14;1100 UTC;0;995,4;995,4;994,8;;26;23,8;26,1;23;25,4;23,5;100;88;88;;;;
2024/07/14;1200 UTC;0;995,4;995,6;995,4;;26,3;23,1;26,8;25,9;24,4;23,1;90;82;82;;;;
2024/07/14;1300 UTC;0;995,4;995,6;995,4;2,7;28,2;22,5;28,6;26,3;24;21,9;86;69;71;;;;
2024/07/14;1400 UTC;0;994,6;995,4;994,5;11,8;29,3;22,4;29,6;28,1;23,3;22,1;72;66;66;;;;
2024/07/14;1500 UTC;0;993,5;994,6;993,5;21;30,4;23,1;30,4;29;23,4;22,1;68;64;65;;;;
2024/07/14;1600 UTC;0;992,8;993,5;992,8;23,2;29,5;22,2;30,7;29;23,4;21,9;67;63;65;;;;
2024/07/14;1700 UTC;0;992;992,8;992;14;30;22,7;30,3;29,4;23,4;22,1;68;63;65;;;;
2024/07/14;1800 UTC;0;991,8;992;991,7;4,5;29,3;23,2;30;29,3;23,2;22,2;70;64;70;;;;
2024/07/14;1900 UTC;0;991,8;991,9;991,7;;29,5;22,5;29,8;29,3;23,5;22,2;71;64;66;;;;
2024/07/14;2000 UTC;0;992;992;991,8;;28,6;23,1;29,6;28,6;23,1;22,4;72;65;72;;;;
2024/07/14;2100 UTC;0;992,2;992,2;992;;27,2;23,9;28,6;26,9;24;22,7;84;71;82;;;;
2024/07/14;2200 UTC;0;992,5;992,5;992,2;;25,7;25,6;27,1;25,7;25,6;23,9;100;82;99;;;;
2024/07/14;2300 UTC;0;993,2;993,2;992,5;;24,1;;25,7;24,1;;;;;;;;;
2024/07/15;0000 UTC;0;993,6;993,6;993,2;;22,6;;24,1;22,4;;;;;;;;;
2024/07/15;0100 UTC;0;993,9;994;993,6;;22,6;;22,7;21,9;;;;;;;;;
2024/07/15;0200 UTC;0;994,3;994,3;993,9;;22,3;;22,9;22,3;;;;;;;;;
2024/07/15;0300 UTC;0;993,9;994,3;993,9;;21,5;;22,3;21,4;;;;;;;;;
2024/07/15;0400 UTC;0;993,7;993,9;993,7;;21,2;;21,8;21,2;;;;;;;;;
2024/07/15;0500 UTC;0;993,5;993,7;993,5;;21,8;;21,9;21,2;;;;;;;;;
2024/07/15;0600 UTC;0;993,7;993,7;993,5;;22,2;;22,5;21,8;;;;;;;;;
2024/07/15;0700 UTC;0;994,2;994,2;993,7;;23,8;;23,8;22,1;;;;;;;;;
2024/07/15;0800 UTC;0;994,7;994,7;994,2;;23,9;;24,1;23,7;;;;;;;;;
2024/07/15;0900 UTC;0;995,1;995,1;994,7;;23,3;;23,9;23,2;;;;;;;;;
2024/07/15;1000 UTC;0;995,7;995,7;995,1;;24,8;24,8;24,8;23,2;;;;;100;;;;
2024/07/15;1100 UTC;0;996,2;996,2;995,7;;25,7;25,7;25,8;24,8;25,8;24,8;100;95;100;;;;
2024/07/15;1200 UTC;0;996,3;996,4;996,1;;27,3;22,5;27,5;25,7;26;22,1;100;74;75;;;;
2024/07/15;1300 UTC;0;996;996,4;996;3,8;29,5;20,6;29,5;27,3;23,3;20,6;76;59;59;;;;
2024/07/15;1400 UTC;0;995,5;996;995,5;13,8;30,3;19,7;30,5;29,1;20,8;18,6;60;52;53;;;;
2024/07/15;1500 UTC;0;994,7;995,5;994,6;17,8;30,9;21;30,9;30;21,2;19,7;58;53;56;;;;
2024/07/15;1600 UTC;0;993,9;994,7;993,8;19,3;30,7;21,1;31,5;29,3;21,8;20,4;60;54;57;;;;
2024/07/15;1700 UTC;0;993,1;993,9;993,1;15,7;30,1;20,5;31,7;30;22;20,4;58;54;57;;;;
2024/07/15;1800 UTC;0;992,7;993,1;992,7;4,9;30;20,6;31,2;29,8;21,4;20,1;60;54;57;;;;
2024/07/15;1900 UTC;0;992,8;992,8;992,6;;30,5;20,5;31,1;29,5;21,1;20;58;54;55;;;;
2024/07/15;2000 UTC;0;993,1;993,1;992,8;;28,7;20,5;30,5;28,7;20,9;19,9;62;55;61;;;;
2024/07/15;2100 UTC;0;993,1;993,2;993,1;;25,5;25,3;28,7;25,5;25,3;20,4;99;61;99;;;;
2024/07/15;2200 UTC;0;993,5;993,5;993,1;;22,8;;25,4;22,8;;;;;;;;;
2024/07/15;2300 UTC;0;993,8;993,8;993,5;;22,1;;22,9;22;;;;;;;;;
2024/07/16;0000 UTC;0;994,4;994,4;993,8;;21,5;;22,5;21,4;;;;;;;;;
2024/07/16;0100 UTC;0;995;995;994,4;;20,5;;21,6;20,3;;;;;;;;;
2024/07/16;0200 UTC;0;995,3;995,3;995;;20,2;;20,8;20,1;;;;;;;;;
2024/07/16;0300 UTC;0;995;995,3;995;;21,7;;21,9;19,8;;;;;;;;;
2024/07/16;0400 UTC;0;994,7;995;994,7;;20,9;;21,9;20,7;;;;;;;;;
2024/07/16;0500 UTC;0;994,3;994,7;994,3;;20,2;;21,1;20,2;;;;;;;;;
2024/07/16;0600 UTC;0;994,4;994,4;994,2;;19,3;;20,3;19,3;;;;;;;;;
2024/07/16;0700 UTC;0;994,8;994,8;994,4;;19,5;;20;19,3;;;;;;;;;
2024/07/16;0800 UTC;0;995,4;995,4;994,8;;19,1;;19,8;18,7;;;;;;;;;
2024/07/16;0900 UTC;0;996;996;995,4;;20,5;;20,5;19,2;;;;;;;;;
2024/07/16;1000 UTC;0;996,3;996,3;996;170,3;23,5;23,5;23,5;20,4;;;;;100;;;;
2024/07/16;1100 UTC;0;996,9;996,9;996,3;;25,4;24,3;25,4;23,5;25,1;23,3;100;94;94;;;;
2024/07/16;1200 UTC;0;997;997;996,8;;26,1;23;26,5;25;24,9;22,8;98;82;83;;;;
2024/07/16;1300 UTC;0;996,8;997,1;996,6;;27,8;21;28,1;26,1;23,6;20,8;84;65;67;;;;
2024/07/16;1400 UTC;0;996,1;996,8;996;2,6;29,4;20,1;29,4;27,8;21,4;19,2;67;56;57;;;;
2024/07/16;1500 UTC;0;995,4;996,1;995,3;9,4;30,1;19,1;30,6;29;20,4;18,7;57;52;52;;;;
2024/07/16;1600 UTC;0;994,1;995,3;994,1;14,9;30,4;18,6;30,9;30;20,1;18,6;53;49;49;;;;
2024/07/16;1700 UTC;0;993,2;994,1;993,2;13,8;31;18,5;31,4;30,3;19,8;18,2;53;47;47;;;;
2024/07/16;1800 UTC;0;992,7;993,2;992,7;3,3;31,2;18,5;31,6;30,9;19,7;18,4;50;46;47;;;;
2024/07/16;1900 UTC;0;992,6;992,8;992,6;;30,9;17,7;31,4;30,9;19,2;17,5;49;44;45;;;;
2024/07/16;2000 UTC;0;993,3;993,3;992,6;;29,8;17;30,9;29,8;17,9;16,8;47;44;46;;;;
2024/07/16;2100 UTC;0;993,9;993,9;993,3;;27,6;17,5;29,9;27,6;17,8;16,6;54;45;54;;;;
2024/07/16;2200 UTC;0;994,2;994,2;993,9;;24,4;20,3;28,4;24,4;20,3;16,8;78;50;78;;;;
2024/07/16;2300 UTC;0;994,8;994,8;994,2;;22,3;;24,5;22,3;23,4;19,9;100;76;;;;;
2024/07/17;0000 UTC;0;996;996;994,8;;22,6;;23,5;21,8;;;;;;;;;
2024/07/17;0100 UTC;0;996,3;996,4;996;;22,3;;23;22,3;;;;;;;;;
2024/07/17;0200 UTC;0;996,5;996,5;996,3;;22,2;;22,8;22,2;;;;;;;;;
2024/07/17;0300 UTC;0;996,2;996,5;996,2;;21,2;;22,2;21,1;;;;;;;;;
2024/07/17;0400 UTC;0;995,8;996,2;995,8;;20,6;;21,3;20,5;;;;;;;;;
2024/07/17;0500 UTC;0;995,3;995,8;995,3;;20;;20,6;19,5;;;;;;;;;
2024/07/17;0600 UTC;0;995,1;995,3;995,1;;20,3;;20,3;19,6;;;;;;;;;
2024/07/17;0700 UTC;0;995,4;995,4;995,1;;20,7;;20,7;20,2;;;;;;;;;
2024/07/17;0800 UTC;0;995,7;995,7;995,4;;20,9;;21,3;20,6;;;;;;;;;
2024/07/17;0900 UTC;0;996,2;996,2;995,7;;20,5;;20,9;20,2;;;;;;;;;
2024/07/17;1000 UTC;0;996,5;996,5;996,2;;23,7;;23,7;20,4;;;;;;;;;
2024/07/17;1100 UTC;0;997;997;996,5;;25,4;;25,4;23,6;;;;;;;;;
2024/07/17;1200 UTC;0;996,9;997,1;996,9;;27,2;26,6;27,3;25,4;27,2;25,3;100;96;97;;;;
2024/07/17;1300 UTC;0;996,4;996,9;996,4;;28,1;24,3;28,4;26,7;26,8;24,2;99;79;80;;;;
2024/07/17;1400 UTC;0;995,7;996,4;995,7;1;29,9;22,8;30;27,8;24,5;22,2;82;65;66;;;;
2024/07/17;1500 UTC;0;994,7;995,7;994,6;9,7;30,6;21,8;31,1;29,2;23,1;21,4;67;59;59;;;;
2024/07/17;1600 UTC;0;993,5;994,8;993,5;17,5;31,9;21,6;32;29,6;22,7;21,1;63;54;55;;;;
2024/07/17;1700 UTC;0;992,6;993,6;992,6;13,1;30,2;20,4;32,2;30,1;22,1;20,4;58;52;56;;;;
2024/07/17;1800 UTC;0;992;992,6;991,9;2;31,7;21;32;30,2;22;19,6;56;51;53;;;;
2024/07/17;1900 UTC;0;992;992;991,9;;30,7;20,1;31,9;30;20,8;19,1;54;51;53;;;;
2024/07/17;2000 UTC;0;992,7;992,7;992;;29,4;20,2;30,7;29,4;20,8;19,7;58;53;58;;;;
2024/07/17;2100 UTC;0;993,3;993,3;992,7;;27,1;20,8;29,4;27,1;21,6;20,1;70;58;68;;;;
2024/07/17;2200 UTC;0;993,6;993,6;993,3;;24,6;24,2;27,2;24,6;24,4;20,7;98;68;98;;;;
2024/07/17;2300 UTC;0;994,1;994,1;993,6;;22,6;;24,7;22,6;;;;;;;;;
2024/07/18;0000 UTC;0;994,5;994,5;994,1;;21,5;;22,6;21,5;;;;;;;;;
2024/07/18;0100 UTC;0;995,1;995,1;994,5;;22,1;;22,2;21,5;;;;;;;;;
2024/07/18;0200 UTC;0;995,2;995,2;995,1;;22,5;;22,6;22,1;;;;;;;;;
2024/07/18;0300 UTC;0;995,1;995,3;995,1;;21,9;;22,6;21,8;;;;;;;;;
2024/07/18;0400 UTC;0;994,7;995,1;994,7;;21,6;;22,2;21,6;;;;;;;;;
2024/07/18;0500 UTC;0;994,3;994,7;994,2;;21,2;;21,7;21,2;;;;;;;;;
2024/07/18;0600 UTC;0;994,1;994,3;994,1;;20,3;;21,4;20,3;;;;;;;;;
2024/07/18;0700 UTC;0;994,3;994,3;994,1;;19,6;;20,4;19,5;;;;;;;;;
2024/07/18;0800 UTC;0;994,6;994,6;994,3;;20,5;;20,5;19,5;;;;;;;;;
2024/07/18;0900 UTC;0;995,2;995,2;994,6;;21,8;;22;20,5;;;;;;;;;
2024/07/18;1000 UTC;0;995,7;995,7;995,2;;24,8;;24,8;21,8;;;;;;;;;
2024/07/18;1100 UTC;0;996,1;996,1;995,7;;26,2;26,2;26,3;24,6;;;;;100;;;;
2024/07/18;1200 UTC;0;996,1;996,2;996;;27,3;27,3;27,4;26,1;27,4;26,1;100;100;100;;;;
2024/07/18;1300 UTC;0;996,1;996,2;996;;28,5;24,2;28,8;27,3;28,2;24,2;100;77;77;;;;
2024/07/18;1400 UTC;0;995,2;996,1;995,2;;29,3;22,7;29,7;27,8;25,4;22,6;82;66;68;;;;
2024/07/18;1500 UTC;0;994,1;995,2;994,1;;30,6;21,4;30,7;28,7;23,2;21;71;58;58;;;;
2024/07/18;1600 UTC;0;993;994,1;993;2,4;31,1;21;31,1;29,9;22,1;20,7;61;55;55;;;;
2024/07/18;1700 UTC;0;992,3;993;992,3;7,5;31;20,3;32,3;30,4;22;20,1;57;50;53;;;;
2024/07/18;1800 UTC;0;991,6;992,3;991,6;6,5;31,7;20,5;31,8;30,2;21;19,7;56;50;52;;;;
2024/07/18;1900 UTC;0;991,5;991,6;991,4;;31,5;19,3;31,9;31,5;20,4;18,6;52;46;49;;;;
2024/07/18;2000 UTC;0;991,7;991,7;991,5;;30,4;19,8;31,6;30,4;20,1;19,3;53;48;53;;;;
2024/07/18;2100 UTC;0;992,2;992,2;991,7;;26,3;23,2;30,4;26,3;23,6;19,8;84;53;83;;;;
2024/07/18;2200 UTC;0;992,9;992,9;992,2;;24,5;24,5;26,3;24;25,3;23,1;100;83;100;;;;
2024/07/18;2300 UTC;0;993,6;993,6;992,9;;22,8;;24,5;22,8;;;;;;;;;
2024/07/19;0000 UTC;0;994,7;994,7;993,6;;22,7;;22,9;21,8;;;;;;;;;
2024/07/19;0100 UTC;0;995,1;995,1;994,7;;22,8;;23,2;22,4;;;;;;;;;
2024/07/19;0200 UTC;0;995,5;995,5;995,1;;22,2;;22,8;22,1;;;;;;;;;
2024/07/19;0300 UTC;0;995,3;995,5;995,3;;21,8;;22,2;21,8;;;;;;;;;
2024/07/19;0400 UTC;0;995;995,4;995;;21,4;;21,8;21,2;;;;;;;;;
2024/07/19;0500 UTC;0;994,4;995;994,4;;20,9;;21,5;20,9;;;;;;;;;
2024/07/19;0600 UTC;0;994,4;994,5;994,4;;21,4;;21,4;20,8;;;;;;;;;
2024/07/19;0700 UTC;0;994,6;994,6;994,4;;21,7;;21,8;21,4;;;;;;;;;
2024/07/19;0800 UTC;0;995;995;994,6;;22,1;;22,1;21,7;;;;;;;;;
2024/07/19;0900 UTC;0;995,4;995,5;995;;22,3;;22,4;22;;;;;;;;;
2024/07/19;1000 UTC;0;996,1;996,1;995,4;;24,4;;24,5;22,2;;;;;;;;;
2024/07/19;1100 UTC;0;996,6;996,6;996,1;;26,2;;26,2;24,4;;;;;;;;;
2024/07/19;1200 UTC;0;996,5;996,8;996,5;;28,1;28,2;28,2;25,4;;;;;100;;;;
2024/07/19;1300 UTC;0;996,3;996,6;996,3;;28,5;28,1;29;27,3;29;27,3;100;98;98;;;;
2024/07/19;1400 UTC;0;995,6;996,3;995,5;;30;26,4;30,2;27,8;28,5;26,2;100;80;81;;;;
2024/07/19;1500 UTC;0;994,7;995,6;994,7;1,7;29,7;24,6;30,8;28,9;26,6;23,9;83;72;74;;;;
2024/07/19;1600 UTC;0;993,5;994,7;993,5;6,3;30,6;23,4;32;29,6;25,5;22,4;76;62;66;;;;
2024/07/19;1700 UTC;0;992,3;993,5;992,3;9,3;31,7;22;32,3;30,6;24,8;21,8;67;55;56;;;;
2024/07/19;1800 UTC;0;991,6;992,3;991,6;3,6;32,3;21,7;32,5;30,8;22,9;21,5;60;53;54;;;;
2024/07/19;1900 UTC;0;991,7;991,7;991,6;;32;21;32,6;31,1;22,3;20,6;55;52;52;;;;
2024/07/19;2000 UTC;0;991,8;991,9;991,7;;30,9;20,6;32;30,9;21,2;20,4;55;51;54;;;;
2024/07/19;2100 UTC;0;992,1;992,1;991,8;;28,4;20,7;31;28,2;22;20,4;68;54;63;;;;
2024/07/19;2200 UTC;0;992,8;992,8;992,1;;26,6;22,5;28,6;26,6;22,5;20,5;78;62;78;;;;
2024/07/19;2300 UTC;0;994,1;994,1;992,8;;26;26;26,5;24,7;26;22,3;100;78;100;;;;
2024/07/20;0000 UTC;0;994,8;994,8;994,1;;24,6;;26;24,6;;;;;;;;;
2024/07/20;0100 UTC;0;995,3;995,3;994,7;;24;;24,6;23,9;;;;;;;;;
2024/07/20;0200 UTC;0;995,5;995,5;995,3;;23;;24;23;;;;;;;;;
2024/07/20;0300 UTC;0;995,3;995,5;995,2;;22,1;;23;22;;;;;;;;;
2024/07/20;0400 UTC;0;994,9;995,3;994,9;;21,6;;22,1;21,5;;;;;;;;;
2024/07/20;0500 UTC;0;994,4;994,9;994,4;;22,2;;22,3;21,6;;;;;;;;;
2024/07/20;0600 UTC;0;994,2;994,4;994,2;;22;;22,3;21,8;;;;;;;;;
2024/07/20;0700 UTC;0;994,3;994,3;994,1;;22,5;;22,5;21,9;;;;;;;;;
2024/07/20;0800 UTC;0;994,5;994,5;994,3;;21,7;;22,8;21,7;;;;;;;;;
2024/07/20;0900 UTC;0;995;995;994,5;;22,2;;22,2;21,7;;;;;;;;;
2024/07/20;1000 UTC;0;995,8;995,8;995;;24,7;;24,7;22,1;;;;;;;;;
2024/07/20;1100 UTC;0;996,5;996,5;995,8;;26,3;26,3;26,3;24,5;26,3;24,7;100;98;100;;;;
2024/07/20;1200 UTC;0;996,7;996,7;996,5;;27,8;23,5;27,8;26,2;27;23,1;100;77;77;;;;
2024/07/20;1300 UTC;0;996,4;996,8;996,4;;29,4;21,2;29,4;27,6;23,7;20,6;77;61;61;;;;
2024/07/20;1400 UTC;0;995,5;996,4;995,5;1,1;29,4;19,6;30,6;28,9;21,3;19,6;61;54;56;;;;
2024/07/20;1500 UTC;0;994,5;995,6;994,5;6,8;30,5;20,1;31,8;29,2;21,3;19,4;57;52;54;;;;
2024/07/20;1600 UTC;0;993,6;994,5;993,5;10,2;30,1;19,4;31,8;30,1;21;19,4;55;50;53;;;;
2024/07/20;1700 UTC;0;992,5;993,6;992,5;3,2;31,2;19,5;32,5;29,9;20,8;19,1;55;47;50;;;;
2024/07/20;1800 UTC;0;991,7;992,5;991,6;;31,5;19,1;32,1;30,4;20,2;18,3;54;46;48;;;;
2024/07/20;1900 UTC;0;991,4;991,7;991,4;;30,8;17,5;32,2;30,8;19,7;17,4;49;44;45;;;;
2024/07/20;2000 UTC;0;991,8;991,8;991,3;;30,4;17,6;31,4;30,4;18,5;17,4;47;44;46;;;;
2024/07/20;2100 UTC;0;992,2;992,2;991,8;;25,5;21,6;30,4;25,5;21,6;17,3;79;46;79;;;;
2024/07/20;2200 UTC;0;992,7;992,7;992,2;;23,9;23,9;25,6;23,8;24,3;20,9;100;76;100;;;;
2024/07/20;2300 UTC;0;993,4;993,4;992,7;;23,8;23,8;24,2;23,4;24,2;23,4;100;100;100;;;;
2024/07/21;0000 UTC;0;994,2;994,2;993,4;;24,5;24,5;24,7;23,8;24,5;23,6;100;95;100;;;;
2024/07/21;0100 UTC;0;994,7;994,7;994,2;;24,5;24,5;24,7;24,2;24,7;24,2;100;100;100;;;;
2024/07/21;0200 UTC;0;994,8;994,8;994,7;;22,9;;24,5;22,9;;;;;;;;;
2024/07/21;0300 UTC;0;994,8;994,9;994,8;;23,6;;23,6;22,7;;;;;;;;;
2024/07/21;0400 UTC;0;994,4;994,8;994,4;;23,5;;24;23,3;;;;;;;;;
2024/07/21;0500 UTC;0;994;994,4;993,9;;23,2;;23,6;23,2;;;;;;;;;
2024/07/21;0600 UTC;0;993,7;994;993,7;;23,1;;23,4;23,1;;;;;;;;;
2024/07/21;0700 UTC;0;993,9;993,9;993,7;;22,5;;23,1;22,4;;;;;;;;;
2024/07/21;0800 UTC;0;994,2;994,2;993,9;;22,5;;22,6;22,5;;;;;;;;;
2024/07/21;0900 UTC;0;994,5;994,5;994,2;;22,4;;22,5;22,3;;;;;;;;;
2024/07/21;1000 UTC;0;995,2;995,2;994,5;;24,5;;24,5;22,5;;;;;;;;;
2024/07/21;1100 UTC;0;995,4;995,5;995,2;;26,1;26,1;26,2;24,4;;;;;100;;;;
2024/07/21;1200 UTC;0;995,7;995,8;995,4;;27,4;25;27,7;26,1;27,2;24,4;100;85;87;;;;
2024/07/21;1300 UTC;0;995,3;995,7;995,3;;28,1;23,7;28,4;26,8;25,5;23,6;90;76;77;;;;
2024/07/21;1400 UTC;0;994,7;995,3;994,7;;29,4;22,5;29,5;27,6;24,1;21,8;78;65;67;;;;
2024/07/21;1500 UTC;0;993,6;994,7;993,6;,9;30,5;22,2;30,8;28,4;22,9;21,7;70;59;61;;;;
2024/07/21;1600 UTC;0;992,5;993,7;992,5;3,6;30,9;21,7;31,5;29,1;23,3;20,9;64;57;58;;;;
2024/07/21;1700 UTC;0;991,6;992,5;991,6;1,6;31,2;21,4;31,6;30,1;22,1;20,6;60;53;56;;;;
2024/07/21;1800 UTC;0;991;991,6;991;;31,8;20,8;32,2;30,3;21,8;19,9;58;52;53;;;;
2024/07/21;1900 UTC;0;991;991,1;990,8;;30,5;20,7;31,9;30,5;21,4;20,3;57;51;56;;;;
2024/07/21;2000 UTC;0;991,2;991,2;990,9;;30,1;20,7;31;29,7;21,1;20,2;58;54;57;;;;
2024/07/21;2100 UTC;0;991,7;991,7;991,2;;28,7;21,1;30,1;28,7;21,3;20,4;64;56;63;;;;
2024/07/21;2200 UTC;0;992,2;992,2;991,7;;28;21,3;28,7;27,7;22,2;21,1;71;64;67;;;;
2024/07/21;2300 UTC;0;993;993;992,2;;26,6;22,7;28;26,4;23,3;21,3;83;67;79;;;;
2024/07/22;0000 UTC;0;993,9;993,9;993;;25,3;;26,9;25,3;26,2;22,6;100;78;;;;;
2024/07/22;0100 UTC;0;994,4;994,5;993,9;;24,1;;25,3;23,8;;;;;;;;;
2024/07/22;0200 UTC;0;994,7;994,7;994,4;;23,8;;24,1;23,7;;;;;;;;;
2024/07/22;0300 UTC;0;994,6;994,8;994,6;;23,3;;23,8;23,2;;;;;;;;;
2024/07/22;0400 UTC;0;994,1;994,6;994,1;;22,4;;23,3;22,4;;;;;;;;;
2024/07/22;0500 UTC;0;994;994,1;994;;22,8;;22,8;22,1;;;;;;;;;
2024/07/22;0600 UTC;0;993,9;994;993,9;;22,2;;22,8;22,2;;;;;;;;;
2024/07/22;0700 UTC;0;993,9;994;993,8;;21,7;;22,1;21,7;;;;;;;;;
2024/07/22;0800 UTC;0;994,2;994,2;993,9;;22,2;;22,2;21,6;;;;;;;;;
2024/07/22;0900 UTC;0;994,3;994,4;994,2;;21,5;;22,2;21,4;;;;;;;;;
2024/07/22;1000 UTC;0;995,1;995,1;994,3;;23,9;;23,9;21,3;;;;;;;;;
2024/07/22;1100 UTC;0;995,6;995,6;995,1;;26,2;26,2;26,2;23,9;;;;;100;;;;
2024/07/22;1200 UTC;0;995,7;995,8;995,6;;27,8;25,6;27,9;26,2;27,2;25,2;100;87;87;;;;
2024/07/22;1300 UTC;0;995,4;995,8;995,4;;29,6;22,8;29,6;27,6;26,3;22,4;90;67;67;;;;
2024/07/22;1400 UTC;0;994,8;995,4;994,8;;30,1;21,1;30,8;29,2;22,8;21,1;67;58;59;;;;
2024/07/22;1500 UTC;0;993,8;994,8;993,8;1,5;31,1;21,1;31,5;29,6;21,7;20,2;61;53;55;;;;
2024/07/22;1600 UTC;0;992,9;993,8;992,9;3;32;20,3;32;31;20,9;19,8;55;49;50;;;;
2024/07/22;1700 UTC;0;991,8;992,9;991,8;5;31,9;19,5;32,6;31,5;20,7;19,4;52;47;48;;;;
2024/07/22;1800 UTC;0;991,4;991,8;991,4;;32;19,3;32,6;31,8;20,6;19;50;46;47;;;;
2024/07/22;1900 UTC;0;991,4;991,4;991,3;;31,8;19,2;32,3;31,7;19,9;19;49;47;47;;;;
2024/07/22;2000 UTC;0;991,6;991,6;991,3;;30,8;19;31,8;30,8;19,4;18,8;50;46;49;;;;
2024/07/22;2100 UTC;0;992;992;991,6;;27,7;20,3;30,9;27,7;20,6;18,9;64;49;64;;;;
2024/07/22;2200 UTC;0;992,5;992,5;992;;27,2;21;27,7;26,4;22,1;20,4;77;64;69;;;;
2024/07/22;2300 UTC;0;993,4;993,4;992,5;;26,4;21,2;27,6;26,4;21,3;20,1;73;64;73;;;;
2024/07/23;0000 UTC;0;994,5;994,5;993,4;;24,3;;26,4;24,3;25,7;21,3;100;74;;;;;
2024/07/23;0100 UTC;0;994,9;994,9;994,5;;23,5;;24,4;23,5;;;;;;;;;
2024/07/23;0200 UTC;0;995,3;995,3;994,9;;23,3;;23,7;23,2;;;;;;;;;
2024/07/23;0300 UTC;0;995,1;995,3;995,1;;22,5;;23,4;22,4;;;;;;;;;
2024/07/23;0400 UTC;0;995,1;995,1;995;;22,2;;23;22,2;;;;;;;;;
2024/07/23;0500 UTC;0;995;995,1;995;;21,2;;22,2;21,2;;;;;;;;;
2024/07/23;0600 UTC;0;995;995;994,9;;20,9;;21,8;20,9;;;;;;;;;
2024/07/23;0700 UTC;0;995;995;994,9;;21,2;;21,4;20,8;;;;;;;;;
2024/07/23;0800 UTC;0;995,2;995,2;995;;21,2;;21,8;21,1;;;;;;;;;
2024/07/23;0900 UTC;0;995,3;995,4;995,2;;21,8;;22,2;21,1;;;;;;;;;
2024/07/23;1000 UTC;0;995,9;995,9;995,3;;23,9;;23,9;21,7;;;;;;;;;
2024/07/23;1100 UTC;0;996,5;996,5;995,9;;25,6;25,7;25,6;24;25,7;24,4;100;99;100;;;;
2024/07/23;1200 UTC;0;996,4;996,6;996,3;;27,4;23,9;27,4;25,6;26,5;23,5;100;79;81;;;;
2024/07/23;1300 UTC;0;995,8;996,4;995,8;;28,7;21,4;29;27,1;23,8;21,4;81;64;65;;;;
2024/07/23;1400 UTC;0;995;995,8;995;;30,7;19,6;30,9;28,7;22,1;19,6;66;52;52;;;;
2024/07/23;1500 UTC;0;994,1;995,1;994,1;2,4;31,6;19,4;31,7;30,5;20,4;19,3;54;48;49;;;;
2024/07/23;1600 UTC;0;993,2;994,2;993,2;9,9;31,9;19;32,6;31,6;20,3;19;51;46;46;;;;
2024/07/23;1700 UTC;0;992,4;993,2;992,4;7,9;32,2;19,5;32,8;31,9;20;18,9;48;46;47;;;;
2024/07/23;1800 UTC;0;991,9;992,4;991,8;;32,5;19,3;32,5;32;19,7;18,9;48;45;46;;;;
2024/07/23;1900 UTC;0;991,9;992;991,7;;31,9;19;32,6;31,9;19,4;18,7;47;45;46;;;;
2024/07/23;2000 UTC;0;992,2;992,2;991,9;;31,2;18,2;32;31,2;19,1;18,2;47;45;46;;;;
2024/07/23;2100 UTC;0;992,4;992,5;992,2;;30,3;17,6;31,2;30,3;18,3;17,5;47;45;46;;;;
2024/07/23;2200 UTC;0;993;993;992,4;;28,2;17,6;30,3;28,1;17,9;17,4;53;46;53;;;;
2024/07/23;2300 UTC;0;993,8;993,8;993;;27,4;17,3;28,2;27,2;18,1;17,2;56;52;54;;;;
2024/07/24;0000 UTC;0;995,1;995,1;993,8;;24,2;24,3;27,7;24,2;25,6;17,2;100;53;100;;;;
2024/07/24;0100 UTC;0;995,5;995,5;995,1;;23,6;;24,2;23,6;;;;;;;;;
2024/07/24;0200 UTC;0;995,9;995,9;995,5;;23,1;;23,6;22,9;;;;;;;;;
2024/07/24;0300 UTC;0;995,6;995,9;995,6;;21,7;;23,1;21,7;;;;;;;;;
2024/07/24;0400 UTC;0;995,3;995,6;995,3;;20,9;;21,7;20,8;;;;;;;;;
2024/07/24;0500 UTC;0;995,2;995,3;995,1;;20,1;;20,9;20,1;;;;;;;;;
2024/07/24;0600 UTC;0;995,3;995,4;995,1;;19,5;;20,2;19,5;;;;;;;;;
2024/07/24;0700 UTC;0;995,6;995,6;995,3;;19,4;;19,5;19,1;;;;;;;;;
2024/07/24;0800 UTC;0;995,6;995,7;995,6;;20,8;;20,8;19,3;;;;;;;;;
2024/07/24;0900 UTC;0;996;996,1;995,6;;20,1;;20,8;20,1;;;;;;;;;
2024/07/24;1000 UTC;0;996,6;996,7;996;;22,7;;22,7;20;;;;;;;;;
2024/07/24;1100 UTC;0;997,3;997,3;996,6;;23,7;23,7;23,7;22,3;;;;;100;;;;
2024/07/24;1200 UTC;0;997,4;997,5;997,3;;26,2;22,9;26,2;23,7;25,6;22,7;100;82;82;;;;
2024/07/24;1300 UTC;0;997,2;997,4;997,1;;27,8;20,1;28,1;26,2;22,9;20,1;82;63;63;;;;
2024/07/24;1400 UTC;0;996,6;997,2;996,6;;28,4;18,6;29,3;27,8;20,9;18,6;65;55;55;;;;
2024/07/24;1500 UTC;0;995,7;996,6;995,6;;30,6;19,2;30,8;28,4;20;18,3;56;50;51;;;;
2024/07/24;1600 UTC;0;994,7;995,7;994,7;;30,8;18,6;31,3;29,7;19,7;17,8;52;48;49;;;;
2024/07/24;1700 UTC;0;993,7;994,7;993,7;;30,8;18,4;32;30,4;19,6;17,8;50;45;48;;;;
2024/07/24;1800 UTC;0;993,1;993,7;993,1;;31,1;17,7;31,5;30,8;18,7;17,5;48;44;45;;;;
2024/07/24;1900 UTC;0;993,1;993,1;993;;30,5;17,9;31,3;30,4;18,3;17,3;48;44;47;;;;
2024/07/24;2000 UTC;0;993,4;993,4;993;;29,6;17,8;30,7;29,6;18,4;17,5;50;46;49;;;;
2024/07/24;2100 UTC;0;993,6;993,6;993,4;;27,2;18,1;29,6;27,2;18,5;17,7;58;49;58;;;;
2024/07/24;2200 UTC;0;994,2;994,2;993,6;;25,9;18;27,2;25,9;18,8;17,9;64;58;62;;;;
2024/07/24;2300 UTC;0;994,9;994,9;994,2;;23,7;21,6;26;23,3;21,7;18;89;62;88;;;;
2024/07/25;0000 UTC;0;995,6;995,6;994,9;;22,4;22,4;23,7;22,3;22,6;21,5;100;88;100;;;;
2024/07/25;0100 UTC;0;995,9;996;995,6;;22,2;22,2;22,4;21,8;;;;;100;;;;
2024/07/25;0200 UTC;0;996,4;996,4;995,9;;21,7;;22,2;20,4;;;;;;;;;
2024/07/25;0300 UTC;0;996,5;996,7;996,4;;20,8;;21,7;20,6;;;;;;;;;
2024/07/25;0400 UTC;0;996,1;996,5;996,1;;19,6;;20,7;19,5;;;;;;;;;
2024/07/25;0500 UTC;0;995,8;996,1;995,8;;18,7;;19,6;18,6;;;;;;;;;
2024/07/25;0600 UTC;0;995,6;995,9;995,6;;18,3;;18,7;18,2;;;;;;;;;
2024/07/25;0700 UTC;0;995,8;995,8;995,6;;20;;20,6;18,3;;;;;;;;;
2024/07/25;0800 UTC;0;995,7;995,9;995,7;;20,2;;20,3;19,6;;;;;;;;;
2024/07/25;0900 UTC;0;995,9;995,9;995,6;;20,2;;21;20,1;;;;;;;;;
2024/07/25;1000 UTC;0;996,6;996,6;995,9;433,5;23,7;23,7;23,7;20,1;;;;;100;;;;
2024/07/25;1100 UTC;0;997,2;997,2;996,5;75,4;25,8;20,8;26;23,7;23,6;20,5;100;73;74;;;;
2024/07/25;1200 UTC;0;997,3;997,4;997,1;2,7;27,6;19,5;27,9;25,8;21,3;19,3;75;61;61;;;;
2024/07/25;1300 UTC;0;996,9;997,4;996,9;;27,8;18,8;28,2;27,2;20,2;18,7;63;57;58;;;;
2024/07/25;1400 UTC;0;996,2;997;996,1;8,3;29;18,9;30,8;27,8;20,1;18,3;58;50;54;;;;
2024/07/25;1500 UTC;0;995,1;996,2;995,1;90,4;30,4;18,9;31,1;28,9;19,9;18,3;55;49;50;;;;
2024/07/25;1600 UTC;0;993,7;995,2;993,7;;31,2;18,3;31,6;30,4;19,6;18;51;45;46;;;;
2024/07/25;1700 UTC;0;992,6;993,7;992,5;;32,1;18,8;32,3;30,7;19,1;18,1;48;44;45;;;;
2024/07/25;1800 UTC;0;992;992,6;991,9;;31,7;17,6;32,5;31,7;18,9;17,5;46;42;43;;;;
2024/07/25;1900 UTC;0;991,8;992;991,7;;31,7;17,9;32,1;31,6;18,4;17,4;45;42;44;;;;
2024/07/25;2000 UTC;0;991,9;991,9;991,8;;30,5;18,2;31,7;30,5;18,4;17,7;48;44;48;;;;
2024/07/25;2100 UTC;0;992,2;992,2;991,9;;27,9;18,6;30,5;27,9;18,7;18,1;57;48;57;;;;
2024/07/25;2200 UTC;0;992,7;992,7;992,2;17,1;26,1;19,4;27,9;26,1;19,4;18,6;67;57;67;;;;
2024/07/25;2300 UTC;0;993,4;993,4;992,7;13;23,9;23,9;26,3;23,5;23,9;19,4;100;66;100;;;;
2024/07/26;0000 UTC;0;994;994;993,4;118;23,4;;24,8;23,4;24,7;23,8;100;99;;;;;
2024/07/26;0100 UTC;0;994,5;994,5;994;130,7;22,5;;23,4;22,4;;;;;;;;;
2024/07/26;0200 UTC;0;994,8;994,8;994,5;72,7;22,3;;22,8;22,2;;;;;;;;;
2024/07/26;0300 UTC;0;994,5;994,8;994,5;;21,6;;22,3;21,6;;;;;;;;;
2024/07/26;0400 UTC;0;994,1;994,5;994,1;30,2;21,3;;21,9;21,3;;;;;;;;;
2024/07/26;0500 UTC;0;993,7;994,2;993,7;13,5;20,6;;21,3;20,5;;;;;;;;;
2024/07/26;0600 UTC;0;993,8;993,8;993,7;0;20,1;;20,6;19,9;;;;;;;;;
2024/07/26;0700 UTC;0;993,9;993,9;993,7;;20;;20,5;20;;;;;;;;;
2024/07/26;0800 UTC;0;993,9;994;993,8;;20;;20,3;20;;;;;;;;;
2024/07/26;0900 UTC;0;994,2;994,2;993,8;;19,7;;20,1;19,5;;;;;;;;;
2024/07/26;1000 UTC;0;994,7;994,7;994,2;80,8;22,4;;22,4;19,7;;;;;;;;;
2024/07/26;1100 UTC;0;995,3;995,3;994,7;;25,2;25,3;25,4;22,4;;;;;100;;;;
2024/07/26;1200 UTC;0;995,4;995,5;995,3;;26,7;23,7;27,1;24,9;25,7;23,6;100;83;83;;;;
2024/07/26;1300 UTC;0;995,1;995,5;995,1;;29;20,3;29;26,7;23,8;20,1;84;59;59;;;;
2024/07/26;1400 UTC;0;994,3;995,2;994,3;;30,2;19,1;30,3;28,8;20,6;17,9;60;50;51;;;;
2024/07/26;1500 UTC;0;993,4;994,4;993,4;;30,9;17,7;31,4;29,6;19,8;17,7;53;45;45;;;;
2024/07/26;1600 UTC;0;992,1;993,4;992,1;;31,9;17,8;31,9;30,7;18,2;16,9;46;42;43;;;;
2024/07/26;1700 UTC;0;991,2;992,1;991,1;;32,1;17,8;32,4;31,5;18,5;17,2;45;41;42;;;;
2024/07/26;1800 UTC;0;990,7;991,2;990,6;;32;17,9;32,4;31,8;18,6;17,5;44;42;43;;;;
2024/07/26;1900 UTC;0;990,7;990,8;990,5;;31,5;17,7;32;31,5;18,5;17,4;46;42;44;;;;
2024/07/26;2000 UTC;0;991;991;990,7;;30,5;17,6;31,5;30,4;18;17,3;46;43;46;;;;
2024/07/26;2100 UTC;0;991,2;991,2;991;;27,8;17,9;30,5;27,8;18,1;17,4;55;46;55;;;;
2024/07/26;2200 UTC;0;991,8;991,8;991,2;;25,9;18,7;27,8;25,9;18,8;17,8;65;55;65;;;;
2024/07/26;2300 UTC;0;993;993;991,8;;25,3;25,3;25,9;24,7;25,8;18,8;100;65;100;;;;
2024/07/27;0000 UTC;0;993,8;993,8;993;;23,8;;25,4;23,8;;;;;;;;;
2024/07/27;0100 UTC;0;994,2;994,2;993,8;;23,1;;23,8;23;;;;;;;;;
2024/07/27;0200 UTC;0;994,2;994,3;994,2;;22,7;;23,1;22,7;;;;;;;;;
2024/07/27;0300 UTC;0;993,9;994,2;993,9;;22;;22,7;22;;;;;;;;;
2024/07/27;0400 UTC;0;993,6;993,9;993,6;;21,4;;22,2;21,4;;;;;;;;;
2024/07/27;0500 UTC;0;993,3;993,6;993,3;;20,3;;21,4;20,2;;;;;;;;;
2024/07/27;0600 UTC;0;993,4;993,4;993,2;;20,9;;21;19,6;;;;;;;;;
2024/07/27;0700 UTC;0;993,7;993,7;993,4;;20,7;;21;20,6;;;;;;;;;
2024/07/27;0800 UTC;0;993,9;993,9;993,7;;20,3;;20,8;20,3;;;;;;;;;
2024/07/27;0900 UTC;0;994,2;994,3;993,8;;19,7;;20,4;19,6;;;;;;;;;
2024/07/27;1000 UTC;0;994,3;994,3;994,1;1611,7;23,7;;23,7;19,6;;;;;;;;;
2024/07/27;1100 UTC;0;995,1;995,1;994,3;;26,2;23,5;26,3;23,7;25,1;23,2;100;85;85;;;;
2024/07/27;1200 UTC;0;995,2;995,3;995;;27,7;22,8;27,7;26;23,7;22,2;85;75;75;;;;
2024/07/27;1300 UTC;0;994,9;995,2;994,8;;29,2;21,9;29,4;27,6;23,3;21,6;76;64;65;;;;
2024/07/27;1400 UTC;0;994,1;994,9;994,1;;31,2;21,5;31,2;29,2;22,3;20,8;65;55;56;;;;
2024/07/27;1500 UTC;0;993,3;994,1;993,3;;31,6;20,7;32,1;30,6;21,9;20,2;57;52;53;;;;
2024/07/27;1600 UTC;0;992,4;993,3;992,4;;32,2;20,8;32,8;30,9;21,5;20,2;55;50;51;;;;
2024/07/27;1700 UTC;0;991,6;992,5;991,5;;33,7;21,4;33,7;32,1;21,7;20,5;53;49;49;;;;
2024/07/27;1800 UTC;0;991,4;991,6;991,3;;33,1;21,4;33,7;31,8;21,6;20,5;52;48;50;;;;
2024/07/27;1900 UTC;0;991,4;991,5;991,3;;32,9;21;33,1;31,7;21,3;20,5;52;49;50;;;;
2024/07/27;2000 UTC;0;992;992;991,4;;31,3;21,1;32,9;31,3;21,3;20,6;55;49;55;;;;
2024/07/27;2100 UTC;0;992,6;992,6;992;;29,2;21,2;31,3;29,2;21,3;20,9;62;55;62;;;;
2024/07/27;2200 UTC;0;993,2;993,2;992,6;;27,8;22;29,2;27,8;22;21,2;71;62;71;;;;
2024/07/27;2300 UTC;0;993,9;993,9;993,2;;26,5;22,9;27,8;26,4;23,4;22;83;71;80;;;;
2024/07/28;0000 UTC;0;994,9;994,9;993,9;;25,3;;26,7;25,3;26,5;22,9;100;80;;;;;
2024/07/28;0100 UTC;0;995,2;995,2;994,9;;23,9;;25,3;23,9;;;;;;;;;
2024/07/28;0200 UTC;0;995,2;995,2;995,2;;23,4;;24,1;23,4;;;;;;;;;
2024/07/28;0300 UTC;0;995;995,2;995;;23,2;;23,5;22,9;;;;;;;;;
2024/07/28;0400 UTC;0;994,5;995;994,5;;22,7;;23,4;22,7;;;;;;;;;
2024/07/28;0500 UTC;0;994,3;994,6;994,3;;21,7;;22,7;21,7;;;;;;;;;
2024/07/28;0600 UTC;0;994,5;994,5;994,3;;22;;22;21,4;;;;;;;;;
2024/07/28;0700 UTC;0;994,9;994,9;994,5;;23;;23;22;;;;;;;;;
2024/07/28;0800 UTC;0;995,4;995,4;994,9;;23,1;;23,2;23;;;;;;;;;
2024/07/28;0900 UTC;0;995,8;995,8;995,4;;23;;23,2;22,9;;;;;;;;;
2024/07/28;1000 UTC;0;996,4;996,4;995,8;6,1;24;;24;23;;;;;;;;;
2024/07/28;1100 UTC;0;996,9;996,9;996,4;5,4;25,7;;25,7;24;;;;;;;;;
2024/07/28;1200 UTC;0;996,9;997;996,8;;26,8;26,8;26,8;25,7;26,8;25,6;100;98;100;;;;
2024/07/28;1300 UTC;0;996,4;996,9;996,4;;27,1;26,6;27,9;26,6;27,8;26,6;100;94;97;;;;
2024/07/28;1400 UTC;0;995,6;996,4;995,6;;28,1;25;29,5;27,1;27,4;24,4;99;77;84;;;;
2024/07/28;1500 UTC;0;994,9;995,6;994,8;;28,5;25;28,7;28;25,4;24,5;84;80;82;;;;
2024/07/28;1600 UTC;0;993,7;994,9;993,7;;29,9;24;29,9;28,4;25;23,6;82;71;71;;;;
2024/07/28;1700 UTC;0;992,8;993,7;992,8;;31,4;22,6;31,4;29,5;24,1;21,8;71;58;60;;;;
2024/07/28;1800 UTC;0;992,5;992,8;992,4;;30,9;22;31,7;30,3;22,6;21,8;62;57;59;;;;
2024/07/28;1900 UTC;0;992,6;992,6;992,5;;31;22,1;31,7;30,5;22,6;21,5;60;57;59;;;;
2024/07/28;2000 UTC;0;992,7;992,7;992,6;;30,3;21,4;31,2;30,3;22,2;21,4;60;57;59;;;;
2024/07/28;2100 UTC;0;993;993;992,7;;28,1;21,7;30,3;28,1;22,3;21,3;71;59;68;;;;
2024/07/28;2200 UTC;0;993,4;993,4;993;;27,6;22;28,9;27,1;23,1;21,3;79;64;71;;;;
2024/07/28;2300 UTC;0;994,6;994,6;993,4;;27,4;25,5;28,3;27,4;25,5;21,9;89;70;89;;;;
2024/07/29;0000 UTC;0;995;995;994,6;;25,3;;27,4;25,3;26,7;25,4;100;89;;;;;
2024/07/29;0100 UTC;0;995,2;995,2;995;;24,1;;25,3;24,1;;;;;;;;;
2024/07/29;0200 UTC;0;995;995,3;995;;22,9;;24,2;22,9;;;;;;;;;
2024/07/29;0300 UTC;0;994,6;995;994,6;;22,8;;23,1;22,7;;;;;;;;;
2024/07/29;0400 UTC;0;994,4;994,6;994,4;;22,3;;22,8;22,3;;;;;;;;;
2024/07/29;0500 UTC;0;994,3;994,4;994,2;;21,8;;22,3;21,8;;;;;;;;;
2024/07/29;0600 UTC;0;994,5;994,5;994,2;;20,9;;22,1;20,8;;;;;;;;;
2024/07/29;0700 UTC;0;994,9;994,9;994,5;;20,4;;21;20,2;;;;;;;;;
2024/07/29;0800 UTC;0;995,4;995,4;994,9;;19,8;;20,5;19,5;;;;;;;;;
2024/07/29;0900 UTC;0;995,8;995,8;995,4;;20,2;;20,4;19,6;;;;;;;;;
2024/07/29;1000 UTC;0;996,2;996,3;995,8;;23,7;;23,7;20,2;;;;;;;;;
2024/07/29;1100 UTC;0;996,6;996,6;996,2;;25,1;25,1;25,1;23,7;;;;;100;;;;
2024/07/29;1200 UTC;0;996,6;996,8;996,5;;27,4;25,2;27,9;25,1;27,1;25,2;100;87;88;;;;
2024/07/29;1300 UTC;0;996,1;996,7;996,1;;28,6;23,8;29,4;27,1;26,1;23,5;92;73;75;;;;
2024/07/29;1400 UTC;0;995,3;996,1;995,3;;30,4;23,4;30,7;28,7;24,4;22,5;76;63;66;;;;
2024/07/29;1500 UTC;0;994;995,3;994;;32,5;23,2;32,6;30,2;23,6;22,3;66;56;58;;;;
2024/07/29;1600 UTC;0;992,9;994;992,9;;33;22,2;33;31,2;23,1;21,2;58;53;53;;;;
2024/07/29;1700 UTC;0;992,3;992,9;992,3;;32,8;22,1;33,1;31,3;22,6;21,1;56;51;53;;;;
2024/07/29;1800 UTC;0;992;992,4;991,9;;31,9;20,9;33,4;31,9;22,3;20,7;54;50;52;;;;
2024/07/29;1900 UTC;0;991,9;992;991,8;;32,4;21,1;32,8;31,5;21,4;19,9;54;48;51;;;;
2024/07/29;2000 UTC;0;992,1;992,1;991,8;;31,4;20,7;32,4;31,4;20,8;20,2;53;50;53;;;;
2024/07/29;2100 UTC;0;992,6;992,6;992,1;;30,5;20,3;31,4;30,5;20,7;20,3;55;53;55;;;;
2024/07/29;2200 UTC;0;993,1;993,1;992,6;;28,6;20,4;30,9;28,6;21;20,2;63;54;61;;;;
2024/07/29;2300 UTC;0;993,9;993,9;993,1;;26,5;24,2;29,6;26,5;24,2;20,2;87;58;87;;;;
2024/07/30;0000 UTC;0;994,7;994,7;993,9;;25,9;;26,9;25,9;;;;;;;;;
2024/07/30;0100 UTC;0;994,7;994,8;994,6;;25;;25,9;24,9;;;;;;;;;
2024/07/30;0200 UTC;0;994,9;994,9;994,7;;23,8;;25;23,8;;;;;;;;;
2024/07/30;0300 UTC;0;994,5;994,9;994,5;;23,7;;23,9;23,7;;;;;;;;;
2024/07/30;0400 UTC;0;993,9;994,5;993,9;;23,4;;23,8;23,4;;;;;;;;;
2024/07/30;0500 UTC;0;993,6;993,9;993,6;;22,5;;23,4;22,5;;;;;;;;;
2024/07/30;0600 UTC;0;993,5;993,6;993,4;;22,1;;22,5;22;;;;;;;;;
2024/07/30;0700 UTC;0;993,7;993,7;993,5;;21,4;;22,1;21,3;;;;;;;;;
2024/07/30;0800 UTC;0;994,2;994,2;993,7;;21,4;;21,6;21,1;;;;;;;;;
2024/07/30;0900 UTC;0;994,4;994,4;994,2;;21,6;;21,7;21,3;;;;;;;;;
2024/07/30;1000 UTC;0;994,8;994,8;994,4;;24,2;;24,2;21,5;;;;;;;;;
2024/07/30;1100 UTC;0;995,4;995,4;994,8;;26,4;;26,4;24,2;;;;;;;;;
2024/07/30;1200 UTC;0;995,4;995,5;995,4;;29,3;29,1;29,3;26,4;;;;;99;;;;
2024/07/30;1300 UTC;0;994,8;995,4;994,8;;30,3;25,4;30,4;28,8;29,1;25,2;99;74;75;;;;
2024/07/30;1400 UTC;0;993,9;994,8;993,9;;31,9;23,5;32,1;30,3;26;23,5;76;61;61;;;;
2024/07/30;1500 UTC;0;992,9;994;992,9;;33;21,4;33,3;31,7;24,4;21,4;64;50;51;;;;
2024/07/30;1600 UTC;0;991,9;992,9;991,9;,7;33,8;21,1;34,5;32,8;22,4;21,1;52;48;48;;;;
2024/07/30;1700 UTC;0;991,1;991,9;991,1;1,4;34;20;34,7;32,9;21,8;19,6;49;43;44;;;;
2024/07/30;1800 UTC;0;990,7;991,1;990,7;;33,1;19,4;34,6;32,6;20,6;19;47;43;45;;;;
2024/07/30;1900 UTC;0;990,6;990,7;990,6;;33,8;19,6;34,1;33,1;19,6;18,6;45;40;44;;;;
2024/07/30;2000 UTC;0;991;991;990,6;;32,5;19,4;33,8;32,5;19,8;18,9;47;42;46;;;;
2024/07/30;2100 UTC;0;991,6;991,6;991;;28,7;20,8;32,5;28,7;20,8;19,4;62;46;62;;;;
2024/07/30;2200 UTC;0;992,2;992,2;991,6;;26,6;21,9;28,8;26,6;22,2;19,8;77;59;75;;;;
2024/07/30;2300 UTC;0;993,4;993,4;992,2;;27;24,3;28;25,9;24,5;22;85;73;85;;;;
2024/07/31;0000 UTC;0;994,1;994,1;993,4;;25,6;25,6;27,1;25,6;25,6;23,6;100;84;100;;;;
2024/07/31;0100 UTC;0;994,4;994,4;994,1;;24,4;;25,6;24,4;25,6;24,7;100;100;;;;;
2024/07/31;0200 UTC;0;994,5;994,5;994,4;;23;;24,4;23;;;;;;;;;
2024/07/31;0300 UTC;0;994,2;994,4;994,1;;22,9;;23;22,6;;;;;;;;;
2024/07/31;0400 UTC;0;994,1;994,2;993,9;;22,8;;22,9;22,3;;;;;;;;;
2024/07/31;0500 UTC;0;993,5;994,1;993,5;;23,2;;23,2;22,4;;;;;;;;;
2024/07/31;0600 UTC;0;993,4;993,5;993,3;;23,2;;23,3;22,7;;;;;;;;;
2024/07/31;0700 UTC;0;993,3;993,4;993,2;;22,3;;23,3;22,3;;;;;;;;;
2024/07/31;0800 UTC;0;993,6;993,6;993,3;;21,5;;22,3;21,5;;;;;;;;;
2024/07/31;0900 UTC;0;993,6;993,6;993,5;;20,9;;21,5;20,9;;;;;;;;;
2024/07/31;1000 UTC;0;994,2;994,2;993,6;;24,3;;24,3;20,9;;;;;;;;;
2024/07/31;1100 UTC;0;994,8;994,8;994,2;;26,9;;26,9;24,2;;;;;;;;;
2024/07/31;1200 UTC;0;995;995;994,7;;28,4;28;28,6;26,8;28,6;26,8;100;98;98;;;;
2024/07/31;1300 UTC;0;994,8;995,1;994,8;;30,4;24;30,4;28,3;28,5;23,8;98;69;69;;;;
2024/07/31;1400 UTC;0;993,9;994,8;993,9;;31,8;22,6;31,9;30,3;24,1;22,1;69;58;58;;;;
2024/07/31;1500 UTC;0;992,8;993,9;992,8;;32,8;19,8;33,6;31,3;22,7;19,8;59;46;46;;;;
2024/07/31;1600 UTC;0;991,4;992,9;991,4;;33,9;19,1;34,4;32,8;20,3;18,9;47;41;42;;;;
2024/07/31;1700 UTC;0;990,4;991,4;990,4;;34,7;18,5;34,8;33,7;19,6;18,1;43;38;39;;;;
2024/07/31;1800 UTC;0;990;990,4;989,9;;34,4;17,6;35;34,2;18,7;17,1;40;36;37;;;;
2024/07/31;1900 UTC;0;989,8;990;989,7;;34,1;17,1;34,5;34;17,8;16,7;37;35;37;;;;
2024/07/31;2000 UTC;0;990,3;990,3;989,8;;32,8;15,8;34,1;32,8;17,2;15,6;37;35;36;;;;
2024/07/31;2100 UTC;0;991;991;990,3;;30,2;15;32,8;30;15,9;15;42;35;40;;;;
2024/07/31;2200 UTC;0;991,7;991,7;991;;29,5;15,3;30,2;28,5;15,9;15;45;40;42;;;;
2024/07/31;2300 UTC;0;993;993;991,7;;26,8;23;29,5;26,8;23;15,1;80;42;80;;;;
2024/08/01;0000 UTC;0;993,8;993,8;993;;24,7;24,7;26,8;24,7;25,4;23;100;80;100;;;;
2024/08/01;0100 UTC;0;994,2;994,2;993,8;;24;;24,6;23,7;;;;;;;;;
2024/08/01;0200 UTC;0;994,5;994,7;994,2;;23,5;;24;23,4;;;;;;;;;
2024/08/01;0300 UTC;0;994,1;994,5;994,1;;22,7;;23,5;22,3;;;;;;;;;
2024/08/01;0400 UTC;0;993,7;994,1;993,7;;22,2;;22,8;22,2;;;;;;;;;
2024/08/01;0500 UTC;0;993,5;993,7;993,5;;20,9;;22,3;20,9;;;;;;;;;
2024/08/01;0600 UTC;0;993,6;993,7;993,5;;20,6;;21;20,4;;;;;;;;;
2024/08/01;0700 UTC;0;993,8;993,8;993,6;;19,6;;20,7;19,6;;;;;;;;;
2024/08/01;0800 UTC;0;994,1;994,1;993,8;;19,4;;19,6;19,2;;;;;;;;;
2024/08/01;0900 UTC;0;994,5;994,5;994,1;;18,8;;19,4;18,8;;;;;;;;;
2024/08/01;1000 UTC;0;994,8;994,8;994,5;;23,3;;23,3;18,8;;;;;;;;;
2024/08/01;1100 UTC;0;995,2;995,2;994,8;;26,1;26,1;26,2;23,3;;;;;100;;;;
2024/08/01;1200 UTC;0;995,3;995,4;995,2;;27,8;24,9;28;26,1;26,8;24,6;100;83;84;;;;
2024/08/01;1300 UTC;0;995,1;995,3;995,1;;27,9;24,2;28,9;27,2;25,2;23,5;84;77;80;;;;
2024/08/01;1400 UTC;0;994,4;995,1;994,4;;29,3;21,1;29,9;27,5;23,6;21,1;80;61;61;;;;
2024/08/01;1500 UTC;0;993,5;994,5;993,4;;30,8;21,2;31,1;29,3;22,1;21;63;55;57;;;;
2024/08/01;1600 UTC;0;992,1;993,5;992,1;;31,9;21;32,3;30,8;21,8;20,1;58;50;52;;;;
2024/08/01;1700 UTC;0;991,2;992,1;991,2;;33,1;20,2;33,1;31,7;21,1;19,8;53;47;47;;;;
2024/08/01;1800 UTC;0;990,5;991,2;990,5;;32,3;19;33,6;31,9;21,1;19;49;45;46;;;;
2024/08/01;1900 UTC;0;990,4;990,6;990,4;;32,7;19,3;33,1;32,1;19,8;19;48;45;45;;;;
2024/08/01;2000 UTC;0;990,8;990,8;990,4;;31,5;18,5;32,7;31,5;19,4;18,4;46;45;46;;;;
2024/08/01;2100 UTC;0;991,3;991,3;990,8;;28,7;18,2;31,5;28,5;19,2;18,2;56;46;53;;;;
2024/08/01;2200 UTC;0;991,7;991,7;991,3;;28,2;18,1;28,8;27,7;18,9;17,9;59;52;54;;;;
2024/08/01;2300 UTC;0;992,9;992,9;991,7;;26,3;22,6;28,4;26,3;22,6;17,9;80;53;80;;;;
2024/08/02;0000 UTC;0;994;994;992,9;;24,9;24,9;26,3;24,9;25,2;22,6;100;80;100;;;;
2024/08/02;0100 UTC;0;994,5;994,5;994;;24,4;;25,1;24,3;25,1;24,4;100;92;;;;;
2024/08/02;0200 UTC;0;994,5;994,6;994,4;;23;;24,4;22,9;;;;;;;;;
2024/08/02;0300 UTC;0;994;994,5;994;;22,9;;23,3;22,9;;;;;;;;;
2024/08/02;0400 UTC;0;994;994,1;994;;22,4;;22,9;22,4;;;;;;;;;
2024/08/02;0500 UTC;0;993,5;994;993,5;;21,2;;22,4;21,2;;;;;;;;;
2024/08/02;0600 UTC;0;993,4;993,5;993,3;;22;;22;21,2;;;;;;;;;
2024/08/02;0700 UTC;0;993,6;993,6;993,3;;20,7;;22,1;20,7;;;;;;;;;
2024/08/02;0800 UTC;0;994;994;993,6;;20,3;;20,9;20,2;;;;;;;;;
2024/08/02;0900 UTC;0;994,3;994,3;994;;19,9;;20,7;19,7;;;;;;;;;
2024/08/02;1000 UTC;0;994,6;994,6;994,3;;23,9;;23,9;19,7;;;;;;;;;
2024/08/02;1100 UTC;0;995,1;995,1;994,6;;25,3;;25,6;23,9;;;;;;;;;
2024/08/02;1200 UTC;0;995,1;995,3;995,1;;27,6;20,9;27,6;25,3;26,6;20,7;100;67;67;;;;
2024/08/02;1300 UTC;0;994,7;995,1;994,7;;28,8;17,8;29;27,6;20,9;17,4;67;50;52;;;;
2024/08/02;1400 UTC;0;993,7;994,7;993,7;;30,3;18,3;30,3;28,8;18,7;17,4;53;48;49;;;;
2024/08/02;1500 UTC;0;992,8;993,7;992,7;;32;17,8;32;29,9;18,5;16,3;49;42;43;;;;
2024/08/02;1600 UTC;0;991,6;992,9;991,6;;32;16,6;32,3;31;18,1;16,6;44;40;40;;;;
2024/08/02;1700 UTC;0;990,7;991,7;990,7;;32,7;16,7;32,7;31,8;17,4;16;41;38;38;;;;
2024/08/02;1800 UTC;0;990,5;990,8;990,4;;32,1;15,5;32,7;31,9;17,1;15;40;35;37;;;;
2024/08/02;1900 UTC;0;990,3;990,5;990,3;;31,9;16,1;32,4;31,9;16,4;15,2;40;36;39;;;;
2024/08/02;2000 UTC;0;990,7;990,7;990,3;;31,1;16;32;31,1;16,6;15,7;41;38;40;;;;
2024/08/02;2100 UTC;0;991,2;991,2;990,7;;29,5;15,8;31,1;28,8;16,3;15,6;46;40;44;;;;
2024/08/02;2200 UTC;0;991,6;991,6;991,2;;27,8;16,2;29,9;27;16,5;15,4;52;43;49;;;;
2024/08/02;2300 UTC;0;992,2;992,2;991,6;;23,9;17,8;28,6;23,9;17,8;15,8;69;46;69;;;;
2024/08/03;0000 UTC;0;993,3;993,3;992,2;;23,5;21,1;24,6;23,4;21,1;18,4;86;69;86;;;;
2024/08/03;0100 UTC;0;993,8;993,8;993,3;;23,2;23,2;23,8;23;23,4;21,1;100;85;100;;;;
2024/08/03;0200 UTC;0;993,8;993,9;993,8;;22,9;;23,2;22,8;;;;;;;;;
2024/08/03;0300 UTC;0;993,6;993,8;993,5;;22,7;;23,1;22,6;;;;;;;;;
2024/08/03;0400 UTC;0;993,1;993,6;993,1;;22,3;;22,9;22,3;;;;;;;;;
2024/08/03;0500 UTC;0;992,7;993,1;992,7;;21,9;;22,3;21,8;;;;;;;;;
2024/08/03;0600 UTC;0;992,7;992,7;992,6;;21;;22,1;21;;;;;;;;;
2024/08/03;0700 UTC;0;992,9;992,9;992,6;;21;;21,1;20,8;;;;;;;;;
2024/08/03;0800 UTC;0;993,1;993,1;992,9;;20,9;;21,4;20,9;;;;;;;;;
2024/08/03;0900 UTC;0;993,3;993,3;993;;20,9;;21;20,6;;;;;;;;;
2024/08/03;1000 UTC;0;993,9;993,9;993,3;;23,4;;23,4;20,7;;;;;;;;;
2024/08/03;1100 UTC;0;994,4;994,4;993,9;;26,2;26,2;26,2;23,4;;;;;100;;;;
2024/08/03;1200 UTC;0;994,5;994,6;994,4;;26,9;26,9;27,7;25,6;27,7;25,6;100;100;100;;;;
2024/08/03;1300 UTC;0;994,2;994,7;994,2;;27;25;28,9;26,2;27,6;24,4;100;78;89;;;;
2024/08/03;1400 UTC;0;993,4;994,3;993,3;;29,4;22,5;30,3;27;25,5;22,3;91;66;67;;;;
2024/08/03;1500 UTC;0;992,3;993,4;992,3;0;32;21,4;32,3;28,7;22,9;20,4;69;53;54;;;;
2024/08/03;1600 UTC;0;990,7;992,3;990,7;90;32,2;19,8;33;31,1;21,9;19,6;55;48;48;;;;
2024/08/03;1700 UTC;0;989,7;990,7;989,7;;33,4;19,5;33,9;32,2;20,9;19,3;49;43;44;;;;
2024/08/03;1800 UTC;0;989,1;989,7;989,1;;33,4;18,8;34;33;20;18,4;45;41;42;;;;
2024/08/03;1900 UTC;0;989,1;989,2;989;;33,4;17,9;33,8;33,2;18,9;17,9;42;40;40;;;;
2024/08/03;2000 UTC;0;989,5;989,5;989;;32,3;17,5;33,4;32,3;18;17,3;42;40;41;;;;
2024/08/03;2100 UTC;0;990,1;990,1;989,5;15,7;30;16,6;32,3;30;17,5;16,6;45;40;45;;;;
2024/08/03;2200 UTC;0;990,7;990,7;990,1;37,1;30,2;16,8;31,1;29,6;17,2;16,3;47;41;44;;;;
2024/08/03;2300 UTC;0;991,8;991,8;990,7;43;27,3;23,5;30,2;27,3;23,5;16,5;80;45;80;;;;
2024/08/04;0000 UTC;0;992,8;992,8;991,8;10,9;25;25;27,3;25;26;23,7;100;80;100;;;;
2024/08/04;0100 UTC;0;993,3;993,3;992,8;;23,7;;25;23,7;;;;;;;;;
2024/08/04;0200 UTC;0;993,5;993,6;993,3;;23;;23,7;22,9;;;;;;;;;
2024/08/04;0300 UTC;0;993,3;993,5;993,3;;22,5;;23,3;22,5;;;;;;;;;
2024/08/04;0400 UTC;0;992,8;993,3;992,8;;22;;22,5;22;;;;;;;;;
2024/08/04;0500 UTC;0;992,4;992,8;992,4;;20,7;;22;20,7;;;;;;;;;
2024/08/04;0600 UTC;0;992,3;992,4;992,3;;20,1;;20,8;19,7;;;;;;;;;
2024/08/04;0700 UTC;0;992,5;992,5;992,3;;19,7;;20,2;19,6;;;;;;;;;
2024/08/04;0800 UTC;0;992,9;992,9;992,5;;19,5;;19,7;18,7;;;;;;;;;
2024/08/04;0900 UTC;0;993,4;993,4;992,8;;20;;20,1;19,5;;;;;;;;;
2024/08/04;1000 UTC;0;994;994;993,4;2,2;23,9;;23,9;19,9;;;;;;;;;
2024/08/04;1100 UTC;0;994,5;994,5;994;;26,1;23,9;26,3;23,9;26;23,9;100;88;88;;;;
2024/08/04;1200 UTC;0;994,7;994,8;994,5;;28,2;22,2;28,3;25,8;24,3;22,2;90;70;70;;;;
2024/08/04;1300 UTC;0;994,6;994,9;994,6;;30,4;22,1;30,4;27,5;22,4;21,4;71;61;61;;;;
2024/08/04;1400 UTC;0;994,1;994,8;994,1;;30,4;21,7;31,2;29,5;22,1;20,9;62;57;60;;;;
2024/08/04;1500 UTC;0;993,3;994,3;993,3;;30,7;21,2;31,4;29,3;22,3;20,9;62;57;57;;;;
2024/08/04;1600 UTC;0;992,4;993,3;992,3;;31,8;21,3;32,2;29,6;22,2;20,9;60;54;54;;;;
2024/08/04;1700 UTC;0;991,4;992,4;991,4;142,1;31,3;20,7;32,5;30,8;21,9;20,4;56;51;53;;;;
2024/08/04;1800 UTC;0;990,9;991,5;990,9;;31,5;20,2;32,4;30,7;21,3;19,4;56;48;51;;;;
2024/08/04;1900 UTC;0;990,8;990,9;990,7;;31,4;20,5;32,3;30,1;20,7;19,3;55;48;53;;;;
2024/08/04;2000 UTC;0;991,1;991,1;990,8;;30,8;20;31,8;30,7;20,9;19,4;54;50;53;;;;
2024/08/04;2100 UTC;0;991,6;991,7;991,1;,5;28,1;19,9;30,8;28,1;20;19,2;61;51;61;;;;
2024/08/04;2200 UTC;0;992;992;991,6;;26,5;20,6;28,1;26,4;20,8;20;70;61;70;;;;
2024/08/04;2300 UTC;0;992,8;992,8;992;;24,9;21,9;26,6;24,9;22,2;20,4;84;69;83;;;;
2024/08/05;0000 UTC;0;993,6;993,6;992,8;;24;24;24,9;22,9;24;21,9;100;83;100;;;;
2024/08/05;0100 UTC;0;994,2;994,2;993,6;;23,4;;24,4;23,4;;;;;;;;;
2024/08/05;0200 UTC;0;994,3;994,4;994,2;;22,6;;23,4;22,5;;;;;;;;;
2024/08/05;0300 UTC;0;994,3;994,5;994,3;;22,3;;22,8;22,2;;;;;;;;;
2024/08/05;0400 UTC;0;994;994,3;994;;22,7;;22,7;21,9;;;;;;;;;
2024/08/05;0500 UTC;0;993,5;994;993,5;;22,6;;22,8;22,5;;;;;;;;;
2024/08/05;0600 UTC;0;993,3;993,5;993,3;;21,7;;22,6;21,7;;;;;;;;;
2024/08/05;0700 UTC;0;993,6;993,6;993,3;;21,6;;22;21,4;;;;;;;;;
2024/08/05;0800 UTC;0;993,9;993,9;993,6;;21,8;;22;21,6;;;;;;;;;
2024/08/05;0900 UTC;0;994,4;994,4;993,9;;20,9;;21,9;20,8;;;;;;;;;
2024/08/05;1000 UTC;0;994,9;994,9;994,4;1,7;23,3;;23,3;20,9;;;;;;;;;
2024/08/05;1100 UTC;0;995,4;995,4;994,9;;25,8;25,8;25,9;23,3;25,9;23,7;100;99;100;;;;
2024/08/05;1200 UTC;0;995,5;995,6;995,3;;26,9;23,4;27,6;25,8;26;22,9;100;78;81;;;;
2024/08/05;1300 UTC;0;995,2;995,6;995,2;;27,4;22,9;27,9;26,7;23,9;22,7;83;75;77;;;;
2024/08/05;1400 UTC;0;994,5;995,2;994,5;;28,6;22,7;29,2;27,4;23,5;22,3;77;69;70;;;;
2024/08/05;1500 UTC;0;993,7;994,5;993,7;;29,8;22;31,7;28,7;23,5;21,6;71;59;63;;;;
2024/08/05;1600 UTC;0;992,7;993,7;992,7;;30,3;21,2;32,1;29,8;23,1;21;64;55;58;;;;
2024/08/05;1700 UTC;0;991,7;992,7;991,7;;32,1;21;32,9;30,2;22;20,5;59;49;52;;;;
2024/08/05;1800 UTC;0;991,1;991,7;991,1;;30,7;20,2;32,3;30,7;21,3;20;54;49;54;;;;
2024/08/05;1900 UTC;0;990,8;991,1;990,8;;31,7;20,1;32,1;30,5;20,8;19,5;55;49;50;;;;
2024/08/05;2000 UTC;0;990,9;990,9;990,8;;30,6;19,2;31,8;30,3;20,1;19,1;52;49;51;;;;
2024/08/05;2100 UTC;0;991,5;991,5;990,9;;28,6;19,6;30,6;28,6;19,6;19,2;58;51;58;;;;
2024/08/05;2200 UTC;0;992,1;992,1;991,5;;25,4;21,7;28,6;25,4;21,7;19,6;80;58;80;;;;
2024/08/05;2300 UTC;0;992,5;992,5;992,1;;23,5;23,5;25,4;23,5;23,9;21,6;100;80;100;;;;
2024/08/06;0000 UTC;0;993,5;993,5;992,5;;24,9;24,9;25,1;23;25,1;23;100;96;100;;;;
2024/08/06;0100 UTC;0;994;994;993,5;;23,6;;24,9;23,6;;;;;;;;;
2024/08/06;0200 UTC;0;994,1;994,1;994;;22,8;;23,8;22,8;;;;;;;;;
2024/08/06;0300 UTC;0;993,8;994,1;993,8;;22,6;;22,8;22,6;;;;;;;;;
2024/08/06;0400 UTC;0;993,4;993,8;993,4;;22,4;;22,6;22,3;;;;;;;;;
2024/08/06;0500 UTC;0;992,8;993,4;992,8;;21,8;;22,5;21,8;;;;;;;;;
2024/08/06;0600 UTC;0;992,8;992,8;992,7;;21;;21,9;20,8;;;;;;;;;
2024/08/06;0700 UTC;0;993;993;992,7;;20,3;;21;20,1;;;;;;;;;
2024/08/06;0800 UTC;0;993,2;993,2;993;;20,6;;20,6;19,9;;;;;;;;;
2024/08/06;0900 UTC;0;993,4;993,4;993,2;;21;;21;20,4;;;;;;;;;
2024/08/06;1000 UTC;0;993,8;993,8;993,4;30;24,3;24,3;24,3;21;;;;;100;;;;
2024/08/06;1100 UTC;0;994,2;994,2;993,8;;26,4;22,8;26,6;24,3;25,8;22,8;100;80;81;;;;
2024/08/06;1200 UTC;0;994,1;994,3;994,1;;27,7;21,5;27,7;26,3;23,3;21,1;83;69;69;;;;
2024/08/06;1300 UTC;0;993,8;994,2;993,8;;29,2;21,2;29,6;27,7;22,2;20,7;70;61;62;;;;
2024/08/06;1400 UTC;0;993,1;993,9;993;;31,1;19;31,3;29,1;21,5;19;62;49;49;;;;
2024/08/06;1500 UTC;0;992;993,1;992;;32;19,1;32,4;31;19,9;18,5;51;45;47;;;;
2024/08/06;1600 UTC;0;990,8;992,1;990,7;;33;18,2;33;32;19,7;17,7;47;42;42;;;;
2024/08/06;1700 UTC;0;989,8;990,8;989,8;;33,6;17,7;33,6;32,7;18,6;17,3;43;39;39;;;;
2024/08/06;1800 UTC;0;989,1;989,8;989,1;;32,9;17,2;33,7;32,7;18,1;16,8;41;37;39;;;;
2024/08/06;1900 UTC;0;988,8;989,1;988,8;;32,8;16,6;33,5;32,8;17,8;16;40;36;38;;;;
2024/08/06;2000 UTC;0;989,2;989,2;988,8;29,9;32;16,4;32,9;32;16,9;16,2;40;37;39;;;;
2024/08/06;2100 UTC;0;989,5;989,5;989,2;3,7;29,3;16,4;32,1;29,3;16,5;15,9;46;39;46;;;;
2024/08/06;2200 UTC;0;990,1;990,1;989,5;;27,2;16,7;29,3;26,9;17,2;16,1;54;46;53;;;;
2024/08/06;2300 UTC;0;991;991;990,1;;26,1;23,8;27,5;24,9;23,8;15,9;87;50;87;;;;
2024/08/07;0000 UTC;0;991,8;991,8;991;;24,5;;26,1;24,4;25;23,8;100;87;;;;;
2024/08/07;0100 UTC;0;992,3;992,3;991,8;;23,7;;24,5;23,7;;;;;;;;;
2024/08/07;0200 UTC;0;992,3;992,4;992,3;;22,8;;23,8;22,8;;;;;;;;;
2024/08/07;0300 UTC;0;992,1;992,3;992,1;;21,7;;22,8;21,7;;;;;;;;;
2024/08/07;0400 UTC;0;991,5;992,1;991,5;;21;;21,7;20,8;;;;;;;;;
2024/08/07;0500 UTC;0;991,1;991,5;991,1;;20,6;;21,3;20,3;;;;;;;;;
2024/08/07;0600 UTC;0;991;991,3;990,9;;20,4;;20,9;20;;;;;;;;;
2024/08/07;0700 UTC;0;990,9;991;990,8;;20,6;;20,6;19,9;;;;;;;;;
2024/08/07;0800 UTC;0;991,1;991,1;990,9;;21,2;;21,8;20,6;;;;;;;;;
2024/08/07;0900 UTC;0;991,5;991,5;991,1;;21;;21,3;20,7;;;;;;;;;
2024/08/07;1000 UTC;0;991,8;991,8;991,5;;24,3;24,3;24,3;20,9;;;;;100;;;;
2024/08/07;1100 UTC;0;992,4;992,4;991,8;;26,6;25;26,6;24,3;26,3;24,3;100;87;91;;;;
2024/08/07;1200 UTC;0;992,5;992,6;992,4;;28,3;22;28,5;26,4;24,8;21,3;92;67;68;;;;
2024/08/07;1300 UTC;0;992,3;992,6;992,3;;29,5;20,2;30,4;28,1;22;19,9;68;55;58;;;;
2024/08/07;1400 UTC;0;991,6;992,3;991,6;;31,2;20;31,4;29,5;21;19,6;58;51;51;;;;
2024/08/07;1500 UTC;0;990,7;991,6;990,7;;31,8;19;32,7;30,7;20,5;18,9;53;45;47;;;;
2024/08/07;1600 UTC;0;989,7;990,7;989,6;;33,5;18,9;33,5;31,8;19,9;18;48;42;42;;;;
2024/08/07;1700 UTC;0;988,8;989,7;988,8;;33,7;18,5;33,7;32,5;19,4;17,8;44;40;41;;;;
2024/08/07;1800 UTC;0;988,2;988,8;988,2;;33,5;18,1;33,8;32,9;18,5;17,6;41;39;40;;;;
2024/08/07;1900 UTC;0;988;988,3;988;;33,3;17,7;33,7;32,9;18,5;17,4;41;39;40;;;;
2024/08/07;2000 UTC;0;988,2;988,2;988;135,7;32,1;16,9;33,3;32,1;17,8;16,9;41;39;40;;;;
2024/08/07;2100 UTC;0;988,6;988,6;988,2;;29,2;17,4;32,3;29,2;17,8;16,8;50;40;49;;;;
2024/08/07;2200 UTC;0;989,2;989,2;988,6;;26,1;18,1;29,2;26;18,4;17,2;63;49;61;;;;
2024/08/07;2300 UTC;0;990,5;990,5;989,2;;26,3;26,3;27,4;26;26,6;18,1;100;61;100;;;;
2024/08/08;0000 UTC;0;991,5;991,5;990,5;;25,3;;26,3;25,3;;;;;;;;;
2024/08/08;0100 UTC;0;992,1;992,1;991,5;;24,4;;25,3;24,3;;;;;;;;;
2024/08/08;0200 UTC;0;992,1;992,3;992,1;;24,1;;24,5;24,1;;;;;;;;;
2024/08/08;0300 UTC;0;991,9;992,1;991,9;;23,9;;24,2;23,9;;;;;;;;;
2024/08/08;0400 UTC;0;991,4;991,9;991,4;;23,1;;23,9;23,1;;;;;;;;;
2024/08/08;0500 UTC;0;990,9;991,4;990,9;;22,6;;23,1;22,5;;;;;;;;;
2024/08/08;0600 UTC;0;990,8;990,9;990,8;;22,3;;22,6;22,2;;;;;;;;;
2024/08/08;0700 UTC;0;990,7;990,9;990,6;;21,1;;22,3;21;;;;;;;;;
2024/08/08;0800 UTC;0;991,1;991,1;990,7;;20,7;;21,2;20,6;;;;;;;;;
2024/08/08;0900 UTC;0;991,4;991,4;991,1;;20,7;;20,9;20,5;;;;;;;;;
2024/08/08;1000 UTC;0;992,2;992,2;991,4;;23,3;;23,6;20,5;;;;;;;;;
2024/08/08;1100 UTC;0;992,7;992,7;992,2;;25,5;25,5;25,5;23,2;;;;;100;;;;
2024/08/08;1200 UTC;0;992,8;992,9;992,7;;27,7;26,2;27,7;25,5;27,4;25,7;100;92;92;;;;
2024/08/08;1300 UTC;0;992,8;993;992,8;;29,6;23,2;29,6;27,7;26,5;22,7;92;68;69;;;;
2024/08/08;1400 UTC;0;992,1;992,8;992;;31,3;22,1;31,3;29,4;23,8;21,7;70;58;58;;;;
2024/08/08;1500 UTC;0;990,9;992,1;990,9;;32,2;20,7;32,4;31,1;22,3;20,3;59;50;51;;;;
2024/08/08;1600 UTC;0;989,8;990,9;989,8;;33,1;19,9;33,2;32;21,1;19,5;52;45;46;;;;
2024/08/08;1700 UTC;0;988,9;989,8;988,8;;33;19;34,1;32,2;20,1;18,7;47;42;44;;;;
2024/08/08;1800 UTC;0;988,4;988,9;988,3;;33,6;18,1;34,1;33,1;19,4;18;44;40;40;;;;
2024/08/08;1900 UTC;0;988,3;988,4;988,2;;33,4;17,7;34;33,4;18,8;17,6;41;38;39;;;;
2024/08/08;2000 UTC;0;988,6;988,6;988,2;;32,4;17,1;33,4;32,3;18;16,9;41;39;40;;;;
2024/08/08;2100 UTC;0;989,1;989,1;988,6;;29;17,1;32,4;29;17,7;16,7;49;40;49;;;;
2024/08/08;2200 UTC;0;990,3;990,3;989,1;;27,7;24,1;29;27,6;24,1;16,7;81;48;81;;;;
2024/08/08;2300 UTC;0;991,4;991,4;990,3;;26,1;25,8;27,7;25,9;25,8;24,1;99;81;98;;;;
2024/08/09;0000 UTC;0;992,3;992,3;991,4;;24,8;;26,1;24,8;25,9;24,8;100;98;;;;;
2024/08/09;0100 UTC;0;993;993;992,3;;23,9;;24,8;23,9;;;;;;;;;
2024/08/09;0200 UTC;0;993,1;993,1;993;;23,2;;23,9;23,2;;;;;;;;;
2024/08/09;0300 UTC;0;992,9;993,1;992,9;;22,8;;23,2;22,8;;;;;;;;;
2024/08/09;0400 UTC;0;992,5;992,9;992,5;;22,9;;23;22,7;;;;;;;;;
2024/08/09;0500 UTC;0;992,5;992,5;992,3;;23,3;;23,3;22,8;;;;;;;;;
2024/08/09;0600 UTC;0;992;992,5;992;;23,6;;23,7;23,3;;;;;;;;;
2024/08/09;0700 UTC;0;992,4;992,4;992;;23,8;;23,8;23,5;;;;;;;;;
2024/08/09;0800 UTC;0;992,7;992,8;992,4;;23,8;;24;23,7;;;;;;;;;
2024/08/09;0900 UTC;0;993,1;993,1;992,7;;23,5;;23,8;23,5;;;;;;;;;
2024/08/09;1000 UTC;0;993,9;993,9;993,1;;23,5;;23,6;23,5;;;;;;;;;
2024/08/09;1100 UTC;0;994,2;994,2;993,9;;24;;24;23,5;;;;;;;;;
2024/08/09;1200 UTC;0;994,6;994,7;994,2;;25;;25;23,9;;;;;;;;;
2024/08/09;1300 UTC;0;994,5;994,7;994,5;;26,8;26,8;26,8;25,1;;;;;100;;;;
2024/08/09;1400 UTC;0;994,1;994,5;994,1;;27,8;25,6;28;26,8;27,7;25,1;100;86;88;;;;
2024/08/09;1500 UTC;0;993;994,1;993;;28,9;23,7;29,2;27,8;25,6;23,6;88;73;73;;;;
2024/08/09;1600 UTC;0;991,6;993;991,6;;30,1;22,6;30,2;28,9;24,1;22,4;74;64;64;;;;
2024/08/09;1700 UTC;0;990,5;991,6;990,5;;31,1;21,9;31,8;30;23,1;21,4;65;57;58;;;;
2024/08/09;1800 UTC;0;989,9;990,5;989,9;;31,6;21,4;32;30,9;22,1;20,9;59;53;55;;;;
2024/08/09;1900 UTC;0;989,6;989,9;989,6;;31,5;21,2;32,2;31,3;21,8;20,8;56;53;54;;;;
2024/08/09;2000 UTC;0;989,9;989,9;989,6;;31;20,5;31,7;31;21,3;20,5;55;52;54;;;;
2024/08/09;2100 UTC;0;990,2;990,2;989,9;;27,3;22,3;31;27,3;22,3;20,3;75;53;75;;;;
2024/08/09;2200 UTC;0;990,8;990,8;990,2;;24,7;24,7;27,3;24,7;24,9;22,1;100;75;100;;;;
2024/08/09;2300 UTC;0;991,6;991,6;990,8;;25,7;25,7;26;23,9;26;23,9;100;100;100;;;;
2024/08/10;0000 UTC;0;992,6;992,6;991,6;;24,9;;25,7;24,9;;;;;;;;;
2024/08/10;0100 UTC;0;993;993;992,6;;24,7;;24,9;24,5;;;;;;;;;
2024/08/10;0200 UTC;0;992,9;993,1;992,9;;24,6;;24,7;24,6;;;;;;;;;
2024/08/10;0300 UTC;0;992,4;993;992,4;;24,4;;24,6;24,4;;;;;;;;;
2024/08/10;0400 UTC;0;992,2;992,4;992,2;;24,4;;24,4;24,4;;;;;;;;;
2024/08/10;0500 UTC;0;992,1;992,3;992,1;;24,2;;24,6;24,2;;;;;;;;;
2024/08/10;0600 UTC;0;992;992,1;991,9;;24,2;;24,4;24,2;;;;;;;;;
2024/08/10;0700 UTC;0;992,5;992,5;992;;23,8;;24,2;23,6;;;;;;;;;
2024/08/10;0800 UTC;0;992,7;992,7;992,5;;23,5;;23,8;23,5;;;;;;;;;
2024/08/10;0900 UTC;0;993,2;993,2;992,7;;23,4;;23,7;23,4;;;;;;;;;
2024/08/10;1000 UTC;0;994,2;994,2;993,2;;23,2;;23,4;23,1;;;;;;;;;
2024/08/10;1100 UTC;0;994,8;994,9;994,2;;24;;24;23,2;;;;;;;;;
2024/08/10;1200 UTC;0;995;995,2;994,8;;25,3;25,3;25,7;24;;;100;100;100;;;;
2024/08/10;1300 UTC;0;994,7;995;994,6;;26,5;24,7;28,1;25,3;26,8;24,7;100;88;90;;;;
2024/08/10;1400 UTC;0;993,7;994,7;993,7;;29,4;24,1;29,7;26,5;26,3;24;93;73;73;;;;
2024/08/10;1500 UTC;0;992,3;993,7;992,3;;31,2;22,5;31,6;29,4;24,6;22,4;73;60;60;;;;
2024/08/10;1600 UTC;0;991;992,3;991;;31,5;21,7;32,6;30,5;23,5;21,7;63;55;56;;;;
2024/08/10;1700 UTC;0;990;991;990;;33,1;21,2;33,6;31,3;22,7;21,1;59;49;50;;;;
2024/08/10;1800 UTC;0;989,6;990,1;989,6;;32,3;20,6;33,6;32,3;21,9;20,4;51;48;50;;;;
2024/08/10;1900 UTC;0;989,4;989,7;989,3;;33,1;20,5;33,4;32,3;21,2;20,2;51;47;47;;;;
2024/08/10;2000 UTC;0;989,6;989,6;989,4;;32,2;19,8;33,1;32,1;20,6;19,4;50;46;48;;;;
2024/08/10;2100 UTC;0;990,2;990,2;989,6;;29,6;19,3;32,2;29,6;20,3;19,2;54;48;54;;;;
2024/08/10;2200 UTC;0;991,4;991,4;990,2;;27,1;22,7;29,6;27,1;22,7;19,2;77;54;77;;;;
2024/08/10;2300 UTC;0;992,6;992,6;991,4;;25,3;25,3;27,1;25,3;25,4;22,8;100;77;100;;;;
2024/08/11;0000 UTC;0;993,2;993,2;992,6;;24,2;;25,3;24,2;25,3;24,4;100;100;;;;;
2024/08/11;0100 UTC;0;993,3;993,4;993,2;;23,4;;24,2;23,4;;;;;;;;;
2024/08/11;0200 UTC;0;993,3;993,4;993,2;;22,6;;23,4;22,6;;;;;;;;;
2024/08/11;0300 UTC;0;992,8;993,3;992,8;;22,8;;22,9;22,5;;;;;;;;;
2024/08/11;0400 UTC;0;992,2;992,8;992,2;;23,2;;23,2;22,8;;;;;;;;;
2024/08/11;0500 UTC;0;992;992,2;992;;23;;23,3;22,9;;;;;;;;;
2024/08/11;0600 UTC;0;992;992,1;991,9;;22,6;;23,2;22,6;;;;;;;;;
2024/08/11;0700 UTC;0;992,7;992,8;992;;22,7;;22,7;22,4;;;;;;;;;
2024/08/11;0800 UTC;0;992,8;992,8;992,7;;23,1;;23,4;22,7;;;;;;;;;
2024/08/11;0900 UTC;0;993,1;993,1;992,8;;22;;23,2;22;;;;;;;;;
2024/08/11;1000 UTC;0;993,6;993,6;993,1;;24,2;;24,4;22;;;;;;;;;
2024/08/11;1100 UTC;0;994,2;994,2;993,6;;25;;25,1;24;;;;;;;;;
2024/08/11;1200 UTC;0;994,4;994,4;994,2;;27,9;27,9;27,9;24,8;27,9;25,9;100;99;100;;;;
2024/08/11;1300 UTC;0;994,1;994,5;994,1;;30;25,3;30,1;26,8;27,7;25,3;100;76;76;;;;
2024/08/11;1400 UTC;0;993,1;994,1;993,1;;31,2;23,9;31,3;28,8;25,4;23,2;80;64;65;;;;
2024/08/11;1500 UTC;0;991,9;993,1;991,9;;32,4;22,7;32,7;31,1;24;22,4;65;57;57;;;;
2024/08/11;1600 UTC;0;990,7;991,8;990,7;;33,6;21,7;33,8;32;23,2;21,7;58;50;50;;;;
2024/08/11;1700 UTC;0;989,4;990,7;989,4;;33,8;21,9;34,5;33,1;22,5;21,2;53;47;50;;;;
2024/08/11;1800 UTC;0;989;989,4;988,9;;34,6;19,8;34,7;33,3;22,4;19,8;51;42;42;;;;
2024/08/11;1900 UTC;0;989;989;988,9;;34,5;18,5;34,9;34,3;20,1;17,5;43;36;39;;;;
2024/08/11;2000 UTC;0;989,3;989,3;989;;33;18,9;34,5;33;19;18,4;44;39;44;;;;
2024/08/11;2100 UTC;0;989,9;989,9;989,3;;30,5;19,3;33;29,8;19,3;18,3;52;43;51;;;;
2024/08/11;2200 UTC;0;991;991;989,9;;27,9;26,7;30,6;27,9;26,7;20,5;93;51;93;;;;
2024/08/11;2300 UTC;0;992,4;992,4;991;;25,9;25,9;27,9;25,9;27,4;25,9;100;93;100;;;;
2024/08/12;0000 UTC;0;993,2;993,2;992,4;;24,7;;25,9;24,6;;;;;;;;;
2024/08/12;0100 UTC;0;993,5;993,5;993,2;;24;;24,7;24;;;;;;;;;
2024/08/12;0200 UTC;0;993,5;993,7;993,5;;24,1;;24,2;23,8;;;;;;;;;
2024/08/12;0300 UTC;0;993,1;993,5;993,1;;24,3;;24,3;24,1;;;;;;;;;
2024/08/12;0400 UTC;0;993;993,2;992,8;;24,5;;24,5;24,3;;;;;;;;;
2024/08/12;0500 UTC;0;993,1;993,1;992,9;;24,7;;24,7;24,5;;;;;;;;;
2024/08/12;0600 UTC;0;993,3;993,4;993,1;;24,7;;24,7;24,6;;;;;;;;;
2024/08/12;0700 UTC;0;993,6;993,7;993,3;;23,7;;24,8;23,7;;;;;;;;;
2024/08/12;0800 UTC;0;994;994,1;993,6;;24,4;;24,4;23,7;;;;;;;;;
2024/08/12;0900 UTC;0;994,5;994,5;994;;24,3;;24,5;24,3;;;;;;;;;
2024/08/12;1000 UTC;0;995;995,1;994,5;;24,5;;24,5;24,2;;;;;;;;;
2024/08/12;1100 UTC;0;996,1;996,1;995;;25,2;;25,7;24,5;;;;;;;;;
2024/08/12;1200 UTC;0;996,2;996,3;996,1;;26,9;26,9;26,9;25,2;27;25,5;100;100;100;;;;
2024/08/12;1300 UTC;0;995,8;996,2;995,8;;28,5;25,3;29,1;26,7;27,3;24,9;100;81;83;;;;
2024/08/12;1400 UTC;0;994,8;995,8;994,8;;30,5;23;31,1;28;26;22,8;86;63;64;;;;
2024/08/12;1500 UTC;0;993,6;994,8;993,6;;32,1;21,3;32,5;30,4;23,3;21,3;65;53;53;;;;
2024/08/12;1600 UTC;0;992,5;993,6;992,5;;33,2;21;33,8;31,7;22;20,8;55;48;49;;;;
2024/08/12;1700 UTC;0;991,4;992,5;991,4;;33,5;20,8;33,8;33;21,5;20,3;50;46;48;;;;
2024/08/12;1800 UTC;0;990,8;991,5;990,8;;34;19,9;34,4;33,5;21,3;19,5;48;43;44;;;;
2024/08/12;1900 UTC;0;990,8;990,9;990,7;;33,7;19,3;34,1;33,5;20,1;19,2;45;42;43;;;;
2024/08/12;2000 UTC;0;991;991;990,8;;32,6;18,9;33,7;32,6;19,5;18,8;45;43;44;;;;
2024/08/12;2100 UTC;0;991,4;991,4;991;;29,9;18,5;32,6;29,9;19,3;18,5;51;44;51;;;;
2024/08/12;2200 UTC;0;992,5;992,5;991,4;;28;24,5;29,9;27,9;24,5;18,6;81;51;81;;;;
2024/08/12;2300 UTC;0;993,4;993,4;992,5;;26,1;26,1;28;26,1;26,8;24,5;100;81;100;;;;
2024/08/13;0000 UTC;0;993,9;993,9;993,4;;25;25,1;26,2;25;26,2;25;100;100;100;;;;
2024/08/13;0100 UTC;0;994,3;994,3;993,9;;24;;25;23,9;;;;;;;;;
2024/08/13;0200 UTC;0;994,4;994,5;994,3;;23,4;;24;23,3;;;;;;;;;
2024/08/13;0300 UTC;0;994;994,5;994;;23;;23,4;22,9;;;;;;;;;
2024/08/13;0400 UTC;0;993,5;994;993,5;;22,7;;23;22,7;;;;;;;;;
2024/08/13;0500 UTC;0;993,4;993,5;993,4;;22,5;;22,8;22,4;;;;;;;;;
2024/08/13;0600 UTC;0;993,5;993,6;993,3;;22,2;;22,6;22,1;;;;;;;;;
2024/08/13;0700 UTC;0;994,1;994,1;993,5;;21,7;;22,4;21,7;;;;;;;;;
2024/08/13;0800 UTC;0;994,3;994,3;994,1;;21;;21,8;20,9;;;;;;;;;
2024/08/13;0900 UTC;0;994,3;994,3;994,2;;21,3;;21,7;20,9;;;;;;;;;
2024/08/13;1000 UTC;0;994,9;995;994,3;284,5;23,7;;23,7;21,2;;;;;;;;;
2024/08/13;1100 UTC;0;995,5;995,5;994,9;;25,6;;25,6;23,7;;;;;;;;;
2024/08/13;1200 UTC;0;995,3;995,6;995,3;;28,1;26,7;28,2;25,6;27,7;25,7;100;92;93;;;;
2024/08/13;1300 UTC;0;994,9;995,4;994,8;;29,4;25,1;29,4;27,8;26,8;24,4;93;77;78;;;;
2024/08/13;1400 UTC;0;993,9;994,9;993,9;;30,6;22,8;31,1;29;25,1;22,8;78;63;63;;;;
2024/08/13;1500 UTC;0;993;993,9;993;;32,3;21;33;30,4;23,4;21;65;51;51;;;;
2024/08/13;1600 UTC;0;991,7;993;991,7;;33,2;20,9;33,6;31,7;21,7;19,7;54;46;49;;;;
2024/08/13;1700 UTC;0;990,5;991,7;990,5;;33,6;19,8;34;32,9;21,1;19,6;49;44;45;;;;
2024/08/13;1800 UTC;0;989,9;990,5;989,8;;34,1;19,7;34,4;33,5;20,2;19,3;45;42;43;;;;
2024/08/13;1900 UTC;0;989,9;989,9;989,8;;33,7;18,5;34,3;33,6;19,7;18,3;43;40;41;;;;
2024/08/13;2000 UTC;0;990,4;990,4;989,9;;32,5;17,9;33,7;32,5;18,6;17,6;42;40;42;;;;
2024/08/13;2100 UTC;0;990,8;990,8;990,4;;29,4;18,4;32,5;29,4;18,7;18;52;42;52;;;;
2024/08/13;2200 UTC;0;991,7;991,7;990,8;;27,9;24,5;29,5;27,9;24,5;18,4;81;52;81;;;;
2024/08/13;2300 UTC;0;992,7;992,7;991,7;;26;26;28;26;26,7;24,5;100;81;100;;;;
2024/08/14;0000 UTC;0;993,5;993,5;992,7;;24,8;;25,9;24,8;;;;;;;;;
2024/08/14;0100 UTC;0;994;994;993,5;;24,4;;24,8;24,3;;;;;;;;;
2024/08/14;0200 UTC;0;994,1;994,1;994;;24;;24,4;23,9;;;;;;;;;
2024/08/14;0300 UTC;0;993,6;994,1;993,6;;23,4;;24;23,4;;;;;;;;;
2024/08/14;0400 UTC;0;993,6;993,6;993,4;;24;;24;23,3;;;;;;;;;
2024/08/14;0500 UTC;0;993,6;993,7;993,6;;23,7;;24,1;23,7;;;;;;;;;
2024/08/14;0600 UTC;0;994;994;993,6;;23,9;;24;23,5;;;;;;;;;
2024/08/14;0700 UTC;0;994,4;994,4;994;;23,7;;24;23,7;;;;;;;;;
2024/08/14;0800 UTC;0;995;995;994,4;;23,2;;23,7;23,1;;;;;;;;;
2024/08/14;0900 UTC;0;996;996;995;;22,3;;23,2;22,3;;;;;;;;;
2024/08/14;1000 UTC;0;996,9;996,9;996;;23,4;;23,4;22,1;;;;;;;;;
2024/08/14;1100 UTC;0;997,3;997,3;996,9;;25,5;25,5;25,7;23,4;;;;;100;;;;
2024/08/14;1200 UTC;0;997,3;997,5;997,2;;27,4;22,7;27,6;25,5;26,1;22,6;100;75;76;;;;
2024/08/14;1300 UTC;0;996,8;997,4;996,8;;28,6;21,4;29;26,9;22,8;21,4;76;65;65;;;;
2024/08/14;1400 UTC;0;995,8;996,9;995,8;;30,3;20,3;30,7;27,8;21,6;20,1;68;54;55;;;;
2024/08/14;1500 UTC;0;994,6;995,8;994,6;;31,1;19,9;31,4;29,9;20,9;19,7;56;51;51;;;;
2024/08/14;1600 UTC;0;993,3;994,7;993,3;;32,1;19,6;32,3;31;20,3;19,2;52;47;48;;;;
2024/08/14;1700 UTC;0;992,1;993,3;992,1;;32,3;19,1;32,7;31,6;19,9;19;48;46;46;;;;
2024/08/14;1800 UTC;0;991,5;992,1;991,5;;32,8;19,2;33;32,1;19,8;18,6;47;44;45;;;;
2024/08/14;1900 UTC;0;991,5;991,6;991,4;;31,7;18,4;33;31,7;19,3;18,3;46;44;45;;;;
2024/08/14;2000 UTC;0;991,6;991,6;991,4;;31,6;18,1;32,2;31,6;18,8;18;46;44;45;;;;
2024/08/14;2100 UTC;0;991,9;991,9;991,5;;30,1;17,6;31,6;30,1;18,2;17,5;47;44;47;;;;
2024/08/14;2200 UTC;0;992,3;992,3;991,9;;28,4;17,6;30,1;28,4;17,9;17,5;52;47;52;;;;
2024/08/14;2300 UTC;0;993,5;993,5;992,3;;26,7;23,3;28,8;26,6;23,5;17,6;83;51;81;;;;
2024/08/15;0000 UTC;0;994,1;994,1;993,5;;25,1;25,2;26,7;25,1;25,2;23,2;100;81;100;;;;
2024/08/15;0100 UTC;0;994,5;994,5;994,1;;24,1;;25,1;24,1;25,1;24,4;100;100;;;;;
2024/08/15;0200 UTC;0;994,6;994,8;994,5;;23,6;;24,1;23,5;;;;;;;;;
2024/08/15;0300 UTC;0;994,2;994,6;994,2;;22,4;;23,6;22,4;;;;;;;;;
2024/08/15;0400 UTC;0;993,8;994,3;993,8;;22,1;;22,5;21,9;;;;;;;;;
2024/08/15;0500 UTC;0;993,8;993,9;993,7;;21,2;;22,2;20,9;;;;;;;;;
2024/08/15;0600 UTC;0;994,1;994,1;993,8;9,6;20,3;;21,2;20,2;;;;;;;;;
2024/08/15;0700 UTC;0;994,7;994,7;994;6,5;22,7;;23;20,3;;;;;;;;;
2024/08/15;0800 UTC;0;995,3;995,3;994,6;;22,2;;23;22,2;;;;;;;;;
2024/08/15;0900 UTC;0;995,9;995,9;995,3;;21,8;;22,2;21,8;;;;;;;;;
2024/08/15;1000 UTC;0;996,3;996,3;995,9;;23,9;23,9;23,9;21,7;;;;;100;;;;
2024/08/15;1100 UTC;0;996,7;996,8;996,3;;25,8;22,5;26,1;23,9;24,1;22,5;100;82;82;;;;
2024/08/15;1200 UTC;0;996,8;996,9;996,7;;27,8;20,7;28;25,8;22,6;20,4;82;65;65;;;;
2024/08/15;1300 UTC;0;996,4;996,9;996,3;;29,7;19,7;29,9;27,7;20,9;19,6;66;55;55;;;;
2024/08/15;1400 UTC;0;995,4;996,4;995,4;;30,9;19,9;31,4;29,7;20,5;19,6;56;51;52;;;;
2024/08/15;1500 UTC;0;994,1;995,5;994,1;;31,8;19,6;32,1;30,5;20,2;18,9;53;47;48;;;;
2024/08/15;1600 UTC;0;993,1;994,1;993,1;;32,2;19,1;32,8;31,6;20;18,4;48;44;46;;;;
2024/08/15;1700 UTC;0;992,1;993,1;992;;32,3;18,6;32,9;31,8;19,7;18,1;47;43;44;;;;
2024/08/15;1800 UTC;0;991,5;992,1;991,4;;32;18,2;32,8;31,8;19;17,8;46;43;44;;;;
2024/08/15;1900 UTC;0;991,5;991,5;991,3;;32;17,5;32,4;32;18,5;17,5;44;42;42;;;;
2024/08/15;2000 UTC;0;991,7;991,7;991,5;;31,2;17,3;32;31,2;17,8;17,2;44;42;43;;;;
2024/08/15;2100 UTC;0;992;992;991,7;;28,7;17,7;31,2;28,7;17,7;17,1;51;43;51;;;;
2024/08/15;2200 UTC;0;992,3;992,3;992;;27,4;17,7;28,7;27,1;18,3;17,5;59;51;56;;;;
2024/08/15;2300 UTC;0;992,9;992,9;992,3;;24,8;19,5;27,5;24,6;19,5;17,7;73;55;72;;;;
2024/08/16;0000 UTC;0;993,9;993,9;992,9;;25,1;21,3;25,8;23,2;21,3;19,4;88;72;79;;;;
2024/08/16;0100 UTC;0;993,8;993,9;993,8;;23,3;23,3;25,1;23,1;23,7;21,1;100;79;100;;;;
2024/08/16;0200 UTC;0;994,2;994,2;993,8;;22,9;;23,4;22,6;;;;;;;;;
2024/08/16;0300 UTC;0;994;994,2;993,9;;22,7;;22,9;22,4;;;;;;;;;
2024/08/16;0400 UTC;0;993,5;994;993,5;;22,2;;22,8;22,2;;;;;;;;;
2024/08/16;0500 UTC;0;993,3;993,5;993,3;;22,3;;22,3;21,9;;;;;;;;;
2024/08/16;0600 UTC;0;993,5;993,5;993,3;8,3;21;;22,4;21;;;;;;;;;
2024/08/16;0700 UTC;0;993,7;993,7;993,5;72,7;20,2;;21;20,2;;;;;;;;;
2024/08/16;0800 UTC;0;994,3;994,3;993,6;224,2;21,3;;21,4;20,2;;;;;;;;;
2024/08/16;0900 UTC;0;995;995;994,4;;20,3;;21,3;20,2;;;;;;;;;
2024/08/16;1000 UTC;0;995,4;995,4;995;;23,2;23,2;23,2;20,2;;;;;100;;;;
2024/08/16;1100 UTC;0;996;996,1;995,4;;25,7;21,4;25,9;23,2;24,4;21,4;100;77;77;;;;
2024/08/16;1200 UTC;0;996,3;996,5;996;;27,5;20,4;27,6;25,6;21,9;20,4;78;65;65;;;;
2024/08/16;1300 UTC;0;995,5;996,3;995,4;;29;19,4;29,3;27,4;20,9;19,4;66;56;56;;;;
2024/08/16;1400 UTC;0;994,5;995,5;994,5;;30,9;19,2;30,9;28,9;19,6;18;57;48;50;;;;
2024/08/16;1500 UTC;0;993,3;994,5;993,3;;31,8;17,8;32,1;30,3;19,1;17,8;50;43;43;;;;
2024/08/16;1600 UTC;0;992;993,3;992;;32,8;17,1;32,9;31,4;18,2;16,6;45;39;39;;;;
2024/08/16;1700 UTC;0;990,9;992;990,9;;33,1;16,2;33,5;32,2;17,1;15,9;40;36;36;;;;
2024/08/16;1800 UTC;0;990,4;990,9;990,4;;33,2;16,2;33,8;33;16,9;15,8;37;35;36;;;;
2024/08/16;1900 UTC;0;990,4;990,4;990,2;;33;15,7;33,5;32,9;16,4;15,5;37;35;36;;;;
2024/08/16;2000 UTC;0;990,8;990,8;990,4;;31,8;15,3;33,1;31,8;15,8;15,3;37;35;37;;;;
2024/08/16;2100 UTC;0;991,3;991,3;990,8;;29,3;15,8;31,8;29,3;15,8;15,3;44;37;44;;;;
2024/08/16;2200 UTC;0;991,8;991,8;991,3;;27,8;15,8;29,3;27,8;16;15,6;48;44;48;;;;
2024/08/16;2300 UTC;0;992,7;992,7;991,8;;24,7;17,7;27,8;24,7;17,8;15,8;65;48;65;;;;
2024/08/17;0000 UTC;0;993,8;993,8;992,7;;24,6;24,6;26;24,4;24,6;17,2;100;61;100;;;;
2024/08/17;0100 UTC;0;994,2;994,2;993,8;;24;;24,7;24;;;;;;;;;
2024/08/17;0200 UTC;0;994,3;994,4;994,2;;23,6;;24;23,5;;;;;;;;;
2024/08/17;0300 UTC;0;993,8;994,3;993,8;;23,1;;23,6;23,1;;;;;;;;;
2024/08/17;0400 UTC;0;993,3;993,8;993,3;;23,1;;23,6;23;;;;;;;;;
2024/08/17;0500 UTC;0;992,8;993,3;992,8;;22,7;;23,1;22,7;;;;;;;;;
2024/08/17;0600 UTC;0;992,5;992,8;992,5;;21,8;;22,7;21,8;;;;;;;;;
2024/08/17;0700 UTC;0;992,7;992,7;992,5;216,2;20,7;;21,8;20,7;;;;;;;;;
2024/08/17;0800 UTC;0;993;993;992,7;2300;19,8;;20,7;19,6;;;;;;;;;
2024/08/17;0900 UTC;0;993,6;993,6;993;;18,9;;19,8;18,9;;;;;;;;;
2024/08/17;1000 UTC;0;994,2;994,2;993,6;;22,9;;23,2;18,9;;;;;;;;;
2024/08/17;1100 UTC;0;994,9;994,9;994,2;;25,2;25,3;25,5;22,9;;;;;100;;;;
2024/08/17;1200 UTC;0;994,9;995;994,8;;27,5;21,8;27,6;25,2;25,6;21,8;100;71;71;;;;
2024/08/17;1300 UTC;0;994,5;994,9;994,5;;28,7;20;29,7;27,4;21,9;20;71;59;60;;;;
2024/08/17;1400 UTC;0;993,6;994,6;993,6;;29,4;20;30,2;27,9;20,9;19,6;63;55;57;;;;
2024/08/17;1500 UTC;0;992,7;993,7;992,7;;30,7;20,1;31,7;29,1;20,6;19,5;57;51;53;;;;
2024/08/17;1600 UTC;0;991,2;992,7;991,2;;32,3;20,3;32,7;30,5;20,5;19,2;53;46;49;;;;
2024/08/17;1700 UTC;0;990,1;991,2;990,1;;32,5;18,9;33,1;31,9;20,2;18,9;49;44;45;;;;
2024/08/17;1800 UTC;0;989,6;990,1;989,6;;33;18,5;33,2;32,3;19,3;18,4;46;42;42;;;;
2024/08/17;1900 UTC;0;989,5;989,7;989,4;;33;17,1;33,2;32,5;18,5;17,1;42;39;39;;;;
2024/08/17;2000 UTC;0;989,8;989,8;989,5;;31,6;17,8;33,1;31,6;17,8;16,2;44;38;44;;;;
2024/08/17;2100 UTC;0;990,3;990,3;989,8;;28,6;16,7;31,6;28,6;18,5;16,6;50;44;48;;;;
2024/08/17;2200 UTC;0;991;991;990,3;;25,5;18,3;28,6;25,5;18,3;16,5;65;48;65;;;;
2024/08/17;2300 UTC;0;992,6;992,6;991;;25,3;21,3;26,4;24,8;21,3;17,8;78;63;78;;;;
2024/08/18;0000 UTC;0;993,5;993,5;992,6;;24,6;24,6;25,5;24,5;24,7;21,3;100;78;100;;;;
2024/08/18;0100 UTC;0;994;994;993,5;;23,7;;24,6;23,6;;;;;;;;;
2024/08/18;0200 UTC;0;993,9;994;993,8;;23,3;;23,6;23,1;;;;;;;;;
2024/08/18;0300 UTC;0;993,7;993,9;993,6;;22,9;;23,4;22,8;;;;;;;;;
2024/08/18;0400 UTC;0;993,4;993,7;993,4;;22,8;;22,9;22,5;;;;;;;;;
2024/08/18;0500 UTC;0;993,3;993,4;993,1;;22,1;;22,8;22,1;;;;;;;;;
2024/08/18;0600 UTC;0;993,2;993,5;993,2;;21,8;;22,5;21,8;;;;;;;;;
2024/08/18;0700 UTC;0;993,5;993,5;993,2;;21;;21,8;20,9;;;;;;;;;
2024/08/18;0800 UTC;0;993,9;993,9;993,5;;20;;21;19,8;;;;;;;;;
2024/08/18;0900 UTC;0;994,5;994,5;993,9;;19,5;;20,3;19;;;;;;;;;
2024/08/18;1000 UTC;0;995,1;995,1;994,5;;23,5;;23,6;19,4;;;;;;;;;
2024/08/18;1100 UTC;0;995,8;995,8;995,1;;25,5;24,3;25,6;23,5;25,4;23,9;100;93;93;;;;
2024/08/18;1200 UTC;0;995,7;995,9;995,7;;27,8;22,1;28;25,4;24,6;22,1;95;71;71;;;;
2024/08/18;1300 UTC;0;995;995,7;995;;29,4;19,4;30;27,7;22,2;19,4;72;55;55;;;;
2024/08/18;1400 UTC;0;993,9;995;993,9;;30,6;19,4;31,2;28,9;20,2;19,1;57;50;51;;;;
2024/08/18;1500 UTC;0;992,8;993,9;992,8;;32,5;19,1;32,9;30,1;19,7;18,3;52;43;45;;;;
2024/08/18;1600 UTC;0;991,7;992,8;991,7;;33;17,6;33,3;31,4;18,8;17,1;46;39;40;;;;
2024/08/18;1700 UTC;0;990,5;991,7;990,5;;32,6;16,3;33,6;32,3;18,1;16,3;41;38;38;;;;
2024/08/18;1800 UTC;0;990;990,5;989,9;;33,3;14,7;34;32,3;16,7;14,7;39;33;33;;;;
2024/08/18;1900 UTC;0;989,7;989,9;989,6;;33,2;14,1;33,6;33;15,1;13,9;34;31;32;;;;
2024/08/18;2000 UTC;0;990,1;990,1;989,7;;32,2;13,9;33,2;32,2;14,5;13,4;33;32;33;;;;
2024/08/18;2100 UTC;0;990,7;990,7;990,1;;30,8;14,1;32,2;30,8;14,2;13,6;36;33;36;;;;
2024/08/18;2200 UTC;0;991,4;991,4;990,7;;26,4;14,4;30,7;26,4;14,8;13,9;48;36;47;;;;
2024/08/18;2300 UTC;0;992,6;992,6;991,4;;24,7;15,7;27;24,1;16,8;14,2;63;46;57;;;;
2024/08/19;0000 UTC;0;993,7;993,7;992,6;;24,6;24,6;25,5;24,4;24,8;16,7;100;58;100;;;;
2024/08/19;0100 UTC;0;994,3;994,4;993,7;;23,6;;24,6;23,6;;;;;;;;;
2024/08/19;0200 UTC;0;994,5;994,5;994,3;;22,8;;23,7;22,8;;;;;;;;;
2024/08/19;0300 UTC;0;994;994,6;994;;23,4;;23,4;22,8;;;;;;;;;
2024/08/19;0400 UTC;0;993,5;994;993,5;;23;;23,7;23;;;;;;;;;
2024/08/19;0500 UTC;0;993,3;993,5;993,3;;22,6;;23;22,5;;;;;;;;;
2024/08/19;0600 UTC;0;993,4;993,4;993,3;;23;;23,2;22,5;;;;;;;;;
2024/08/19;0700 UTC;0;993,7;993,7;993,3;;22,8;;23,1;22,8;;;;;;;;;
2024/08/19;0800 UTC;0;994,1;994,1;993,7;;22;;22,8;21,9;;;;;;;;;
2024/08/19;0900 UTC;0;994,6;994,6;994,1;;22,5;;22,5;22;;;;;;;;;
2024/08/19;1000 UTC;0;995,2;995,3;994,6;;24,3;;24,3;22,5;;;;;;;;;
2024/08/19;1100 UTC;0;995,7;995,7;995,2;;24,9;;25,2;23,7;;;;;;;;;
2024/08/19;1200 UTC;0;996;996,1;995,7;;27,2;27,2;27,6;24,9;;;;;100;;;;
2024/08/19;1300 UTC;0;995,8;996,1;995,7;;30,1;23,5;30,4;27,2;27,9;23,5;100;68;68;;;;
2024/08/19;1400 UTC;0;995,2;995,8;995,2;;30,8;22,3;31,5;29,1;23,6;22,3;69;60;61;;;;
2024/08/19;1500 UTC;0;994,2;995,2;994,2;;30,7;21,3;31,8;29,8;22,8;21,3;64;56;57;;;;
2024/08/19;1600 UTC;0;992,6;994,2;992,6;;31,5;20,1;33,1;30,2;21,8;19,9;58;48;51;;;;
2024/08/19;1700 UTC;0;991,6;992,6;991,6;;34;19,8;34,1;31,5;20,4;19,2;51;42;43;;;;
2024/08/19;1800 UTC;0;990,8;991,6;990,8;;33,7;19,6;34;32,5;19,9;18,5;46;41;44;;;;
2024/08/19;1900 UTC;0;990,6;990,8;990,5;;33;18,2;34;32;19,7;18,1;45;41;42;;;;
2024/08/19;2000 UTC;0;990,7;990,7;990,5;;31,9;18,4;33;31,9;18,4;17,9;45;41;45;;;;
2024/08/19;2100 UTC;0;990,8;990,8;990,6;;29;17,7;31,9;29;18,4;17,7;51;44;51;;;;
2024/08/19;2200 UTC;0;991,8;991,8;990,8;;27,4;18,5;29,1;27,4;18,5;17,5;58;50;58;;;;
2024/08/19;2300 UTC;0;993;993;991,8;;26,7;25,4;28;26,7;25,4;18,2;92;56;92;;;;
2024/08/20;0000 UTC;0;994,1;994,1;993;;25,6;25,6;26,8;25,6;26,2;25,4;100;92;100;;;;
2024/08/20;0100 UTC;0;994,4;994,4;994,1;;24,5;;25,6;24,5;;;;;;;;;
2024/08/20;0200 UTC;0;994,7;994,7;994,4;;24,2;;24,6;24,1;;;;;;;;;
2024/08/20;0300 UTC;0;994,4;994,7;994,4;;24,4;;24,5;24,2;;;;;;;;;
2024/08/20;0400 UTC;0;994;994,4;994;;24;;24,5;23,9;;;;;;;;;
2024/08/20;0500 UTC;0;993,7;994;993,7;;23,6;;24;23,5;;;;;;;;;
2024/08/20;0600 UTC;0;993,7;993,8;993,7;;23,5;;23,9;23,5;;;;;;;;;
2024/08/20;0700 UTC;0;993,8;993,8;993,7;;23,7;;23,8;23,5;;;;;;;;;
2024/08/20;0800 UTC;0;994,3;994,3;993,8;;23;;23,7;23;;;;;;;;;
2024/08/20;0900 UTC;0;994,9;994,9;994,3;;22;;23;22;;;;;;;;;
2024/08/20;1000 UTC;0;995,6;995,6;994,9;;24,6;;24,6;22;;;;;;;;;
2024/08/20;1100 UTC;0;996,1;996,1;995,6;;26,2;26,2;26,3;24,6;;;;;100;;;;
2024/08/20;1200 UTC;0;996,2;996,2;996;;28,5;24,6;28,7;25,9;27,2;24,6;100;80;80;;;;
2024/08/20;1300 UTC;0;996;996,3;996;;29,7;23,3;30,1;27,9;24,6;22,9;80;67;69;;;;
2024/08/20;1400 UTC;0;995,2;996,1;995,2;;31,5;22,3;31,7;29,7;23,5;22,2;68;58;58;;;;
2024/08/20;1500 UTC;0;994,2;995,2;994,2;;32,6;21,8;32,8;30,5;22,8;21,5;60;53;53;;;;
2024/08/20;1600 UTC;0;992,9;994,2;992,9;;34,1;21,5;34,1;31,8;22,5;20,8;54;47;48;;;;
2024/08/20;1700 UTC;0;991,9;992,9;991,9;;33,2;20,4;34,6;32,9;21,8;20,3;50;45;47;;;;
2024/08/20;1800 UTC;0;991,2;991,9;991,2;;34;19,9;34,6;33;20,7;19,8;48;43;44;;;;
2024/08/20;1900 UTC;0;991;991,3;991;;33;19,2;34,5;32,7;20,2;18,9;45;41;44;;;;
2024/08/20;2000 UTC;0;991,1;991,1;990,9;;32,8;19;33,6;32,8;19,7;18,7;45;43;44;;;;
2024/08/20;2100 UTC;0;991,3;991,3;991,1;;30,2;18,8;32,8;30,2;19,1;18,7;51;44;51;;;;
2024/08/20;2200 UTC;0;992,1;992,1;991,3;;28,5;24,2;30,2;28,5;24,2;18,7;77;51;77;;;;
2024/08/20;2300 UTC;0;993,3;993,3;992,1;;26,6;26,6;28,5;26,6;27,4;24,3;100;77;100;;;;
2024/08/21;0000 UTC;0;993,9;993,9;993,3;;25,3;;26,6;25,3;26,6;25,5;100;100;;;;;
2024/08/21;0100 UTC;0;994,5;994,5;993,9;;24,5;;25,3;24,5;;;;;;;;;
2024/08/21;0200 UTC;0;994,6;994,7;994,5;;23,7;;24,5;23,7;;;;;;;;;
2024/08/21;0300 UTC;0;994;994,6;994;;23;;23,7;23;;;;;;;;;
2024/08/21;0400 UTC;0;993,3;994;993,3;;23,1;;23,2;23;;;;;;;;;
2024/08/21;0500 UTC;0;993;993,3;993;;22,5;;23,2;22,5;;;;;;;;;
2024/08/21;0600 UTC;0;993;993;992,9;;22,8;;22,9;22,4;;;;;;;;;
2024/08/21;0700 UTC;0;993,2;993,2;993;;22,2;;22,8;22,2;;;;;;;;;
2024/08/21;0800 UTC;0;993,4;993,4;993,2;;21,9;;22,2;21,6;;;;;;;;;
2024/08/21;0900 UTC;0;993,9;993,9;993,4;;21,8;;22;21,8;;;;;;;;;
2024/08/21;1000 UTC;0;994,3;994,3;993,9;;24;;24;21,8;;;;;;;;;
2024/08/21;1100 UTC;0;994,8;994,8;994,3;;26,1;26,1;26,2;24;;;;;100;;;;
2024/08/21;1200 UTC;0;994,8;994,9;994,7;;28,6;25,7;28,6;26;27,4;25,5;100;83;84;;;;
2024/08/21;1300 UTC;0;994,5;994,8;994,5;;30,2;24,1;30,3;28,1;25,9;23,8;86;69;70;;;;
2024/08/21;1400 UTC;0;993,7;994,6;993,7;;31,2;23;31,8;30,1;24,6;22,4;70;60;62;;;;
2024/08/21;1500 UTC;0;992,4;993,7;992,4;;32,8;22;33,2;30,8;23,1;21,9;62;53;53;;;;
2024/08/21;1600 UTC;0;991,1;992,4;991,1;;33,8;21,6;34,1;31,8;22,4;21,2;55;49;49;;;;
2024/08/21;1700 UTC;0;989,9;991,1;989,9;;33,9;21,2;34,9;33,5;22;20,7;50;46;48;;;;
2024/08/21;1800 UTC;0;989,4;990;989,4;;33,9;20,2;34,8;33,6;21,4;20,2;48;44;45;;;;
2024/08/21;1900 UTC;0;989;989,4;989;;34,1;20;34,5;33,8;21;20;46;44;44;;;;
2024/08/21;2000 UTC;0;989,1;989,1;988,9;;33,1;19,7;34,1;33;20,2;19,6;46;44;45;;;;
2024/08/21;2100 UTC;0;989,3;989,3;989,1;;30,5;19,7;33,1;30,5;19,8;19,3;52;45;52;;;;
2024/08/21;2200 UTC;0;989,9;989,9;989,3;;29,1;19,6;30,5;29,1;19,8;19,2;57;51;56;;;;
2024/08/21;2300 UTC;0;991,1;991,1;989,9;;28,1;25;29,2;28,1;25;19,1;84;55;84;;;;
2024/08/22;0000 UTC;0;991,9;991,9;991,1;;26,4;26,4;28,1;26,4;27,3;25,2;100;84;100;;;;
2024/08/22;0100 UTC;0;992,5;992,5;991,9;;25,2;;26,4;25,2;;;;;;;;;
2024/08/22;0200 UTC;0;992,8;992,8;992,5;;24,5;;25,2;24,5;;;;;;;;;
2024/08/22;0300 UTC;0;992,6;992,8;992,6;;23,7;;24,6;23,7;;;;;;;;;
2024/08/22;0400 UTC;0;992,6;992,6;992,4;;23,3;;23,8;23,2;;;;;;;;;
2024/08/22;0500 UTC;0;992,7;992,8;992,6;;22,6;;23,4;22,6;;;;;;;;;
2024/08/22;0600 UTC;0;992,8;992,8;992,6;;22,3;;22,8;22,3;;;;;;;;;
2024/08/22;0700 UTC;0;992,8;992,8;992,7;;22,5;;22,5;21,8;;;;;;;;;
2024/08/22;0800 UTC;0;993;993;992,8;;22,3;;22,9;22,3;;;;;;;;;
2024/08/22;0900 UTC;0;993,1;993,2;993;;22;;23;22;;;;;;;;;
2024/08/22;1000 UTC;0;993,7;993,7;993,1;;24,5;24,5;24,5;22;;;;;100;;;;
2024/08/22;1100 UTC;0;994,2;994,2;993,7;;27,2;24,6;27,2;24,5;25,9;24,5;100;86;86;;;;
2024/08/22;1200 UTC;0;993,8;994,2;993,7;;28,9;23,1;29,1;27;24,5;23;86;71;71;;;;
2024/08/22;1300 UTC;0;993,2;993,8;993,2;;30,5;22,1;30,8;28,9;23,1;22,1;71;61;61;;;;
2024/08/22;1400 UTC;0;992,4;993,2;992,4;;31,6;21,6;31,9;30;22,6;21,3;62;54;55;;;;
2024/08/22;1500 UTC;0;991;992,4;991;;33,1;20,8;33,1;31,3;21,7;19,7;55;46;49;;;;
2024/08/22;1600 UTC;0;989,7;991,1;989,5;;33,7;20,4;33,8;32,5;20,9;19,9;49;46;46;;;;
2024/08/22;1700 UTC;0;988,6;989,7;988,5;;33,9;20,1;34,5;33,1;21,3;19,9;47;44;44;;;;
2024/08/22;1800 UTC;0;988,1;988,6;988;;34;19,3;34,4;33,5;20,2;19,3;45;42;42;;;;
2024/08/22;1900 UTC;0;987,9;988,1;987,7;;33,7;19,1;34,3;33,6;19,9;18,9;44;42;42;;;;
2024/08/22;2000 UTC;0;988,2;988,2;987,8;;33;18,8;33,8;33;19,4;18,6;43;41;43;;;;
2024/08/22;2100 UTC;0;989;989;988,1;;29,4;24,9;33;29,4;24,9;18,5;77;43;77;;;;
2024/08/22;2200 UTC;0;990,3;990,3;989;;27,4;26,6;29,4;27,4;26,7;24,9;96;77;95;;;;
2024/08/22;2300 UTC;0;991,4;991,4;990,3;;26,1;26,1;27,4;26;26,7;26;100;94;100;;;;
2024/08/23;0000 UTC;0;992,6;992,6;991,4;;25,5;;26,2;25,3;26,2;25,4;100;100;;;;;
2024/08/23;0100 UTC;0;993,4;993,4;992,6;;24,8;;25,5;24,8;;;;;;;;;
2024/08/23;0200 UTC;0;993,6;993,6;993,4;;24,1;;24,8;24,1;;;;;;;;;
2024/08/23;0300 UTC;0;993,5;993,8;993,5;;23,2;;24,3;23,2;;;;;;;;;
2024/08/23;0400 UTC;0;993,2;993,5;993,2;;23,2;;23,4;22,9;;;;;;;;;
2024/08/23;0500 UTC;0;992,9;993,2;992,9;;22,7;;23,5;22,7;;;;;;;;;
2024/08/23;0600 UTC;0;992,7;992,9;992,6;;22;;22,7;21,4;;;;;;;;;
2024/08/23;0700 UTC;0;992,3;992,7;992,2;;22,6;22,6;22,6;21,3;;;;;100;;;;
2024/08/23;0800 UTC;0;992,7;992,7;992,3;;24,5;20,9;24,5;22,5;22,6;20,9;100;80;81;;;;
2024/08/23;0900 UTC;0;993;993;992,7;;23,9;21,4;24,6;23,9;21,4;20,8;86;80;86;;;;
2024/08/23;1000 UTC;0;993,5;993,5;993;;24,6;21,5;24,7;23,8;21,8;21,5;89;83;83;;;;
2024/08/23;1100 UTC;0;994;994;993,5;;27,1;22,3;27,1;24,6;22,3;21,5;84;75;75;;;;
2024/08/23;1200 UTC;0;994,1;994,2;994;;27,7;21,5;27,8;26,8;22,2;21,3;75;69;69;;;;
2024/08/23;1300 UTC;0;993,8;994,1;993,8;;27,8;21,7;28;27,3;21,9;21,2;70;68;69;;;;
2024/08/23;1400 UTC;0;993,4;993,8;993,4;;28,7;21,7;28,7;27,8;21,8;21,3;69;65;66;;;;
2024/08/23;1500 UTC;0;992,7;993,4;992,7;;29,2;20,8;29,8;28,1;22;20,8;68;60;61;;;;
2024/08/23;1600 UTC;0;991,5;992,7;991,5;;30,4;21,1;30,9;28,9;21,5;20,7;62;57;57;;;;
2024/08/23;1700 UTC;0;990,5;991,5;990,5;;31,4;21;31,4;30,3;21,5;20,5;58;54;54;;;;
2024/08/23;1800 UTC;0;990;990,5;990;;31,4;20,3;32,7;31,3;21,2;20,1;54;50;52;;;;
2024/08/23;1900 UTC;0;989,8;990;989,7;;31,7;20,1;32,4;31,3;20,9;19,8;52;50;50;;;;
2024/08/23;2000 UTC;0;989,8;989,8;989,7;;31,4;19,8;31,8;31,4;20,3;19,8;52;50;50;;;;
2024/08/23;2100 UTC;0;990;990;989,8;;29,4;19,7;31,5;29,1;20,1;19,7;58;50;56;;;;
2024/08/23;2200 UTC;0;990,9;990,9;990;;29,1;21,2;29,8;29,1;21,3;19,7;63;56;63;;;;
2024/08/23;2300 UTC;0;991,9;991,9;990,9;;27,7;22,9;29,2;27,6;22,9;21,3;75;63;75;;;;
2024/08/24;0000 UTC;0;992,8;992,8;991,9;;26,6;23;27,7;26,6;23,1;22,9;81;75;81;;;;
2024/08/24;0100 UTC;0;993;993,1;992,8;;26,4;23,3;26,7;26,1;23,4;23;85;80;83;;;;
2024/08/24;0200 UTC;0;993,1;993,2;993;;25,3;25,3;26,5;25,3;25,3;23,2;100;83;100;;;;
2024/08/24;0300 UTC;0;992,7;993,1;992,7;;24,4;24,4;25,3;24,4;25,3;24,4;100;100;100;;;;
2024/08/24;0400 UTC;0;992,4;992,7;992,4;;23,7;;24,5;23,7;;;;;;;;;
2024/08/24;0500 UTC;0;992,1;992,4;992,1;;22,3;;23,7;22,3;;;;;;;;;
2024/08/24;0600 UTC;0;992,1;992,2;992;;22,9;;23,1;22,3;;;;;;;;;
2024/08/24;0700 UTC;0;992,3;992,3;992;;22,4;;22,9;22,4;;;;;;;;;
2024/08/24;0800 UTC;0;992,6;992,6;992,2;;21,4;;22,4;21,4;;;;;;;;;
2024/08/24;0900 UTC;0;993,4;993,4;992,6;;22,1;;22,1;21,3;;;;;;;;;
2024/08/24;1000 UTC;0;994;994;993,4;;23,7;23,7;23,7;22,1;;;;;100;;;;
2024/08/24;1100 UTC;0;994,9;994,9;994;;24,8;24,8;24,8;23,7;24,8;23,7;100;100;100;;;;
2024/08/24;1200 UTC;0;994,9;995;994,9;;27,7;22,9;27,7;24,8;25,1;22,6;100;75;75;;;;
2024/08/24;1300 UTC;0;994,8;994,9;994,7;;29;21,3;29,6;27,7;22,9;21,3;75;63;63;;;;
2024/08/24;1400 UTC;0;993,8;994,8;993,8;;31,3;20,2;31,5;29;21,9;19,6;64;51;52;;;;
2024/08/24;1500 UTC;0;992,8;993,8;992,8;;32,5;19,4;32,8;30,9;20,4;19,4;52;46;46;;;;
2024/08/24;1600 UTC;0;992;992,9;992;;32,1;19,1;33,1;31,5;20,2;19;49;45;46;;;;
2024/08/24;1700 UTC;0;991,1;992,1;991,1;;33,3;19,9;33,6;31,8;20;19,1;48;44;45;;;;
2024/08/24;1800 UTC;0;990,8;991,2;990,7;;32,1;19;33,5;32,1;19,9;18,9;46;43;46;;;;
2024/08/24;1900 UTC;0;990,5;990,8;990,5;;32,4;18,8;33,4;32,1;19,5;18,7;46;43;45;;;;
2024/08/24;2000 UTC;0;990,9;990,9;990,5;;32,2;18,5;32,6;32,2;19,1;18,4;45;43;44;;;;
2024/08/24;2100 UTC;0;991,4;991,4;990,9;;30,5;18,6;32,2;30,5;18,7;18,3;49;44;49;;;;
2024/08/24;2200 UTC;0;992,7;992,7;991,4;;29;20,6;31,2;29;20,9;18,4;61;47;61;;;;
2024/08/24;2300 UTC;0;993,2;993,2;992,7;;28;21,3;29;28;21,3;20,7;67;61;67;;;;
2024/08/25;0000 UTC;0;994;994;993,2;;26,6;23,9;28;26,6;23,9;21,3;85;67;85;;;;
2024/08/25;0100 UTC;0;994,5;994,5;994;;25,4;;26,6;25,4;26,2;24;100;85;;;;;
2024/08/25;0200 UTC;0;994,4;994,6;994,4;;24,2;;25,4;24,2;;;;;;;;;
2024/08/25;0300 UTC;0;993,9;994,4;993,9;;23,7;;24,2;23,7;;;;;;;;;
2024/08/25;0400 UTC;0;993,3;993,9;993,3;;22,7;;23,7;22,7;;;;;;;;;
2024/08/25;0500 UTC;0;993,1;993,3;993,1;;22,7;;22,9;22,6;;;;;;;;;
2024/08/25;0600 UTC;0;993;993,1;993;;22,3;;22,9;22,3;;;;;;;;;
2024/08/25;0700 UTC;0;993,2;993,2;993;;22,4;;22,4;22;;;;;;;;;
2024/08/25;0800 UTC;0;993,6;993,6;993,2;;21,3;;22,4;21,3;;;;;;;;;
2024/08/25;0900 UTC;0;994,2;994,2;993,6;;20,6;;21,3;20,4;;;;;;;;;
2024/08/25;1000 UTC;0;994,6;994,6;994,2;;23,7;;23,7;20,7;;;;;;;;;
2024/08/25;1100 UTC;0;995,3;995,3;994,5;;26,1;26,1;26,1;23,7;;;;;100;;;;
2024/08/25;1200 UTC;0;995,3;995,4;995,2;;28,3;22,5;28,6;26;26,6;22,4;100;70;71;;;;
2024/08/25;1300 UTC;0;994,9;995,3;994,9;;29,6;21,2;29,9;28,2;22,6;21,2;71;61;61;;;;
2024/08/25;1400 UTC;0;994,1;994,9;994;;31,5;20,1;31,8;29,5;21,8;20;61;50;51;;;;
2024/08/25;1500 UTC;0;992,9;994,1;992,9;;32,3;19,4;32,7;31,4;20,4;19,4;51;46;47;;;;
2024/08/25;1600 UTC;0;991,7;992,9;991,7;;33,8;19,7;33,8;32,1;20,2;18,9;48;44;44;;;;
2024/08/25;1700 UTC;0;990,8;991,7;990,8;;33,1;18,9;34,4;32,9;19,9;18,7;45;41;43;;;;
2024/08/25;1800 UTC;0;990,2;990,8;990,2;;33,7;18,1;34,1;32,9;19,3;18;43;39;40;;;;
2024/08/25;1900 UTC;0;990,1;990,2;990;;33,6;18,3;34,1;33,5;18,7;17,5;41;38;40;;;;
2024/08/25;2000 UTC;0;990,4;990,4;990,1;;32,4;17,8;33,7;32,4;18,4;17,6;42;39;42;;;;
2024/08/25;2100 UTC;0;990,8;990,8;990,4;;29,8;18;32,4;29,8;18,2;17,5;49;41;49;;;;
2024/08/25;2200 UTC;0;991,5;991,5;990,8;;27,8;18,5;29,8;27,8;18,6;17,5;57;48;57;;;;
2024/08/25;2300 UTC;0;992,2;992,2;991,5;;25,5;19,9;27,8;25,1;20,1;18,2;74;57;71;;;;
2024/08/26;0000 UTC;0;993,1;993,1;992,2;;25,5;22,2;27;25,4;22,2;19,2;82;67;82;;;;
2024/08/26;0100 UTC;0;993,3;993,3;993,1;;24,5;24,5;25,5;24,4;24,8;22,3;100;82;100;;;;
2024/08/26;0200 UTC;0;993,1;993,3;993,1;;23,9;23,9;24,5;23,9;24,5;23,9;100;100;100;;;;
2024/08/26;0300 UTC;0;992,7;993,1;992,7;;23,1;;24;23,1;;;;;;;;;
2024/08/26;0400 UTC;0;992,4;992,7;992,4;;22,6;;23,1;22,6;;;;;;;;;
2024/08/26;0500 UTC;0;992,2;992,4;992,2;;22,5;;22,8;22,4;;;;;;;;;
2024/08/26;0600 UTC;0;992,4;992,4;992,1;3,1;22;;22,5;21,9;;;;;;;;;
2024/08/26;0700 UTC;0;992,4;992,4;992,3;17,6;20,7;;22,1;20,7;;;;;;;;;
2024/08/26;0800 UTC;0;992,7;992,8;992,4;0;20,4;;20,8;20,3;;;;;;;;;
2024/08/26;0900 UTC;0;993,3;993,3;992,7;;20;;20,4;19,8;;;;;;;;;
2024/08/26;1000 UTC;0;993,9;993,9;993,3;;23,9;;23,9;20;;;;;;;;;
2024/08/26;1100 UTC;0;994,4;994,4;993,9;;25,7;25,7;25,8;23,8;;;;;100;;;;
2024/08/26;1200 UTC;0;994,4;994,5;994,2;;28;24,2;28,2;25,7;27,2;24,2;100;79;80;;;;
2024/08/26;1300 UTC;0;993,8;994,4;993,8;;30,1;23,4;30,3;27,9;24,8;23,3;81;67;67;;;;
2024/08/26;1400 UTC;0;993;993,9;993;;31,3;22,7;31,8;29,8;23,6;22;68;58;61;;;;
2024/08/26;1500 UTC;0;991,6;993;991,6;;33;21,7;33;31,3;23,1;21,5;61;52;52;;;;
2024/08/26;1600 UTC;0;990,7;991,7;990,7;;33,7;21,2;34,1;32,2;21,9;20,8;53;47;48;;;;
2024/08/26;1700 UTC;0;989,7;990,7;989,6;;34,5;19,8;34,8;33,3;21,3;19,8;48;42;42;;;;
2024/08/26;1800 UTC;0;989,1;989,7;989;;34,4;19,1;35;34;20,3;19;43;40;41;;;;
2024/08/26;1900 UTC;0;988,8;989,1;988,8;;34,8;18,6;35,3;34,3;19,3;18,1;41;38;39;;;;
2024/08/26;2000 UTC;0;989,1;989,1;988,8;;33,5;18,4;34,9;33,5;18,8;18,1;41;38;41;;;;
2024/08/26;2100 UTC;0;989,6;989,6;989,1;;31,3;17,9;33,5;31,2;18,4;17,8;45;41;45;;;;
2024/08/26;2200 UTC;0;990,5;990,5;989,6;;30;17,9;31,3;30;18,1;17,6;48;45;48;;;;
2024/08/26;2300 UTC;0;991,7;991,7;990,5;;27;25,9;30;27;25,9;17,9;94;48;94;;;;
2024/08/27;0000 UTC;0;992,7;992,7;991,7;;25,4;25,4;27;25,3;26,4;25,4;100;94;100;;;;
2024/08/27;0100 UTC;0;993,2;993,2;992,7;;24,5;;25,4;24,5;;;;;;;;;
2024/08/27;0200 UTC;0;993;993,2;993;;24;;24,5;24;;;;;;;;;
2024/08/27;0300 UTC;0;992,6;993;992,6;;23,5;;24;23,5;;;;;;;;;
2024/08/27;0400 UTC;0;992,3;992,6;992,3;;23,4;;23,6;23,3;;;;;;;;;
2024/08/27;0500 UTC;0;992,1;992,4;992,1;;22,6;;23,4;22,6;;;;;;;;;
2024/08/27;0600 UTC;0;992,3;992,3;992,1;15,2;22,1;;22,6;21,9;;;;;;;;;
2024/08/27;0700 UTC;0;993;993;992,3;40,1;21,9;;22,4;21,9;;;;;;;;;
2024/08/27;0800 UTC;0;993,4;993,4;993;;20,9;;21,9;20,8;;;;;;;;;
2024/08/27;0900 UTC;0;994,1;994,1;993,4;;20,3;;20,9;19,9;;;;;;;;;
2024/08/27;1000 UTC;0;994,7;994,7;994,1;;23,5;;23,5;20,2;;;;;;;;;
2024/08/27;1100 UTC;0;995,4;995,4;994,7;;25,9;25,9;25,9;23,5;;;;;100;;;;
2024/08/27;1200 UTC;0;995,6;995,7;995,4;;28,3;24,6;28,5;25,9;27;24,6;100;80;81;;;;
2024/08/27;1300 UTC;0;995,1;995,7;995,1;;28,5;23,1;30,3;28,2;25;22,9;81;68;73;;;;
2024/08/27;1400 UTC;0;994,2;995,2;994,2;;31;22,2;31,7;28,4;24,4;22,1;74;58;59;;;;
2024/08/27;1500 UTC;0;992,8;994,2;992,8;;32,5;21,5;32,7;31;22,5;21,2;60;52;53;;;;
2024/08/27;1600 UTC;0;991,6;992,8;991,6;;34;21,4;34,1;32,5;21,8;20,6;53;47;48;;;;
2024/08/27;1700 UTC;0;990,7;991,6;990,7;;34,3;20,7;34,8;32,9;21,6;20,3;49;44;45;;;;
2024/08/27;1800 UTC;0;990,3;990,7;990,3;;34,4;20,1;34,8;33,3;20,8;20;47;43;43;;;;
2024/08/27;1900 UTC;0;990,2;990,4;990,2;;34,2;19,5;34,5;33,9;20,2;19,5;44;42;42;;;;
2024/08/27;2000 UTC;0;990,5;990,5;990,2;;33;18,5;34,2;33;19,5;18,4;43;41;42;;;;
2024/08/27;2100 UTC;0;990,9;990,9;990,5;;31;18;33;30,9;18,5;18;47;42;46;;;;
2024/08/27;2200 UTC;0;992,5;992,5;990,9;;27,7;25,7;31,5;27,7;25,7;18;89;46;89;;;;
2024/08/27;2300 UTC;0;993,4;993,4;992,5;;26,1;26,1;27,7;26,1;27;25,8;100;89;100;;;;
2024/08/28;0000 UTC;0;994,1;994,1;993,4;;25;25;26,1;25;26,1;25;100;100;100;;;;
2024/08/28;0100 UTC;0;994,4;994,4;994,1;;24,4;;25,1;24,4;;;;;;;;;
2024/08/28;0200 UTC;0;994,4;994,4;994,3;;24;;24,5;24;;;;;;;;;
2024/08/28;0300 UTC;0;994,3;994,4;994,3;;23,4;;24;23,4;;;;;;;;;
2024/08/28;0400 UTC;0;993,9;994,3;993,9;;22,6;;23,6;22,6;;;;;;;;;
2024/08/28;0500 UTC;0;993,7;994;993,6;;21,5;;22,6;21,5;;;;;;;;;
2024/08/28;0600 UTC;0;993,6;993,7;993,5;0;20,8;;21,5;20,6;;;;;;;;;
2024/08/28;0700 UTC;0;993,8;993,9;993,5;1,3;20,8;;21,3;20,4;;;;;;;;;
2024/08/28;0800 UTC;0;994,6;994,6;993,8;;22,1;;22,1;20,8;;;;;;;;;
2024/08/28;0900 UTC;0;995;995;994,6;;21,8;;22,1;21,3;;;;;;;;;
2024/08/28;1000 UTC;0;995,6;995,6;995;;25,4;25,4;25,4;21,8;;;;;100;;;;
2024/08/28;1100 UTC;0;996,1;996,1;995,6;;27,9;25;27,9;25,4;26,6;24,7;100;84;84;;;;
2024/08/28;1200 UTC;0;996,2;996,3;996,1;;27,4;23,4;28,9;27,3;24,7;23;84;74;79;;;;
2024/08/28;1300 UTC;0;995,8;996,2;995,7;;29,9;21,7;30,5;27,4;23,3;21,5;79;60;62;;;;
2024/08/28;1400 UTC;0;994,9;995,8;994,9;;30,5;20,8;31,9;29,8;22,2;20,6;62;53;56;;;;
2024/08/28;1500 UTC;0;993,7;994,9;993,6;;30,9;19,7;32,3;30,2;21,3;19,7;57;50;52;;;;
2024/08/28;1600 UTC;0;992,4;993,7;992,4;;33,3;19,2;33,8;30,9;20,3;18,7;52;43;43;;;;
2024/08/28;1700 UTC;0;991,4;992,4;991,4;;34,2;18,6;34,5;32,5;19,8;17,5;44;39;40;;;;
2024/08/28;1800 UTC;0;991;991,5;990,9;;34,2;16,8;34,6;33;18,4;16,8;40;35;36;;;;
2024/08/28;1900 UTC;0;991;991;990,8;;33,9;16,4;34,7;33,7;17,3;16,1;36;35;35;;;;
2024/08/28;2000 UTC;0;991,5;991,5;991;;32,7;15,3;33,9;32,5;16,4;15,3;37;34;35;;;;
2024/08/28;2100 UTC;0;992;992;991,5;;31,2;15;32,7;31,2;15,4;14,8;38;35;38;;;;
2024/08/28;2200 UTC;0;992,7;992,7;992;;29,1;15,7;31,2;29;15,8;14,9;44;37;44;;;;
2024/08/28;2300 UTC;0;994;994;992,7;;27,4;24,4;29,4;27,4;24,5;15,7;84;45;83;;;;
2024/08/29;0000 UTC;0;994,8;994,8;994;;25,9;25,9;27,4;25,9;25,9;24,3;100;83;100;;;;
2024/08/29;0100 UTC;0;995;995;994,8;;24,9;24,9;25,9;24,9;25,9;24,9;100;100;100;;;;
2024/08/29;0200 UTC;0;994,9;995,1;994,9;;23,9;;24,9;23,9;;;;;;;;;
2024/08/29;0300 UTC;0;994,5;994,9;994,5;;23,1;;24,1;23;;;;;;;;;
2024/08/29;0400 UTC;0;994;994,5;994;;22,5;;23,4;22,5;;;;;;;;;
2024/08/29;0500 UTC;0;993,9;994;993,9;;21,8;;22,6;21,8;;;;;;;;;
2024/08/29;0600 UTC;0;993,9;993,9;993,9;,1;20,6;;22;20,5;;;;;;;;;
2024/08/29;0700 UTC;0;994,2;994,2;993,9;5,6;20,6;;20,7;20,1;;;;;;;;;
2024/08/29;0800 UTC;0;994,4;994,4;994,2;9;21,5;;21,6;20,6;;;;;;;;;
2024/08/29;0900 UTC;0;995;995;994,4;;21,7;;21,7;21,3;;;;;;;;;
2024/08/29;1000 UTC;0;995,7;995,7;995;;24,2;24,2;24,2;21,7;;;;;100;;;;
2024/08/29;1100 UTC;0;996,1;996,1;995,7;;26,9;23,3;26,9;24,1;25,4;23,3;100;81;81;;;;
2024/08/29;1200 UTC;0;996,1;996,2;996;;28,6;19,7;28,7;26,7;23,4;19,7;81;59;59;;;;
2024/08/29;1300 UTC;0;995,7;996,1;995,6;;29,7;19,1;30,4;28,6;20,3;18,8;59;52;53;;;;
2024/08/29;1400 UTC;0;995;995,7;995;;31,4;18,8;32,2;29,7;19,7;18,5;53;46;47;;;;
2024/08/29;1500 UTC;0;993,5;995;993,5;;32,2;18,3;33,7;30,8;19,2;17,9;48;41;44;;;;
2024/08/29;1600 UTC;0;992,4;993,5;992,3;;33,9;18,6;34;31,8;18,9;17,9;44;40;40;;;;
2024/08/29;1700 UTC;0;991,5;992,4;991,5;;34,2;17,7;34,3;32,9;18,6;17,3;42;37;38;;;;
2024/08/29;1800 UTC;0;991,1;991,5;991;;33,6;17,3;34,9;33,4;18;17;39;36;38;;;;
2024/08/29;1900 UTC;0;991,2;991,2;990,9;;33,7;17;34,3;33,5;17,7;16,9;38;37;37;;;;
2024/08/29;2000 UTC;0;991,5;991,6;991,1;;32,4;16,8;33,7;32,4;17;16,7;39;37;39;;;;
2024/08/29;2100 UTC;0;992,2;992,2;991,5;;30,5;15,9;32,4;30,5;16,7;15,8;42;38;41;;;;
2024/08/29;2200 UTC;0;992,8;992,8;992,2;;28,8;16;30,5;28,7;16;15,8;46;41;46;;;;
2024/08/29;2300 UTC;0;993,9;993,9;992,8;;27,3;20,7;29;27,3;20,7;15,9;67;46;67;;;;
2024/08/30;0000 UTC;0;994,6;994,6;993,9;;25,7;22,6;27,4;25,6;22,6;20,7;83;67;83;;;;
2024/08/30;0100 UTC;0;995;995;994,6;;24,4;24,4;25,8;24,4;24,8;22,6;100;83;100;;;;
2024/08/30;0200 UTC;0;995,1;995,1;994,9;;23,5;;24,4;23,4;;;;;;;;;
2024/08/30;0300 UTC;0;994,8;995,2;994,8;;22,9;;23,7;22,9;;;;;;;;;
2024/08/30;0400 UTC;0;994,4;994,8;994,3;;22,3;;22,9;22,3;;;;;;;;;
2024/08/30;0500 UTC;0;993,9;994,4;993,9;;22;;22,5;22;;;;;;;;;
2024/08/30;0600 UTC;0;993,8;993,9;993,7;;20,9;;22,3;20,9;;;;;;;;;
2024/08/30;0700 UTC;0;994,2;994,2;993,7;0;20,4;;20,9;20,4;;;;;;;;;
2024/08/30;0800 UTC;0;994,3;994,3;994,2;;21,6;;22;20,4;;;;;;;;;
2024/08/30;0900 UTC;0;995,1;995,1;994,3;;21,6;;21,9;21,4;;;;;;;;;
2024/08/30;1000 UTC;0;995,4;995,4;995,1;;24,7;23,6;24,7;21,6;24,3;22,1;100;94;94;;;;
2024/08/30;1100 UTC;0;995,7;995,8;995,4;;27;21;27;24,7;23,5;20,6;94;70;70;;;;
2024/08/30;1200 UTC;0;995,8;995,9;995,7;;27,8;19,4;28,7;27;21,2;19,2;70;58;60;;;;
2024/08/30;1300 UTC;0;995,2;995,9;995,2;;29,5;18,8;29,5;27,7;19,8;18,5;60;53;53;;;;
2024/08/30;1400 UTC;0;994;995,2;994;;30,7;17,8;31,3;29,4;19,4;17,5;53;46;46;;;;
2024/08/30;1500 UTC;0;992,8;994;992,8;;32,7;16,3;32,8;30,7;18;15,6;46;36;38;;;;
2024/08/30;1600 UTC;0;991,6;992,8;991,6;;32,6;16,3;33,3;32;17,3;16;40;36;38;;;;
2024/08/30;1700 UTC;0;990,7;991,7;990,7;;33,8;15,6;33,9;32,2;16,8;14,8;38;32;34;;;;
2024/08/30;1800 UTC;0;989,9;990,7;989,9;;33,4;15,3;33,9;33,1;16,1;14,7;35;32;34;;;;
2024/08/30;1900 UTC;0;989,7;990;989,7;;33;14,6;33,6;32,8;15,2;14,2;34;32;33;;;;
2024/08/30;2000 UTC;0;990;990;989,6;;31,9;14,2;33;31,9;14,6;14,2;34;33;34;;;;
2024/08/30;2100 UTC;0;990,7;990,7;989,9;;30,6;13,6;32,1;30,5;14,2;13,5;36;34;35;;;;
2024/08/30;2200 UTC;0;991,2;991,2;990,7;;27,6;14,1;30,6;27,6;14,3;13,5;44;35;44;;;;
2024/08/30;2300 UTC;0;992;992;991,2;;27,6;14;27,7;26,8;14,2;13,3;46;41;43;;;;
2024/08/31;0000 UTC;0;993,4;993,4;992;;25,7;19,9;27,6;25,6;20,1;13,8;71;43;70;;;;
2024/08/31;0100 UTC;0;993,6;993,7;993,4;;24;23,2;25,7;24;23,2;19,3;95;68;95;;;;
2024/08/31;0200 UTC;0;993,8;993,9;993,6;;23,4;;24;23,4;;;;;;;;;
2024/08/31;0300 UTC;0;993,7;993,8;993,6;;22,7;;23,5;22,7;;;;;;;;;
2024/08/31;0400 UTC;0;992,9;993,7;992,9;;22,3;;23;22,3;;;;;;;;;
2024/08/31;0500 UTC;0;992,6;992,9;992,5;;22,2;;22,5;21,9;;;;;;;;;
2024/08/31;0600 UTC;0;992,3;992,6;992,3;9,5;21,2;;22,2;21,2;;;;;;;;;
2024/08/31;0700 UTC;0;992,7;992,7;992,3;18,1;20,8;;21,3;20,7;;;;;;;;;
2024/08/31;0800 UTC;0;993;993;992,7;10;22,1;;22,1;20,8;;;;;;;;;
2024/08/31;0900 UTC;0;993,5;993,5;993;;22,9;;22,9;21,9;;;;;;;;;
2024/08/31;1000 UTC;0;993,9;993,9;993,5;;24,4;24,4;24,4;22,9;24,4;23;100;100;100;;;;
2024/08/31;1100 UTC;0;994,3;994,4;993,9;;27,6;20,3;27,6;24,4;24,5;20;100;65;65;;;;
2024/08/31;1200 UTC;0;994,6;994,7;994,3;;28,1;18,5;28,5;27,2;20,4;18,1;66;54;56;;;;
2024/08/31;1300 UTC;0;994,4;994,8;994,3;;28,8;17,9;30,3;28,1;19,4;17,9;58;50;52;;;;
2024/08/31;1400 UTC;0;993,8;994,5;993,8;;31,2;17,6;32,2;28,6;19,1;17,5;53;44;44;;;;
2024/08/31;1500 UTC;0;992,7;993,8;992,6;;31,1;17,9;31,8;30,4;18,6;17,3;47;44;45;;;;
2024/08/31;1600 UTC;0;991,3;992,7;991,3;;32,5;17,6;32,7;30,6;18,7;17,2;46;41;41;;;;
2024/08/31;1700 UTC;0;990,3;991,3;990,3;;32,5;17,1;33,3;31,9;18,1;17,1;42;39;40;;;;
2024/08/31;1800 UTC;0;989,6;990,3;989,6;;33,4;17,8;33,4;32,5;17,8;17;41;39;40;;;;
2024/08/31;1900 UTC;0;989,6;989,7;989,5;;32,9;17,1;33,7;32,8;17,8;16,8;40;38;39;;;;
2024/08/31;2000 UTC;0;989,9;989,9;989,5;;31,8;16,5;33,1;31,8;17,2;16,3;40;38;40;;;;
2024/08/31;2100 UTC;0;990,5;990,5;989,9;;29,2;16,5;31,8;29,2;16,8;16,1;46;40;46;;;;
2024/08/31;2200 UTC;0;991,3;991,3;990,5;;27,8;16,6;29,2;27,7;16,9;16,4;51;46;51;;;;
2024/08/31;2300 UTC;0;992,4;992,4;991,3;;26,8;21,9;27,8;26,6;21,9;16,3;75;51;75;;;;
2024/09/01;0000 UTC;0;993,3;993,3;992,4;;25,3;25,3;26,8;25,3;25,4;21,9;100;75;100;;;;
2024/09/01;0100 UTC;0;993,9;993,9;993,3;;24,1;;25,3;24,1;25,3;24,4;100;100;;;;;
2024/09/01;0200 UTC;0;994;994,1;993,9;;23,2;;24,1;23,2;;;;;;;;;
2024/09/01;0300 UTC;0;993,5;994;993,5;;22,7;;23,2;22,5;;;;;;;;;
2024/09/01;0400 UTC;0;992,7;993,5;992,7;;21,8;;22,7;21,8;;;;;;;;;
2024/09/01;0500 UTC;0;992,4;992,7;992,3;1,7;21,3;;22;21,3;;;;;;;;;
2024/09/01;0600 UTC;0;992,4;992,4;992,3;18;20,9;;21,8;20,9;;;;;;;;;
2024/09/01;0700 UTC;0;992,5;992,5;992,3;168,4;19,7;;20,9;19,7;;;;;;;;;
2024/09/01;0800 UTC;0;992,9;992,9;992,5;770,5;19,1;;19,7;19;;;;;;;;;
2024/09/01;0900 UTC;0;993,5;993,5;992,9;3266,5;19,8;;19,8;18,7;;;;;;;;;
2024/09/01;1000 UTC;0;994,5;994,5;993,5;440,3;23,8;23,8;24;19,8;;;;;100;;;;
2024/09/01;1100 UTC;0;995;995;994,5;;26,1;23,9;26,3;23,7;25,7;23,7;100;88;88;;;;
2024/09/01;1200 UTC;0;995,1;995,3;995;;27,1;21;28,1;26;24,1;20,5;88;67;69;;;;
2024/09/01;1300 UTC;0;994,6;995,1;994,5;8,2;28,3;19,3;30,4;27,1;21,1;19,3;69;55;58;;;;
2024/09/01;1400 UTC;0;993,8;994,6;993,7;3,4;30,4;19;31,2;28,1;20,3;18,6;59;50;51;;;;
2024/09/01;1500 UTC;0;992,5;993,8;992,5;2,5;32,2;19,6;32,2;29,9;19,8;18,7;52;46;47;;;;
2024/09/01;1600 UTC;0;991,4;992,5;991,4;5,8;31,8;17,4;33;30,3;19,5;17;48;42;42;;;;
2024/09/01;1700 UTC;0;990,2;991,4;990,1;;34,1;17,5;34,1;31,7;18,4;16,7;43;37;37;;;;
2024/09/01;1800 UTC;0;989,6;990,2;989,5;;33,5;15,6;34,1;32,8;17,3;15,3;38;34;34;;;;
2024/09/01;1900 UTC;0;989,5;989,6;989,3;;33,4;14,6;33,8;32,9;15,8;14,3;35;32;32;;;;
2024/09/01;2000 UTC;0;989,9;989,9;989,4;;32,2;13,6;33,4;32,2;14,6;13,5;33;32;32;;;;
2024/09/01;2100 UTC;0;990,4;990,4;989,9;23,8;29;13,6;32,2;29;14,1;13,3;39;32;39;;;;
2024/09/01;2200 UTC;0;991;991;990,4;;27,5;13,9;29;27,5;14,1;13,1;43;39;43;;;;
2024/09/01;2300 UTC;0;992;992;991;;26,3;17,8;27,5;24,3;17,8;14;59;43;59;;;;
2024/09/02;0000 UTC;0;993,1;993,1;992;;24,5;21,9;26,3;24,3;21,9;18;86;60;86;;;;
2024/09/02;0100 UTC;0;993,5;993,5;993,1;;23,6;;24,5;23,6;24,3;22;100;86;;;;;
2024/09/02;0200 UTC;0;993,2;993,6;993,2;;23;;23,6;22,9;;;;;;;;;
2024/09/02;0300 UTC;0;992,7;993,2;992,7;;22,9;;23,3;22,9;;;;;;;;;
2024/09/02;0400 UTC;0;992,2;992,7;992,2;4;22,9;;23,1;22,6;;;;;;;;;
2024/09/02;0500 UTC;0;992;992,2;992;9,6;22,1;;22,9;22,1;;;;;;;;;
2024/09/02;0600 UTC;0;991,8;992;991,8;656,9;22;;22,1;21,7;;;;;;;;;
2024/09/02;0700 UTC;0;991,8;991,9;991,8;1552,2;21,1;;22;21,1;;;;;;;;;
2024/09/02;0800 UTC;0;992;992;991,7;5027,7;20,1;;21,2;20,1;;;;;;;;;
2024/09/02;0900 UTC;0;992,6;992,6;992;4949,2;20;;20,1;19,4;;;;;;;;;
2024/09/02;1000 UTC;0;993,5;993,5;992,6;1107,7;24,1;;24,1;19,9;;;;;;;;;
2024/09/02;1100 UTC;0;993,9;993,9;993,5;;26,8;24,6;26,8;24,1;26,2;23,8;100;87;88;;;;
2024/09/02;1200 UTC;0;993,7;994;993,7;;27,9;20,5;28,2;26,8;25;19,8;89;62;64;;;;
2024/09/02;1300 UTC;0;993,5;993,9;993,4;;30;19,2;30,5;27,7;20,7;18,9;64;51;53;;;;
2024/09/02;1400 UTC;0;992,3;993,5;992,3;6,3;30,8;17,8;31,9;29,7;19,7;17,7;53;44;46;;;;
2024/09/02;1500 UTC;0;991,2;992,3;991,2;67,1;32,3;17,7;32,3;30,8;18,6;17,3;47;42;42;;;;
2024/09/02;1600 UTC;0;990;991,3;990;174,5;33;17,4;33,4;31,6;18;16,8;42;38;39;;;;
2024/09/02;1700 UTC;0;988,9;990;988,9;139,6;32,7;16,8;33,7;32,5;17,8;16,6;40;37;39;;;;
2024/09/02;1800 UTC;0;988,3;988,9;988,3;2;33,8;16,4;34,2;32,5;17,3;16,3;40;35;35;;;;
2024/09/02;1900 UTC;0;988,1;988,3;988,1;;32,8;16,4;33,9;32,8;16,8;15,8;37;35;37;;;;
2024/09/02;2000 UTC;0;988,3;988,3;988;;32,3;15,3;32,9;32,3;16,5;15,3;38;36;36;;;;
2024/09/02;2100 UTC;0;989;989;988,3;57,7;29,1;15;32,3;29,1;15,4;14,8;42;36;42;;;;
2024/09/02;2200 UTC;0;989,8;989,8;989;;25,5;16;29,1;25,4;16,3;14,8;56;42;56;;;;
2024/09/02;2300 UTC;0;991,5;991,5;989,8;;26,1;23,3;27,2;24,4;23,3;15,8;84;55;84;;;;
2024/09/03;0000 UTC;0;992,4;992,4;991,5;;24,6;;26,2;24,6;25,4;23,3;100;84;;;;;
2024/09/03;0100 UTC;0;993,1;993,1;992,4;;23,9;;24,6;23,9;;;;;;;;;
2024/09/03;0200 UTC;0;993,1;993,2;993;;23,2;;23,9;23,2;;;;;;;;;
2024/09/03;0300 UTC;0;992,4;993,1;992,4;;23;;23,4;22,9;;;;;;;;;
2024/09/03;0400 UTC;0;992,2;992,4;992,1;6,8;22,5;;23;22,3;;;;;;;;;
2024/09/03;0500 UTC;0;991,7;992,2;991,6;28,9;21,9;;22,6;21,9;;;;;;;;;
2024/09/03;0600 UTC;0;991,3;991,7;991,3;104,8;21,5;;21,9;21,4;;;;;;;;;
2024/09/03;0700 UTC;0;991,5;991,5;991,3;313,1;20,8;;21,7;20,8;;;;;;;;;
2024/09/03;0800 UTC;0;991,6;991,6;991,2;3329,9;20;;20,8;20;;;;;;;;;
2024/09/03;0900 UTC;0;992,3;992,3;991,6;;19,9;;20;19,6;;;;;;;;;
2024/09/03;1000 UTC;0;993;993;992,3;495;24,2;;24,2;19,9;;;;;;;;;
2024/09/03;1100 UTC;0;993,6;993,6;993;;26,1;22,8;26,1;23,8;25,3;22,7;100;82;82;;;;
2024/09/03;1200 UTC;0;993,7;993,8;993,6;;28;20,4;28,4;26,1;22,9;20;82;62;63;;;;
2024/09/03;1300 UTC;0;993,2;993,8;993,2;;29,6;20,1;30;28,1;20,8;19,8;63;56;57;;;;
2024/09/03;1400 UTC;0;992,2;993,3;992,2;47,6;31,8;19,3;31,8;29,6;20,6;18,8;57;47;47;;;;
2024/09/03;1500 UTC;0;990,8;992,2;990,8;;32,6;18,3;33,3;31,3;19,3;18,2;48;42;43;;;;
2024/09/03;1600 UTC;0;989,4;990,8;989,4;183,9;33,6;18,1;34,4;32,6;18,8;17,9;43;39;40;;;;
2024/09/03;1700 UTC;0;988,3;989,5;988,3;380,9;33,8;17,7;35;33,6;18,9;17,3;41;37;38;;;;
2024/09/03;1800 UTC;0;987,7;988,3;987,6;534,1;34,3;16,3;35,2;33,8;18;16,3;38;34;34;;;;
2024/09/03;1900 UTC;0;987,7;987,8;987,6;221,9;34,5;15,8;35;34,2;16,8;15,4;35;32;33;;;;
2024/09/03;2000 UTC;0;988;988;987,7;2433,1;33,2;14,7;34,6;33,2;16,2;14,7;34;31;33;;;;
2024/09/03;2100 UTC;0;988,6;988,6;987,9;1518,3;30,3;14,6;33,2;30,3;15,3;14,6;39;33;38;;;;
2024/09/03;2200 UTC;0;990,2;990,2;988,6;34,6;27,2;25,8;30,4;27,2;25,8;14,5;92;38;92;;;;
2024/09/03;2300 UTC;0;991,5;991,5;990,2;;25,7;25,7;27,2;25,7;26,6;25,7;100;92;100;;;;
2024/09/04;0000 UTC;0;992,3;992,3;991,5;;25;;25,7;24,9;25,7;25;100;100;;;;;
2024/09/04;0100 UTC;0;993;993;992,3;;24,1;;25;24,1;;;;;;;;;
2024/09/04;0200 UTC;0;993,1;993,1;993;;23,4;;24,2;23,4;;;;;;;;;
2024/09/04;0300 UTC;0;992,8;993,1;992,8;;23,3;;23,5;23,3;;;;;;;;;
2024/09/04;0400 UTC;0;992,4;992,8;992,4;;22,7;;23,3;22,7;;;;;;;;;
2024/09/04;0500 UTC;0;992,1;992,4;992,1;;22,2;;22,8;22,2;;;;;;;;;
2024/09/04;0600 UTC;0;992,4;992,5;992;;22,2;;22,2;21,9;;;;;;;;;
2024/09/04;0700 UTC;0;992,4;992,5;992,4;16,1;21,5;;22,3;21,5;;;;;;;;;
2024/09/04;0800 UTC;0;992,7;992,7;992,3;200,6;20,4;;21,5;20,4;;;;;;;;;
2024/09/04;0900 UTC;0;993,4;993,4;992,7;1495;20;;20,4;19,6;;;;;;;;;
2024/09/04;1000 UTC;0;994,1;994,1;993,4;581,9;23,7;23,7;23,7;20;;;;;100;;;;
2024/09/04;1100 UTC;0;994,6;994,6;994,1;1180,1;25,9;22,3;26;23,7;25,2;22,3;100;80;80;;;;
2024/09/04;1200 UTC;0;994,5;994,8;994,5;1377,1;28,2;19;28,3;25,9;22,4;18,9;81;57;58;;;;
2024/09/04;1300 UTC;0;994;994,5;994;1450,3;30,1;19,1;30,2;28,1;19,7;18,6;59;52;52;;;;
2024/09/04;1400 UTC;0;993,1;994;993,1;2718,3;31;18,4;31,2;29,9;19,3;18,2;52;47;47;;;;
2024/09/04;1500 UTC;0;992,1;993,2;992,1;4819,3;32,5;18,6;32,5;31;19,1;18,2;47;44;44;;;;
2024/09/04;1600 UTC;0;991,1;992,1;991,1;3304,2;33;18;34;31,8;19;17,9;44;40;41;;;;
2024/09/04;1700 UTC;0;990;991,1;989,9;4807,1;34;17,7;34,3;32,9;18,4;17,3;41;37;38;;;;
2024/09/04;1800 UTC;0;989,4;990;989,4;3993;33,9;16,9;34,4;33,7;17,9;16,9;39;36;36;;;;
2024/09/04;1900 UTC;0;989,2;989,4;989,1;2673,6;34,3;16,7;34,6;33,9;17,3;16,5;37;35;35;;;;
2024/09/04;2000 UTC;0;989,2;989,2;989,1;3522;32,9;16,4;34,3;32,9;16,7;16,2;37;35;37;;;;
2024/09/04;2100 UTC;0;989,4;989,4;989,2;4134;30,4;16,1;32,9;30,4;16,5;16;42;37;42;;;;
2024/09/04;2200 UTC;0;990,1;990,1;989,4;2323,7;29,3;18,9;30,4;29,1;18,9;15,6;54;42;54;;;;
2024/09/04;2300 UTC;0;991,7;991,7;990,1;1528,5;27,5;22,1;29,3;27,5;22,1;19;73;54;72;;;;
2024/09/05;0000 UTC;0;992,6;992,6;991,7;796,8;25,8;24,6;27,5;25,8;24,6;22,1;93;72;93;;;;
2024/09/05;0100 UTC;0;993;993;992,6;252,9;24,8;;25,8;24,8;25,6;21,9;100;83;;;;;
2024/09/05;0200 UTC;0;993,1;993,2;993;47,9;24,2;;24,8;24,2;;;;;;;;;
2024/09/05;0300 UTC;0;992,8;993,2;992,8;95,3;23,7;;24,2;23,7;;;;;;;;;
2024/09/05;0400 UTC;0;992,4;992,8;992,4;51,5;23,3;;23,8;23,2;;;;;;;;;
2024/09/05;0500 UTC;0;992,4;992,4;992,3;5,7;22,7;;23,3;22,7;;;;;;;;;
2024/09/05;0600 UTC;0;992,5;992,5;992,4;25,8;22,1;;22,7;22,1;;;;;;;;;
2024/09/05;0700 UTC;0;992,7;992,7;992,5;3,7;21,6;;22,2;21,6;;;;;;;;;
2024/09/05;0800 UTC;0;993,2;993,2;992,7;131,3;20,7;;21,6;20,6;;;;;;;;;
2024/09/05;0900 UTC;0;993,9;993,9;993,2;1752,7;20,1;;20,7;19,7;;;;;;;;;
2024/09/05;1000 UTC;0;994,4;994,4;993,9;273,1;23,8;23,8;23,8;20,1;;;;;100;;;;
2024/09/05;1100 UTC;0;994,9;994,9;994,4;305;26,2;21,9;26,2;23,8;24,4;21,4;100;76;77;;;;
2024/09/05;1200 UTC;0;995,1;995,1;994,8;1045,3;28,8;20,3;28,9;26,2;21,9;19,8;77;60;60;;;;
2024/09/05;1300 UTC;0;994,6;995,1;994,6;1319,4;30,1;19,9;30,2;28,1;20,6;19,2;61;54;54;;;;
2024/09/05;1400 UTC;0;993,7;994,6;993,7;1419,1;30,8;19,3;31,6;29,7;20,4;19,1;54;50;51;;;;
2024/09/05;1500 UTC;0;992,6;993,7;992,5;2813,8;32,2;19,3;32,6;30,5;20,1;19,2;52;46;47;;;;
2024/09/05;1600 UTC;0;991,3;992,5;991,3;1686,4;32,8;19;33,8;31,9;20;18,9;47;43;44;;;;
2024/09/05;1700 UTC;0;990,3;991,3;990,3;2789,6;33,6;18,6;34,2;32,5;19,7;18,3;45;40;41;;;;
2024/09/05;1800 UTC;0;989,7;990,3;989,6;438,7;33,7;18,3;34,5;33,3;19,1;18,1;42;39;40;;;;
2024/09/05;1900 UTC;0;989,5;989,7;989,4;154,7;34;17,8;34,3;33,6;18,6;17,4;40;38;38;;;;
2024/09/05;2000 UTC;0;989,7;989,8;989,5;822,6;32,7;17,2;34,1;32,7;17,9;16,7;40;37;40;;;;
2024/09/05;2100 UTC;0;990,1;990,1;989,7;302,2;30,7;17;32,7;30,7;17,2;16,7;44;39;44;;;;
2024/09/05;2200 UTC;0;991,3;991,3;990,1;32,5;27,9;23,8;30,7;27,9;23,8;16,9;79;44;79;;;;
2024/09/05;2300 UTC;0;992,5;992,5;991,3;;26,1;25,3;27,9;26,1;26;23,9;97;79;96;;;;
2024/09/06;0000 UTC;0;993;993;992,5;;24,9;24,6;26,1;24,9;25,3;24,4;98;92;98;;;;
2024/09/06;0100 UTC;0;993,2;993,2;993;;23,9;23,9;24,9;23,9;24,6;23,9;100;96;100;;;;
2024/09/06;0200 UTC;0;993,3;993,3;993,2;;23,2;;24;23,1;;;;;;;;;
2024/09/06;0300 UTC;0;993;993,3;993;;22,8;;23,2;22,8;;;;;;;;;
2024/09/06;0400 UTC;0;992,5;993;992,5;;22,4;;22,8;22,4;;;;;;;;;
2024/09/06;0500 UTC;0;992,1;992,5;992,1;5,2;22,2;;22,5;22,2;;;;;;;;;
2024/09/06;0600 UTC;0;992,2;992,2;992,1;17,1;22;;22,4;22;;;;;;;;;
2024/09/06;0700 UTC;0;992,3;992,3;992,2;35,1;21,9;;22,1;21,9;;;;;;;;;
2024/09/06;0800 UTC;0;992,8;992,8;992,3;34,6;21,6;;22;21,6;;;;;;;;;
2024/09/06;0900 UTC;0;993,2;993,2;992,7;375,7;21,4;;21,6;21;;;;;;;;;
2024/09/06;1000 UTC;0;994;994;993,2;3,1;23,6;;23,9;21,4;;;;;;;;;
2024/09/06;1100 UTC;0;994,4;994,4;994;226,5;24,9;25;25,1;23,5;25,1;23,9;100;100;100;;;;
2024/09/06;1200 UTC;0;994,3;994,5;994,3;29,1;27,3;22,6;28,2;25;25,9;22,6;100;75;75;;;;
2024/09/06;1300 UTC;0;993,9;994,4;993,9;1,6;29,7;21,6;29,8;27,1;23,5;21,2;78;62;62;;;;
2024/09/06;1400 UTC;0;992,9;993,9;992,9;;31,5;20,6;31,7;29,4;21,9;19,9;62;52;52;;;;
2024/09/06;1500 UTC;0;991,6;993;991,6;;32,8;19,4;33;31;20,8;19,1;53;45;45;;;;
2024/09/06;1600 UTC;0;990,3;991,6;990,3;;33,2;18,8;34,1;32;19,8;18,6;47;42;43;;;;
2024/09/06;1700 UTC;0;989,5;990,3;989,5;;33,8;18,1;34,2;33,1;19,2;17,9;43;39;39;;;;
2024/09/06;1800 UTC;0;989;989,5;988,9;;33,8;17,9;34,1;33,2;18,2;17;40;36;39;;;;
2024/09/06;1900 UTC;0;988,6;989;988,6;;33,7;17,1;34,2;33,6;18;16,9;39;37;37;;;;
2024/09/06;2000 UTC;0;988,8;988,8;988,5;;32,6;16,3;33,9;32,6;17,4;16,2;38;37;38;;;;
2024/09/06;2100 UTC;0;989,1;989,1;988,8;16,6;29,9;16;32,6;29,9;16,6;15,3;43;37;43;;;;
2024/09/06;2200 UTC;0;989,9;989,9;989,1;,2;28,7;18,4;30;28;18,4;15,5;54;42;54;;;;
2024/09/06;2300 UTC;0;991,2;991,2;989,9;;27,3;20,8;28,7;27,3;20,8;18,5;68;54;68;;;;
2024/09/07;0000 UTC;0;992,3;992,3;991,2;;25,6;25,2;27,3;25,6;25,2;20,9;98;68;98;;;;
2024/09/07;0100 UTC;0;992,9;992,9;992,3;;24,4;;25,6;24,4;25,5;24,5;100;98;;;;;
2024/09/07;0200 UTC;0;993;993;992,8;;23,6;;24,4;23,6;;;;;;;;;
2024/09/07;0300 UTC;0;992,5;993;992,5;;22,9;;23,6;22,9;;;;;;;;;
2024/09/07;0400 UTC;0;991,7;992,5;991,7;1,1;22,7;;22,9;22,6;;;;;;;;;
2024/09/07;0500 UTC;0;991,3;991,7;991,3;7,1;22,6;;22,8;22,3;;;;;;;;;
2024/09/07;0600 UTC;0;991,2;991,4;991,1;13,4;22,5;;22,6;22,1;;;;;;;;;
2024/09/07;0700 UTC;0;991,4;991,4;991,2;7;22,6;;22,7;22,2;;;;;;;;;
2024/09/07;0800 UTC;0;992;992;991,4;4,2;20,8;;22,7;20,6;;;;;;;;;
2024/09/07;0900 UTC;0;992,7;992,7;992;397,8;21,6;;21,7;20,2;;;;;;;;;
2024/09/07;1000 UTC;0;993,3;993,3;992,7;18,9;24,1;24,1;24,1;21,6;;;;;100;;;;
2024/09/07;1100 UTC;0;994;994;993,3;;27,2;23,9;27,2;24,1;25,7;23,9;100;82;82;;;;
2024/09/07;1200 UTC;0;994,2;994,3;994;;28,8;21,9;28,8;26,8;23,8;21,8;82;66;66;;;;
2024/09/07;1300 UTC;0;993,7;994,2;993,7;10,4;30,8;20,7;31,1;28,7;21,9;20,2;66;54;55;;;;
2024/09/07;1400 UTC;0;992,9;993,7;992,8;28,4;31,2;19,7;32,7;30,8;21,1;19,6;55;48;50;;;;
2024/09/07;1500 UTC;0;991,5;992,8;991,5;3,2;33;19,8;33,6;31;20,4;19,6;51;45;46;;;;
2024/09/07;1600 UTC;0;990,5;991,5;990,5;;33,5;19,4;34,2;32,4;20,3;19;47;43;44;;;;
2024/09/07;1700 UTC;0;989,5;990,6;989,5;;33,3;18,8;34,5;32,4;19,8;18,7;46;40;42;;;;
2024/09/07;1800 UTC;0;988,6;989,6;988,6;13,1;33,7;18,4;34,7;33,2;19,5;18,4;43;39;40;;;;
2024/09/07;1900 UTC;0;988,4;988,7;988,4;;34;18,2;34,6;33,5;18,9;18;41;39;39;;;;
2024/09/07;2000 UTC;0;988,8;988,8;988,4;;33,2;17,7;34,2;33,2;18,5;17,7;40;39;40;;;;
2024/09/07;2100 UTC;0;989,1;989,1;988,8;8,1;31,1;17,5;33,2;31,1;17,8;17,5;44;40;44;;;;
2024/09/07;2200 UTC;0;989,9;989,9;989,1;31,1;30,1;18,8;31,1;29,6;18,8;17,4;51;44;51;;;;
2024/09/07;2300 UTC;0;991,3;991,3;989,9;;27,5;25,5;30,1;27,5;25,5;20,3;89;51;89;;;;
2024/09/08;0000 UTC;0;991,9;991,9;991,3;;26,1;26,1;27,5;26,1;26,7;25,5;100;89;100;;;;
2024/09/08;0100 UTC;0;992,4;992,4;991,9;;25,1;;26,1;25,1;26,2;25,3;100;66;;;;;
2024/09/08;0200 UTC;0;992,6;992,7;992,4;;24,4;;25,1;24,3;;;;;;;;;
2024/09/08;0300 UTC;0;992,5;992,7;992,5;;24;;24,6;24;;;;;;;;;
2024/09/08;0400 UTC;0;992,3;992,6;992,2;;23,5;;24;23,5;;;;;;;;;
2024/09/08;0500 UTC;0;992,2;992,3;992,1;;23,1;;23,9;23,1;;;;;;;;;
2024/09/08;0600 UTC;0;992,5;992,5;992,2;4,4;22,7;;23,3;22,7;;;;;;;;;
2024/09/08;0700 UTC;0;992,9;992,9;992,5;11;21,4;;22,7;21,4;;;;;;;;;
2024/09/08;0800 UTC;0;993,3;993,3;992,9;728,5;20,5;;21,4;20,3;;;;;;;;;
2024/09/08;0900 UTC;0;993,9;993,9;993,3;2688,1;20,8;;20,8;20,1;;;;;;;;;
2024/09/08;1000 UTC;0;994,5;994,5;993,9;93,6;24,8;24,8;24,9;20,9;;;;;100;;;;
2024/09/08;1100 UTC;0;995;995;994,5;1,9;27,9;22,5;27,9;24,8;25,6;22,1;100;72;72;;;;
2024/09/08;1200 UTC;0;995,3;995,3;994,9;,5;29,5;21,1;29,7;27,9;22,5;20,6;72;59;61;;;;
2024/09/08;1300 UTC;0;994,9;995,3;994,8;101,2;29,7;20,4;30,9;29,2;21,7;20,4;61;55;58;;;;
2024/09/08;1400 UTC;0;994,1;994,9;994;73,1;32,2;20,6;32,3;29,4;20,9;19,9;58;50;51;;;;
2024/09/08;1500 UTC;0;992,8;994,1;992,8;17,1;32;19,1;33,1;31,9;20,6;18,8;51;44;47;;;;
2024/09/08;1600 UTC;0;991,7;992,8;991,7;82;33,3;18,8;33,6;31,7;20;17,9;47;41;42;;;;
2024/09/08;1700 UTC;0;990,7;991,7;990,7;11,8;33,5;17,7;34,6;32,6;19,6;17,7;44;39;39;;;;
2024/09/08;1800 UTC;0;990,1;990,7;989,9;;34,1;18,4;34,4;33,3;18,8;17,3;41;38;39;;;;
2024/09/08;1900 UTC;0;989,8;990,1;989,8;;33,6;17,6;34,3;33,3;18,4;17,3;40;37;39;;;;
2024/09/08;2000 UTC;0;990,1;990,2;989,8;62;32,7;17,7;33,6;32,7;17,8;17,2;41;38;41;;;;
2024/09/08;2100 UTC;0;990,4;990,4;990,1;29,3;31;17,4;32,7;31;17,7;17,3;44;41;44;;;;
2024/09/08;2200 UTC;0;991;991;990,4;93,8;29;17,3;31;28,6;17,8;17,1;51;44;49;;;;
2024/09/08;2300 UTC;0;992,7;992,7;991;;28,1;24,8;29,6;28,1;24,8;17,1;82;48;82;;;;
2024/09/09;0000 UTC;0;993,4;993,4;992,7;;26,5;26,5;28,1;26,5;26,6;24,8;100;82;100;;;;
2024/09/09;0100 UTC;0;993,7;993,7;993,4;;25,4;;26,5;25,4;26,4;25,4;100;100;;;;;
2024/09/09;0200 UTC;0;993,7;993,8;993,7;;24,4;;25,4;24,4;;;;;;;;;
2024/09/09;0300 UTC;0;993,3;993,7;993,3;;24,3;;24,7;24,3;;;;;;;;;
2024/09/09;0400 UTC;0;992,8;993,3;992,8;;24;;24,3;23,8;;;;;;;;;
2024/09/09;0500 UTC;0;992,5;992,8;992,5;;24,3;;24,4;24;;;;;;;;;
2024/09/09;0600 UTC;0;992,6;992,6;992,4;;23,5;;24,3;23,4;;;;;;;;;
2024/09/09;0700 UTC;0;992,9;992,9;992,6;;23,8;;24;23,4;;;;;;;;;
2024/09/09;0800 UTC;0;993,6;993,6;992,9;;23,5;;23,8;23,5;;;;;;;;;
2024/09/09;0900 UTC;0;994,3;994,3;993,6;;23,3;;23,5;23;;;;;;;;;
2024/09/09;1000 UTC;0;994,8;994,9;994,3;78,5;25,3;23,7;25,3;23,3;;;;;91;;;;
2024/09/09;1100 UTC;0;995,3;995,3;994,8;547,3;26,7;21,9;26,8;25,2;23,7;21,9;91;75;75;;;;
2024/09/09;1200 UTC;0;995,4;995,5;995,2;1224,1;28,9;20,7;29,1;26,3;21,9;20,4;76;61;61;;;;
2024/09/09;1300 UTC;0;994,9;995,5;994,9;1294,6;29,2;19,8;29,9;28,4;20,9;19,4;61;56;57;;;;
2024/09/09;1400 UTC;0;994,1;994,9;994;1370,3;31,4;19,3;32,3;29;20,5;19,3;58;48;49;;;;
2024/09/09;1500 UTC;0;992,8;994,1;992,7;474;31,7;19,1;32,2;30,5;19,6;18,9;51;46;47;;;;
2024/09/09;1600 UTC;0;991,4;992,8;991,4;7,4;32,2;18,6;32,9;31,7;19,4;18,1;47;43;45;;;;
2024/09/09;1700 UTC;0;990,6;991,4;990,5;;33,1;18,5;33,2;32,1;19,1;17,8;45;41;42;;;;
2024/09/09;1800 UTC;0;989,8;990,6;989,8;239;32,9;17,8;33,7;32,5;18,9;17,7;43;40;41;;;;
2024/09/09;1900 UTC;0;989,8;989,9;989,7;;33;17,7;33,5;32,6;18,5;17,5;42;39;40;;;;
2024/09/09;2000 UTC;0;990,1;990,1;989,8;20,3;32;17,1;33;32;17,9;17;42;40;41;;;;
2024/09/09;2100 UTC;0;990,2;990,2;990;182,6;30,2;16,8;32;30,2;17,2;16,7;45;41;44;;;;
2024/09/09;2200 UTC;0;990,8;990,8;990,2;;28,4;16,7;30,2;28,4;16,7;16,6;49;44;49;;;;
2024/09/09;2300 UTC;0;992,1;992,1;990,8;;26,4;25,2;29;26,4;25,2;16,7;93;49;93;;;;
2024/09/10;0000 UTC;0;992,8;992,8;992,1;;25,2;25,3;26,4;25,2;26,1;25,3;100;93;100;;;;
2024/09/10;0100 UTC;0;993,4;993,4;992,8;;24,3;;25,2;24,3;;;;;;;;;
2024/09/10;0200 UTC;0;993,4;993,6;993,4;;23,7;;24,3;23,6;;;;;;;;;
2024/09/10;0300 UTC;0;992,8;993,4;992,8;;23;;23,7;23;;;;;;;;;
2024/09/10;0400 UTC;0;992,3;992,8;992,3;;23;;23,3;22,9;;;;;;;;;
2024/09/10;0500 UTC;0;992,3;992,3;992,3;;22,5;;23;22,5;;;;;;;;;
2024/09/10;0600 UTC;0;992,3;992,5;992,3;18,4;21,6;;22,6;21,6;;;;;;;;;
2024/09/10;0700 UTC;0;992,4;992,4;992,1;394;20,7;;21,6;20,7;;;;;;;;;
2024/09/10;0800 UTC;0;992,9;992,9;992,4;1745,1;20,2;;21;20,2;;;;;;;;;
2024/09/10;0900 UTC;0;993,6;993,6;992,9;2702,5;21,1;;21,1;19,9;;;;;;;;;
2024/09/10;1000 UTC;0;994;994,1;993,6;121,7;23,9;23,9;23,9;21,1;;;;;100;;;;
2024/09/10;1100 UTC;0;994,3;994,4;994;1,7;26,9;21,2;26,9;23,9;25,1;21,1;100;71;71;;;;
2024/09/10;1200 UTC;0;994,3;994,5;994,3;208,1;28,9;20,1;28,9;26,9;21,1;19,4;71;59;59;;;;
2024/09/10;1300 UTC;0;993,5;994,4;993,5;1359,8;30;18,9;30,5;28,5;19,8;18,7;59;51;51;;;;
2024/09/10;1400 UTC;0;992,6;993,5;992,5;580,8;32;19,1;32;30;19,8;18,2;53;46;47;;;;
2024/09/10;1500 UTC;0;991,2;992,6;991,2;236,1;33;18,4;33,1;31,2;19,1;18,1;48;42;42;;;;
2024/09/10;1600 UTC;0;990;991,3;990;;33,6;18,2;34,3;32,4;18,9;18,2;43;40;40;;;;
2024/09/10;1700 UTC;0;989;990;989;15,9;34,4;18,3;34,6;33,2;18,7;17,8;41;38;39;;;;
2024/09/10;1800 UTC;0;988,6;989;988,6;21,1;33,5;17,4;34,9;33,5;18,6;17,4;39;37;38;;;;
2024/09/10;1900 UTC;0;988,2;988,6;988,2;;33,9;17,4;34,6;33,5;18,1;17,2;39;37;38;;;;
2024/09/10;2000 UTC;0;988,6;988,6;988,3;178,6;32,9;17,2;33,9;32,9;17,7;17,1;39;37;39;;;;
2024/09/10;2100 UTC;0;989;989;988,6;1285,7;30,8;16,9;32,8;30,7;17,5;16,9;44;39;43;;;;
2024/09/10;2200 UTC;0;990;990;989;48,1;28,5;23,5;30,8;28,5;23,5;16,6;74;43;74;;;;
2024/09/10;2300 UTC;0;991,4;991,4;990;7,1;26,1;26,1;28,5;26,1;27;23,6;100;74;100;;;;
2024/09/11;0000 UTC;0;992,2;992,2;991,4;;25,1;;26,1;25,1;;;;;;;;;
2024/09/11;0100 UTC;0;992,6;992,6;992,1;;24,5;;25,1;24,5;;;;;;;;;
2024/09/11;0200 UTC;0;992,3;992,6;992,3;;24,5;;24,6;24,4;;;;;;;;;
2024/09/11;0300 UTC;0;992;992,3;992;;24,5;;24,6;24,5;;;;;;;;;
2024/09/11;0400 UTC;0;991,5;992;991,5;;23,7;;24,5;23,7;;;;;;;;;
2024/09/11;0500 UTC;0;991,4;991,5;991,3;;23;;23,7;23;;;;;;;;;
2024/09/11;0600 UTC;0;991,5;991,6;991,3;1;22,6;;23,1;22,4;;;;;;;;;
2024/09/11;0700 UTC;0;991,9;991,9;991,5;7,9;21,8;;22,6;21,8;;;;;;;;;
2024/09/11;0800 UTC;0;992,6;992,6;991,9;24,9;21,3;;21,9;21,3;;;;;;;;;
2024/09/11;0900 UTC;0;993,1;993,1;992,5;24,4;21,9;;21,9;20,9;;;;;;;;;
2024/09/11;1000 UTC;0;993,5;993,5;993,1;13,7;24,6;23,9;24,6;21,9;;;;;96;;;;
2024/09/11;1100 UTC;0;993,9;993,9;993,5;7;27,1;19,4;27,1;24,6;23,7;19,2;95;63;63;;;;
2024/09/11;1200 UTC;0;994,1;994,3;993,9;58,1;28,6;18,4;29,1;27,1;19,5;18,4;63;53;54;;;;
2024/09/11;1300 UTC;0;993,4;994,1;993,4;201,8;30;17,9;30,5;28,5;18,7;17,5;55;47;48;;;;
2024/09/11;1400 UTC;0;992,5;993,5;992,5;68,2;32,2;17,6;32,5;30;18,5;17,4;48;42;42;;;;
2024/09/11;1500 UTC;0;991,6;992,6;991,5;29,7;32,9;17,7;33;31,5;18,2;17,3;43;40;41;;;;
2024/09/11;1600 UTC;0;990,4;991,5;990,4;,7;33,8;17,6;34,1;32,6;18,2;17,3;41;38;38;;;;
2024/09/11;1700 UTC;0;989,6;990,4;989,6;;34,1;17,6;34,7;33,3;18;17;39;37;37;;;;
2024/09/11;1800 UTC;0;989,1;989,6;989,1;972,9;34,3;17,4;35,2;34,1;18;17;37;35;37;;;;
2024/09/11;1900 UTC;0;989;989,2;988,9;201,7;34,1;17;34,7;34;17,5;16,9;37;36;36;;;;
2024/09/11;2000 UTC;0;989,1;989,2;989;163,6;33;17,1;34,2;33;17,2;16,8;39;36;39;;;;
2024/09/11;2100 UTC;0;989,5;989,5;989,1;534,1;31,1;17,4;33,1;31,1;17,4;16,7;44;38;44;;;;
2024/09/11;2200 UTC;0;990,5;990,5;989,5;246;29,1;21,3;31,1;29,1;21,3;17,2;63;44;63;;;;
2024/09/11;2300 UTC;0;991,9;991,9;990,5;268,8;27,2;24;29,1;27,2;24;21,5;83;63;83;;;;
2024/09/12;0000 UTC;0;992,4;992,4;991,9;15,4;25,9;25,9;27,2;25,9;26,1;24,2;100;83;100;;;;
2024/09/12;0100 UTC;0;993,1;993,1;992,4;12,5;25;;25,9;24,9;25,9;25,1;100;100;;;;;
2024/09/12;0200 UTC;0;993,1;993,1;993;16,1;24,3;;25;24,2;;;;;;;;;
2024/09/12;0300 UTC;0;992,8;993,1;992,8;5,1;23,6;;24,3;23,6;;;;;;;;;
2024/09/12;0400 UTC;0;992,4;992,8;992,4;21,3;23,2;;23,7;23,1;;;;;;;;;
2024/09/12;0500 UTC;0;992,4;992,4;992,4;43,7;24,2;;24,3;23,2;;;;;;;;;
2024/09/12;0600 UTC;0;992,5;992,6;992,4;36,7;23,9;;24,2;23,9;;;;;;;;;
2024/09/12;0700 UTC;0;992,6;992,6;992,5;8,6;23,9;;24,1;23,9;;;;;;;;;
2024/09/12;0800 UTC;0;993,1;993,1;992,6;6,2;23,6;23,6;23,9;23,6;;;;;100;;;;
2024/09/12;0900 UTC;0;993,7;993,7;993,1;14,3;23,6;;23,6;23,5;23,6;23,5;100;100;;;;;
2024/09/12;1000 UTC;0;994,3;994,3;993,7;10,4;24,2;24,2;24,2;23,6;24,2;23,6;100;100;100;;;;
2024/09/12;1100 UTC;0;994,7;994,7;994,3;340,1;26;23,7;26,2;24,2;25,4;23,7;100;87;87;;;;
2024/09/12;1200 UTC;0;994,8;994,9;994,7;12,2;27,8;22,5;28,8;25,9;24,1;22,4;88;71;73;;;;
2024/09/12;1300 UTC;0;994,3;994,8;994,2;6,2;29,2;21,6;30,1;27,8;23,3;21,2;74;62;64;;;;
2024/09/12;1400 UTC;0;993,2;994,3;993,2;360,5;29,5;21,3;30,3;28,9;22;21;64;59;61;;;;
2024/09/12;1500 UTC;0;992,2;993,3;992,1;50,3;31,4;20,9;32;29,5;21,7;20,8;61;53;54;;;;
2024/09/12;1600 UTC;0;991,3;992,2;991,2;893,9;32,8;20,6;33,1;30,9;21,5;20;55;49;49;;;;
2024/09/12;1700 UTC;0;990,4;991,3;990,3;936,6;33;19,6;33,8;31,7;20,9;19,6;51;45;45;;;;
2024/09/12;1800 UTC;0;990;990,4;990;738,4;32,1;19,2;33,8;32,1;20,1;19;46;43;46;;;;
2024/09/12;1900 UTC;0;990;990;989,8;1859,2;32,1;18,7;33,7;32,1;19,6;18,6;46;42;45;;;;
2024/09/12;2000 UTC;0;990,2;990,2;990;326,7;31,8;18,5;33;31,8;18,9;18,4;45;43;45;;;;
2024/09/12;2100 UTC;0;990,4;990,5;990,2;512,8;29,7;18,2;31,8;29,7;18,6;18,2;50;45;50;;;;
2024/09/12;2200 UTC;0;991,4;991,4;990,4;167,5;28,4;21;29,7;26,9;21;18,2;64;50;64;;;;
2024/09/12;2300 UTC;0;992,5;992,5;991,4;;26,7;23,7;28,5;26,7;23,7;21,1;84;64;84;;;;
2024/09/13;0000 UTC;0;993;993;992,5;;25,2;25,2;26,7;25,1;25,7;23,7;100;84;100;;;;
2024/09/13;0100 UTC;0;993,2;993,3;993;;24,2;;25,2;24,2;;;;;;;;;
2024/09/13;0200 UTC;0;993;993,3;993;;23,9;;24,2;23,8;;;;;;;;;
2024/09/13;0300 UTC;0;993;993,1;993;;24;;24,1;23,8;;;;;;;;;
2024/09/13;0400 UTC;0;992,7;993;992,7;;23,3;;24;23,3;;;;;;;;;
2024/09/13;0500 UTC;0;992,6;992,7;992,5;;22,8;;23,3;22,7;;;;;;;;;
2024/09/13;0600 UTC;0;992,8;992,8;992,6;;22,1;;22,8;22,1;;;;;;;;;
2024/09/13;0700 UTC;0;993,1;993,1;992,8;;21,7;;22,2;21,7;;;;;;;;;
2024/09/13;0800 UTC;0;993,5;993,5;993,1;4,1;20,4;;21,8;20,4;;;;;;;;;
2024/09/13;0900 UTC;0;994,4;994,4;993,5;532,5;21;;21;19,9;;;;;;;;;
2024/09/13;1000 UTC;0;994,8;994,8;994,4;10,1;24,2;24,3;24,3;21;;;;;100;;;;
2024/09/13;1100 UTC;0;995,4;995,4;994,8;6,8;26,5;23,6;26,6;24,2;25,1;23,6;100;84;84;;;;
2024/09/13;1200 UTC;0;995,6;995,6;995,3;59,7;27,1;22,7;27,5;26,2;24,1;22,6;87;77;77;;;;
2024/09/13;1300 UTC;0;995;995,6;995;361;29;22;29;26,7;23,1;21,3;79;66;66;;;;
2024/09/13;1400 UTC;0;993,9;995;993,8;2436,1;30,5;20,3;31,3;28,2;21,9;20,2;66;54;55;;;;
2024/09/13;1500 UTC;0;992,4;993,9;992,4;429,8;31,4;19,9;31,9;29,6;21;19,7;57;50;50;;;;
2024/09/13;1600 UTC;0;990,9;992,4;990,9;3128,9;32,8;19,9;33,2;31,1;20,6;19,1;51;45;47;;;;
2024/09/13;1700 UTC;0;990,2;991;990,2;3788,1;31,8;18,1;33,4;31,3;19,7;18,1;48;43;44;;;;
2024/09/13;1800 UTC;0;989,8;990,2;989,7;2790,6;32,9;18,1;33,9;31,5;19,4;17,8;46;40;41;;;;
2024/09/13;1900 UTC;0;989,7;989,8;989,5;2170;33,3;17,6;33,8;32,1;18,5;17,1;41;38;39;;;;
2024/09/13;2000 UTC;0;990,1;990,1;989,7;4686,1;32,3;16,5;33,5;32,3;17,8;16,4;40;38;39;;;;
2024/09/13;2100 UTC;0;990,4;990,4;990,1;179,2;30;16,6;32,3;30;16,9;16,5;45;39;44;;;;
2024/09/13;2200 UTC;0;991,4;991,4;990,4;11,1;27,8;21,1;30;27,8;21,1;16,4;67;44;67;;;;
2024/09/13;2300 UTC;0;992,3;992,3;991,4;;26,2;22,8;27,8;26,1;22,8;21,1;82;67;82;;;;
2024/09/14;0000 UTC;0;993,1;993,1;992,3;;24,9;24,9;26,2;24,9;24,9;22,8;100;82;100;;;;
2024/09/14;0100 UTC;0;993,5;993,5;993,1;;24,1;24,1;24,9;24,1;24,9;24,1;100;100;100;;;;
2024/09/14;0200 UTC;0;993,4;993,6;993,4;;23,3;;24,1;23,3;;;;;;;;;
2024/09/14;0300 UTC;0;993;993,4;993;;22,6;;23,3;22,6;;;;;;;;;
2024/09/14;0400 UTC;0;992,3;993;992,3;;22,3;;22,7;22,3;;;;;;;;;
2024/09/14;0500 UTC;0;991,9;992,3;991,9;;22,1;;22,3;21,9;;;;;;;;;
2024/09/14;0600 UTC;0;992;992,1;991,9;;21,9;;22,2;21,9;;;;;;;;;
2024/09/14;0700 UTC;0;992,5;992,5;992;;22,2;;22,2;21,3;;;;;;;;;
2024/09/14;0800 UTC;0;993;993;992,5;;21,8;;22,2;21,7;;;;;;;;;
2024/09/14;0900 UTC;0;993,7;993,7;993;;22,1;;22,1;21,3;;;;;;;;;
2024/09/14;1000 UTC;0;994;994;993,7;;24,6;24;24,7;22,1;24,7;23,6;100;96;96;;;;
2024/09/14;1100 UTC;0;994,3;994,3;994;;26,5;22,6;26,6;24,6;24,2;22,5;97;79;79;;;;
2024/09/14;1200 UTC;0;994,5;994,5;994,2;1,3;28,1;21,6;28,6;26,1;22,7;21,3;80;67;68;;;;
2024/09/14;1300 UTC;0;994;994,5;994;2,5;29,4;20,7;30;28;21,9;20,6;68;58;59;;;;
2024/09/14;1400 UTC;0;992,9;994;992,9;476,5;31,5;20,4;31,5;28,9;21,3;19,5;61;52;52;;;;
2024/09/14;1500 UTC;0;991,5;992,9;991,4;1844,3;32,4;19,9;32,5;30,4;20,9;19,3;54;47;48;;;;
2024/09/14;1600 UTC;0;990,3;991,5;990,2;1887,8;33,3;19,3;33,5;31,4;20,3;19,2;50;44;44;;;;
2024/09/14;1700 UTC;0;989,4;990,3;989,3;2460,1;34;18,8;34,9;32,7;19,9;18,6;45;40;41;;;;
2024/09/14;1800 UTC;0;988,8;989,4;988,8;3123,1;34,9;18,6;34,9;32,7;19,1;17,9;43;38;38;;;;
2024/09/14;1900 UTC;0;989;989;988,7;3038,4;34,1;17,9;34,9;33,7;18,5;17,8;40;37;38;;;;
2024/09/14;2000 UTC;0;989,4;989,4;989;1808,6;32,9;17,5;34,1;32,9;18,1;17,1;40;38;40;;;;
2024/09/14;2100 UTC;0;989,8;989,8;989,3;293;30,5;17,2;32,9;30,5;17,5;17,2;45;40;45;;;;
2024/09/14;2200 UTC;0;991,2;991,2;989,8;3,9;28;23,4;30,5;28;23,4;17,2;76;45;76;;;;
2024/09/14;2300 UTC;0;992,5;992,5;991,2;;26,4;26,3;28;26,4;26,3;23,4;100;76;100;;;;
2024/09/15;0000 UTC;0;993,1;993,2;992,5;;25,2;25,2;26,4;25,2;26,3;25,2;100;100;100;;;;
2024/09/15;0100 UTC;0;993,8;993,8;993,1;;24,4;;25,3;24,4;;;;;;;;;
2024/09/15;0200 UTC;0;993,8;994;993,7;;24,4;;24,6;24,3;;;;;;;;;
2024/09/15;0300 UTC;0;993,4;993,8;993,4;33,2;24,3;;24,5;24,2;;;;;;;;;
2024/09/15;0400 UTC;0;992,7;993,4;992,7;;23,5;;24,3;23,5;;;;;;;;;
2024/09/15;0500 UTC;0;992,5;992,7;992,4;;23;;23,5;23;;;;;;;;;
2024/09/15;0600 UTC;0;992,6;992,6;992,5;;22,9;;23,1;22,7;;;;;;;;;
2024/09/15;0700 UTC;0;992,9;992,9;992,6;5,7;21,8;;22,9;21,7;;;;;;;;;
2024/09/15;0800 UTC;0;993,2;993,2;992,8;1,3;21,5;;22,1;21,5;;;;;;;;;
2024/09/15;0900 UTC;0;993,9;993,9;993,2;,8;22,1;;22,1;21,5;;;;;;;;;
2024/09/15;1000 UTC;0;994,2;994,2;993,9;44,6;24,4;24,4;24,4;22,1;;;;;100;;;;
2024/09/15;1100 UTC;0;994,8;994,8;994,2;19,3;27,4;21,5;27,4;24,4;24,7;21;100;70;70;;;;
2024/09/15;1200 UTC;0;994,9;995;994,8;;29,2;19,9;29,3;27;21,1;19,4;70;57;58;;;;
2024/09/15;1300 UTC;0;994,5;994,9;994,5;;30,6;19,3;31,1;28,8;20,3;19,1;58;50;51;;;;
2024/09/15;1400 UTC;0;993,5;994,5;993,5;1;31,7;19,2;32,3;30,6;20;18,5;51;45;47;;;;
2024/09/15;1500 UTC;0;992,1;993,5;992,1;5,3;33,8;18,5;34;31,8;19,7;17,5;47;39;40;;;;
2024/09/15;1600 UTC;0;990,7;992,1;990,7;4,1;34,2;17,8;34,7;33,1;18,7;17,5;41;37;38;;;;
2024/09/15;1700 UTC;0;989,8;990,7;989,8;12,3;35;17,1;35,4;34,2;18,3;16,1;39;33;35;;;;
2024/09/15;1800 UTC;0;989,5;989,8;989,4;;35,4;17,3;35,8;34,6;17,8;16,8;36;34;34;;;;
2024/09/15;1900 UTC;0;989,3;989,5;989,3;5,2;35,2;17,7;35,5;34,3;17,8;17,1;37;34;36;;;;
2024/09/15;2000 UTC;0;989,4;989,5;989,3;31,5;33,7;17,5;35,2;33,7;17,8;17,2;38;35;38;;;;
2024/09/15;2100 UTC;0;990,1;990,1;989,4;131,8;31,7;16,9;33,7;31,7;17,6;16,9;41;38;41;;;;
2024/09/15;2200 UTC;0;991,7;991,7;990,1;16;28,4;24;31,7;28,4;24;16,7;77;41;77;;;;
2024/09/15;2300 UTC;0;992,6;992,6;991,7;;26,8;23,8;28,4;26,8;24,2;23,7;84;77;84;;;;
2024/09/16;0000 UTC;0;993,2;993,2;992,6;;25,8;25,1;26,8;25,8;25,1;23,8;96;84;96;;;;
2024/09/16;0100 UTC;0;993,5;993,5;993,2;;24,9;24,9;25,8;24,9;25,5;24,9;100;96;100;;;;
2024/09/16;0200 UTC;0;993,5;993,5;993,4;;24,6;24,6;25;24,6;25;24,6;100;100;100;;;;
2024/09/16;0300 UTC;0;992,8;993,5;992,8;2,5;24,2;24,2;24,7;24,2;24,7;24,2;100;100;100;;;;
2024/09/16;0400 UTC;0;992,7;992,9;992,6;2,7;23,6;;24,2;23,6;;;;;;;;;
2024/09/16;0500 UTC;0;992,5;992,7;992,5;;23,3;;23,7;23,2;;;;;;;;;
2024/09/16;0600 UTC;0;992,7;992,7;992,5;;22,4;;23,3;22,4;;;;;;;;;
2024/09/16;0700 UTC;0;992,9;992,9;992,7;;22,2;;22,6;22;;;;;;;;;
2024/09/16;0800 UTC;0;993,7;993,7;992,9;;21,3;;22,5;21,3;;;;;;;;;
2024/09/16;0900 UTC;0;994,5;994,5;993,7;;21,1;;21,3;20,5;;;;;;;;;
2024/09/16;1000 UTC;0;995;995;994,5;8;25,1;24,5;25,1;21,1;25;23,5;100;96;97;;;;
2024/09/16;1100 UTC;0;995,4;995,4;995;2,5;27,2;21,8;27,4;24,8;24,7;21,8;99;72;72;;;;
2024/09/16;1200 UTC;0;995,6;995,8;995,5;5,1;29;21,3;29,2;26,9;22,2;21,1;73;63;63;;;;
2024/09/16;1300 UTC;0;995;995,7;995;74,7;30,2;20,6;31;28,5;21,6;20,5;65;56;57;;;;
2024/09/16;1400 UTC;0;994;995;994;61,7;31,4;19,4;32;30,2;21,1;19,3;57;49;49;;;;
2024/09/16;1500 UTC;0;992,7;994;992,7;68,9;33,3;19,6;33,6;31;20,4;18,9;50;44;45;;;;
2024/09/16;1600 UTC;0;991;992,7;991;11,3;33,9;18,6;34,4;32,5;19,9;18,4;46;40;41;;;;
2024/09/16;1700 UTC;0;990;991,1;989,9;;34,9;18,8;35;33,7;19,1;18,2;41;38;39;;;;
2024/09/16;1800 UTC;0;989,5;990;989,4;;35,1;18;35,2;34,4;18,7;17,7;39;36;36;;;;
2024/09/16;1900 UTC;0;989,4;989,5;989,4;;34,8;17,3;35,2;34,6;18,4;17,3;38;35;36;;;;
2024/09/16;2000 UTC;0;989,6;989,6;989,3;27;33,7;17,2;34,8;33,7;17,7;17,1;37;35;37;;;;
2024/09/16;2100 UTC;0;990,2;990,2;989,6;1191,3;31,3;16,7;33,7;31,3;17,3;16,4;42;37;42;;;;
2024/09/16;2200 UTC;0;991,5;991,5;990,2;250,5;29,4;19,8;31,3;29,4;19,8;16;57;41;57;;;;
2024/09/16;2300 UTC;0;992,8;992,8;991,5;;27,1;21,4;29,4;27,1;21,4;19,9;71;57;71;;;;
2024/09/17;0000 UTC;0;993,4;993,4;992,8;;26,1;23;27,1;25,9;23;21,3;84;71;83;;;;
2024/09/17;0100 UTC;0;993,9;993,9;993,4;;24,9;24,9;26,1;24,9;25,1;23;100;83;100;;;;
2024/09/17;0200 UTC;0;993,9;993,9;993,7;;24,3;;24,9;24,3;24,9;24,5;100;100;;;;;
2024/09/17;0300 UTC;0;993,6;993,9;993,6;;23,9;;24,4;23,8;;;;;;;;;
2024/09/17;0400 UTC;0;993,2;993,6;993,2;;23,4;;23,9;23,4;;;;;;;;;
2024/09/17;0500 UTC;0;993;993,2;993;;23,3;;23,4;23,1;;;;;;;;;
2024/09/17;0600 UTC;0;993,3;993,3;993;;22,7;;23,3;22,4;;;;;;;;;
2024/09/17;0700 UTC;0;993,4;993,4;993,2;;21,1;;22,7;21,1;;;;;;;;;
2024/09/17;0800 UTC;0;993,9;993,9;993,3;13,5;20,4;;21,1;20,4;;;;;;;;;
2024/09/17;0900 UTC;0;994,4;994,4;993,9;288,6;21,5;;21,5;19,9;;;;;;;;;
2024/09/17;1000 UTC;0;995;995;994,4;269,9;24,5;24,5;24,5;21,5;;;;;100;;;;
2024/09/17;1100 UTC;0;995;995,1;994,9;41,7;26,9;22,7;26,9;24,5;25;22,4;100;77;78;;;;
2024/09/17;1200 UTC;0;995;995,3;995;142,3;28,9;20,2;29,1;26,8;22,4;20,2;78;60;60;;;;
2024/09/17;1300 UTC;0;994;995;994;63,8;30,6;20,1;31;28,8;20,6;19,6;61;52;53;;;;
2024/09/17;1400 UTC;0;993,2;994;993,1;334,6;31,7;19,6;32,3;30,2;20,4;19;53;47;49;;;;
2024/09/17;1500 UTC;0;991,6;993,2;991,6;176,2;33;19,4;33,5;31,6;19,9;19;49;44;45;;;;
2024/09/17;1600 UTC;0;990,3;991,6;990,3;33,2;34,2;18,8;34,6;33;19,8;18,6;45;40;40;;;;
2024/09/17;1700 UTC;0;989,5;990,4;989,5;10,3;34,8;18,4;35,4;34,2;19,6;17,4;41;36;38;;;;
2024/09/17;1800 UTC;0;988,6;989,4;988,6;7,6;35,3;17,9;35,8;34,7;18,7;17,5;38;35;36;;;;
2024/09/17;1900 UTC;0;988,4;988,6;988,3;16,2;35,2;17,3;35,8;34,9;18,4;17,1;37;34;35;;;;
2024/09/17;2000 UTC;0;988,7;988,7;988,3;178,5;34;16,6;35,2;34;17,5;16,5;36;34;36;;;;
2024/09/17;2100 UTC;0;989,5;989,5;988,6;65,3;30,7;22,1;34;30,7;22,1;16,3;60;36;60;;;;
2024/09/17;2200 UTC;0;990,8;990,8;989,4;;28,1;24;30,7;28,1;24;22,1;79;60;79;;;;
2024/09/17;2300 UTC;0;991,8;991,8;990,8;;26,4;26,4;28,1;26,4;26,5;24;100;79;100;;;;
2024/09/18;0000 UTC;0;992,3;992,3;991,8;;25,3;25,3;26,4;25,2;26,3;25,3;100;100;100;;;;
2024/09/18;0100 UTC;0;992,9;992,9;992,3;;24,6;24,6;25,3;24,6;25,3;24,6;100;100;100;;;;
2024/09/18;0200 UTC;0;992,6;992,9;992,6;;24,1;;24,6;24;;;;;;;;;
2024/09/18;0300 UTC;0;992,2;992,6;992,2;;23,5;;24,1;23,5;;;;;;;;;
2024/09/18;0400 UTC;0;991,8;992,2;991,8;;23,2;;23,6;23,2;;;;;;;;;
2024/09/18;0500 UTC;0;991,7;991,8;991,6;;23;;23,3;22,9;;;;;;;;;
2024/09/18;0600 UTC;0;991,8;991,8;991,6;4,1;22,1;;23;22;;;;;;;;;
2024/09/18;0700 UTC;0;992;992;991,8;13,2;21,3;;22,1;21,2;;;;;;;;;
2024/09/18;0800 UTC;0;992,4;992,4;992;256,9;21;;21,4;20,8;;;;;;;;;
2024/09/18;0900 UTC;0;993,1;993,1;992,4;302,9;22;;22;20,4;;;;;;;;;
2024/09/18;1000 UTC;0;993,7;993,7;993,1;3,5;24,5;24,5;24,5;22;;;;;100;;;;
2024/09/18;1100 UTC;0;994,2;994,2;993,7;;27,5;23,3;27,5;24,4;25,4;23,1;100;78;78;;;;
2024/09/18;1200 UTC;0;994,4;994,6;994,2;;28,6;21,4;29,2;26,8;23,2;21,3;80;64;65;;;;
2024/09/18;1300 UTC;0;993,9;994,5;993,9;3,4;30,5;20,4;30,9;28,6;21,7;20,4;66;54;55;;;;
2024/09/18;1400 UTC;0;993,1;993,9;993;20,1;31,7;19,9;32,4;30,2;21;19,8;56;49;50;;;;
2024/09/18;1500 UTC;0;991,9;993,1;991,9;118;33,6;19,9;33,8;31,6;21;19,2;51;44;45;;;;
2024/09/18;1600 UTC;0;990,5;991,9;990,5;265,1;34,2;19,1;34,8;32,8;20,2;18,9;45;41;41;;;;
2024/09/18;1700 UTC;0;989,3;990,5;989,3;692,1;34,8;18,7;35,2;33,8;19,7;18,6;42;39;39;;;;
2024/09/18;1800 UTC;0;988,7;989,3;988,6;1416,3;35,3;18,6;35,3;34,1;19,3;18,2;40;37;37;;;;
2024/09/18;1900 UTC;0;988,6;988,7;988,5;82,7;34,8;18,2;35,4;34,1;18,9;17,8;39;37;37;;;;
2024/09/18;2000 UTC;0;988,6;988,6;988,4;20,8;33,7;17,5;34,9;33,7;18,2;17,3;38;37;38;;;;
2024/09/18;2100 UTC;0;989,3;989,3;988,6;196,5;30,7;22,2;33,7;30,7;22,2;17,1;60;38;60;;;;
2024/09/18;2200 UTC;0;990,6;990,6;989,3;154,5;28,2;24,4;30,7;28,2;24,4;22,2;80;60;80;;;;
2024/09/18;2300 UTC;0;991,7;991,7;990,6;;26,9;25,7;28,2;26,9;25,8;24,4;94;80;94;;;;
2024/09/19;0000 UTC;0;992,4;992,4;991,7;;25,8;25,8;26,9;25,8;26,2;25,6;100;94;100;;;;
2024/09/19;0100 UTC;0;992,9;992,9;992,4;;25;;25,8;25;;;;;;;;;
2024/09/19;0200 UTC;0;992,8;993;992,8;;24,8;;25,1;24,7;;;;;;;;;
2024/09/19;0300 UTC;0;992,1;992,8;992,1;;24,4;;24,8;24,4;;;;;;;;;
2024/09/19;0400 UTC;0;991,6;992,1;991,6;;24;;24,4;24;;;;;;;;;
2024/09/19;0500 UTC;0;991,5;991,7;991,5;;24,1;;24,2;23,9;;;;;;;;;
2024/09/19;0600 UTC;0;991,5;991,5;991,4;;23,5;;24,2;23,5;;;;;;;;;
2024/09/19;0700 UTC;0;991,7;991,7;991,5;;23,3;;23,6;23;;;;;;;;;
2024/09/19;0800 UTC;0;992,2;992,2;991,7;47,1;22;;23,3;22;;;;;;;;;
2024/09/19;0900 UTC;0;993;993;992,2;23,5;22,7;;22,7;21,8;;;;;;;;;
2024/09/19;1000 UTC;0;993,7;993,7;993;426,5;24,8;24,8;24,8;22,7;24,8;23,8;100;100;100;;;;
2024/09/19;1100 UTC;0;994,2;994,2;993,7;;26,8;23,3;26,8;24,8;25;23,2;100;81;81;;;;
2024/09/19;1200 UTC;0;994,2;994,4;994,1;;29,1;21,7;29,3;26,8;23,4;21,7;81;64;64;;;;
2024/09/19;1300 UTC;0;994;994,3;994;47,1;29,8;20,8;30,7;29;21,9;20,7;64;57;58;;;;
2024/09/19;1400 UTC;0;993,2;994;993,2;226,7;31,3;20,7;32,3;29,5;21,3;20,1;59;51;54;;;;
2024/09/19;1500 UTC;0;992;993,2;992;546,9;33,3;20,2;33,4;31,2;20,8;19,8;53;46;46;;;;
2024/09/19;1600 UTC;0;990,5;992;990,5;637,1;33,8;19,3;34,3;32,9;20,6;19,1;48;42;43;;;;
2024/09/19;1700 UTC;0;989,4;990,5;989,4;473,7;34,8;18,9;35,3;33,3;19,7;18,3;43;38;39;;;;
2024/09/19;1800 UTC;0;988,6;989,4;988,6;1051,8;34,8;18,1;35,2;34,4;19,2;17,8;40;37;37;;;;
2024/09/19;1900 UTC;0;988,3;988,7;988,3;2858,8;34,4;17,9;34,9;34,3;18,1;17,5;38;36;38;;;;
2024/09/19;2000 UTC;0;988,6;988,6;988,2;420,1;33,2;17,3;34,4;33,2;18;17,1;39;37;39;;;;
2024/09/19;2100 UTC;0;988,9;988,9;988,6;967,2;31,1;17,2;33,2;31,1;17,4;17,1;43;39;43;;;;
2024/09/19;2200 UTC;0;990;990;988,9;3679,1;29,7;18,9;31,1;29,6;19;17;53;43;53;;;;
2024/09/19;2300 UTC;0;990,9;990,9;990;1388;27,9;19;29,7;27,9;19;18,8;59;53;59;;;;
2024/09/20;0000 UTC;0;991,5;991,6;990,9;1597,3;26,5;21,8;27,9;26,5;21,8;19;76;59;76;;;;
2024/09/20;0100 UTC;0;991,9;991,9;991,6;859;25,1;25,1;26,5;25,1;25,4;21,9;100;76;100;;;;
2024/09/20;0200 UTC;0;991,7;992;991,7;29,9;24,2;;25,1;24,2;;;;;;;;;
2024/09/20;0300 UTC;0;991,1;991,7;991,1;15,5;24,1;;24,3;24,1;;;;;;;;;
2024/09/20;0400 UTC;0;990,7;991,1;990,7;18,1;23,4;;24,1;23,4;;;;;;;;;
2024/09/20;0500 UTC;0;990,3;990,7;990,3;;23;;23,5;23;;;;;;;;;
2024/09/20;0600 UTC;0;990,3;990,3;990,1;11,9;22,5;;23;22,5;;;;;;;;;
2024/09/20;0700 UTC;0;990,5;990,5;990,3;38,3;21,9;;22,6;21,9;;;;;;;;;
2024/09/20;0800 UTC;0;990,9;990,9;990,5;29,9;21,6;;21,9;21,6;;;;;;;;;
2024/09/20;0900 UTC;0;991,8;991,8;990,9;98,2;21,8;;21,8;21,3;;;;;;;;;
2024/09/20;1000 UTC;0;992,4;992,4;991,8;8,6;24,4;24,4;24,4;21,8;;;;;100;;;;
2024/09/20;1100 UTC;0;992,7;992,8;992,4;;26,4;23,1;26,8;24,4;25,2;22,8;100;81;82;;;;
2024/09/20;1200 UTC;0;992,8;992,9;992,7;;28,5;21,9;28,7;26,4;22,9;21,7;82;67;68;;;;
2024/09/20;1300 UTC;0;992,4;992,8;992,4;23,7;30,5;21,1;30,9;28,3;22,2;20,8;68;56;57;;;;
2024/09/20;1400 UTC;0;991,4;992,4;991,4;;31,8;20,7;31,9;30,1;21,7;20,3;58;52;52;;;;
2024/09/20;1500 UTC;0;990,2;991,4;990,2;22,7;32,6;20,5;33,3;31,6;21,2;20,1;52;48;49;;;;
2024/09/20;1600 UTC;0;988,7;990,2;988,7;;33,9;20,3;34,5;32,3;21;20;49;44;45;;;;
2024/09/20;1700 UTC;0;987,4;988,7;987,4;7,2;34,6;19;35,2;33,7;20,9;19;45;40;40;;;;
2024/09/20;1800 UTC;0;986,9;987,4;986,9;40,3;34,8;18,7;35,3;33,8;19,6;18,5;41;38;39;;;;
2024/09/20;1900 UTC;0;986,7;986,9;986,7;;34,7;18,3;35,5;34,6;19,3;18;39;36;38;;;;
2024/09/20;2000 UTC;0;987,1;987,1;986,7;11,5;33,7;17,6;34,7;33,7;18,3;17,5;39;36;39;;;;
2024/09/20;2100 UTC;0;987,5;987,5;987,1;;31,7;16,9;33,7;31,7;17,6;16,9;42;38;41;;;;
2024/09/20;2200 UTC;0;989,3;989,3;987,5;;28,1;21,6;31,7;28,1;21,6;16,8;68;41;68;;;;
2024/09/20;2300 UTC;0;990,3;990,3;989,3;;26,7;23,8;28,1;26,7;23,8;21,7;84;68;84;;;;
2024/09/21;0000 UTC;0;990,9;990,9;990,3;;25,4;25,4;26,7;25,4;26,1;23,9;100;84;100;;;;
2024/09/21;0100 UTC;0;991,3;991,3;990,9;;24,9;;25,5;24,9;25,5;20,7;100;76;;;;;
2024/09/21;0200 UTC;0;991,2;991,4;991,2;;24,6;;24,9;24,6;;;;;;;;;
2024/09/21;0300 UTC;0;990,9;991,2;990,9;;24,8;;24,8;24,6;;;;;;;;;
2024/09/21;0400 UTC;0;990,6;990,9;990,6;;24,6;;24,8;24,5;;;;;;;;;
2024/09/21;0500 UTC;0;990,4;990,6;990,4;;24,5;;24,7;24,5;;;;;;;;;
2024/09/21;0600 UTC;0;990,5;990,5;990,3;;24,2;;24,5;24,1;;;;;;;;;
2024/09/21;0700 UTC;0;990,9;990,9;990,5;;23,9;23,9;24,2;23,7;;;;;100;;;;
2024/09/21;0800 UTC;0;991,1;991,1;990,9;;23,1;;23,9;23,1;23,9;23,5;100;100;;;;;
2024/09/21;0900 UTC;0;991,7;991,8;991,1;;23;;23,1;22,6;;;;;;;;;
2024/09/21;1000 UTC;0;992,4;992,4;991,7;121,3;24,5;24,5;24,5;23;24,5;23,3;100;100;100;;;;
2024/09/21;1100 UTC;0;992,5;992,6;992,4;27,7;26,7;19,7;27;24,5;24,9;19,7;100;65;65;;;;
2024/09/21;1200 UTC;0;992,6;992,8;992,5;10,1;29,2;17,7;29,5;26,7;19,8;17,7;66;50;50;;;;
2024/09/21;1300 UTC;0;992,2;992,7;992,2;738,7;30,9;17,5;31,3;29;18,8;17,3;50;44;45;;;;
2024/09/21;1400 UTC;0;991,2;992,2;991,1;270,6;32,8;16,8;33;30,9;18,4;16,3;46;38;38;;;;
2024/09/21;1500 UTC;0;989,8;991,2;989,8;49,1;33,8;16,3;34;32,2;16,9;15,3;40;35;35;;;;
2024/09/21;1600 UTC;0;988,6;989,9;988,6;13,9;34,3;16,2;35;33,5;17,1;15,2;35;33;34;;;;
2024/09/21;1700 UTC;0;987,4;988,6;987,4;69;34,7;15,8;35,4;34;16,9;15,5;35;32;33;;;;
2024/09/21;1800 UTC;0;986,9;987,4;986,9;229,6;35,4;16,1;35,7;34,4;16,6;15,7;34;32;32;;;;
2024/09/21;1900 UTC;0;986,9;987;986,8;280,8;35,1;15,4;35,6;34,9;16,6;15,2;33;30;31;;;;
2024/09/21;2000 UTC;0;987,2;987,2;986,8;29,5;33,9;14,2;35,1;33,9;15,4;14,1;31;30;31;;;;
2024/09/21;2100 UTC;0;987,5;987,5;987,1;763,5;30,4;14,3;33,9;30,4;14,8;13,9;38;30;37;;;;
2024/09/21;2200 UTC;0;988,8;988,8;987,5;1601,6;28,5;22,1;30,4;28,5;22,1;14;69;37;69;;;;
2024/09/21;2300 UTC;0;990;990;988,8;;26,7;23,6;28,5;26,7;23,6;22,1;83;69;83;;;;
2024/09/22;0000 UTC;0;990,9;990,9;990;;25;;26,7;25;25,8;23,6;100;83;;;;;
2024/09/22;0100 UTC;0;991,5;991,5;990,9;;24,9;;25;24,7;;;;;;;;;
2024/09/22;0200 UTC;0;991,5;991,6;991,4;;25,1;;25,2;24,9;;;;;;;;;
2024/09/22;0300 UTC;0;991;991,5;991;;25,1;;25,2;25,1;;;;;;;;;
2024/09/22;0400 UTC;0;990,6;991;990,6;;24,3;;25,1;24,3;;;;;;;;;
2024/09/22;0500 UTC;0;990,6;990,8;990,5;;23,7;;24,3;23,7;;;;;;;;;
2024/09/22;0600 UTC;0;990,5;990,6;990,4;;22,8;;23,7;22,8;;;;;;;;;
2024/09/22;0700 UTC;0;990,9;990,9;990,5;;22,5;;22,8;22,5;;;;;;;;;
2024/09/22;0800 UTC;0;991,3;991,3;990,9;;21,9;;22,5;21,9;;;;;;;;;
2024/09/22;0900 UTC;0;992,1;992,1;991,3;5,8;22,3;;22,3;21,9;;;;;;;;;
2024/09/22;1000 UTC;0;992,3;992,3;992,1;43;24,9;24,9;25;22,3;;;;;100;;;;
2024/09/22;1100 UTC;0;992,6;992,6;992,3;17,5;27;21,8;27,4;24,9;25,2;21,8;100;73;73;;;;
2024/09/22;1200 UTC;0;992,5;992,7;992,4;48,8;29,3;20;29,3;27;22,1;19,6;74;57;57;;;;
2024/09/22;1300 UTC;0;991,9;992,5;991,9;142,7;31,8;19,2;31,9;29,1;20,2;19,1;58;47;47;;;;
2024/09/22;1400 UTC;0;990,8;991,9;990,8;26;32,3;18,3;33,4;31,2;19,3;18,1;48;42;44;;;;
2024/09/22;1500 UTC;0;989,8;990,9;989,8;50;33,7;18,5;34,4;32,3;19,2;18;44;40;41;;;;
2024/09/22;1600 UTC;0;988,4;989,8;988,4;;35,1;18,5;35,2;33,6;18,9;18,1;41;37;38;;;;
2024/09/22;1700 UTC;0;987,6;988,5;987,6;;35,2;17,7;35,8;34,3;18,8;17,7;38;35;36;;;;
2024/09/22;1800 UTC;0;986,9;987,6;986,8;6,8;35,5;17,8;36,1;35;18,1;17,2;36;33;35;;;;
2024/09/22;1900 UTC;0;986,8;987;986,7;,6;35,5;17,3;36;35,1;17,9;16,9;35;33;34;;;;
2024/09/22;2000 UTC;0;987,1;987,1;986,8;6,6;34,3;17,3;35,5;34,3;17,5;17;37;34;37;;;;
2024/09/22;2100 UTC;0;987,9;987,9;987,1;9;30,6;23,7;34,3;30,6;23,7;16,9;67;36;67;;;;
2024/09/22;2200 UTC;0;989,2;989,2;987,9;;28,3;26,1;30,6;28,3;26,1;23,8;88;67;88;;;;
2024/09/22;2300 UTC;0;990,2;990,2;989,2;;27;27;28,3;27;27,5;26,2;100;88;100;;;;
2024/09/23;0000 UTC;0;991,2;991,2;990,2;;25,8;;27;25,8;27;25,9;100;100;;;;;
2024/09/23;0100 UTC;0;991,5;991,6;991,2;;25,2;;25,8;25,1;;;;;;;;;
2024/09/23;0200 UTC;0;991,3;991,5;991,2;;25,1;;25,2;25;;;;;;;;;
2024/09/23;0300 UTC;0;990,8;991,3;990,8;;24,8;;25,1;24,8;;;;;;;;;
2024/09/23;0400 UTC;0;990,2;990,8;990,2;;24,3;;24,8;24,3;;;;;;;;;
2024/09/23;0500 UTC;0;990,2;990,2;990;;23,9;;24,4;23,9;;;;;;;;;
2024/09/23;0600 UTC;0;990,5;990,5;990,2;;23,3;;23,9;23,3;;;;;;;;;
2024/09/23;0700 UTC;0;990,8;990,8;990,5;;22,8;;23,4;22,7;;;;;;;;;
2024/09/23;0800 UTC;0;991,4;991,4;990,8;;22,2;;22,8;22,2;;;;;;;;;
2024/09/23;0900 UTC;0;992,2;992,2;991,4;;22,7;;22,7;22;;;;;;;;;
2024/09/23;1000 UTC;0;992,9;992,9;992,2;142,1;24,7;24,7;25;22,7;;;;;100;;;;
2024/09/23;1100 UTC;0;992,8;992,9;992,7;1002,6;26,9;23,2;27,3;24,7;25,5;23;100;79;80;;;;
2024/09/23;1200 UTC;0;992,9;993;992,8;224,6;28,2;21,7;29,1;26,4;23,6;21,7;81;66;68;;;;
2024/09/23;1300 UTC;0;992,3;993;992,3;39,1;30,5;20,6;30,7;28,1;22,3;20,5;70;55;55;;;;
2024/09/23;1400 UTC;0;991,5;992,4;991,5;82,4;31,7;19,5;32;30,4;20,6;19,4;56;48;48;;;;
2024/09/23;1500 UTC;0;990,5;991,6;990,5;141,6;32,9;18,7;34,2;31,7;20,1;18,7;49;42;43;;;;
2024/09/23;1600 UTC;0;989,1;990,6;989,1;9,9;34,5;19,2;34,9;32,8;19,9;18,4;44;40;41;;;;
2024/09/23;1700 UTC;0;988,2;989,1;988,2;22,8;34;18,6;35,3;34;19,4;18,6;41;39;40;;;;
2024/09/23;1800 UTC;0;987,6;988,2;987,6;116,6;35;17,8;35,9;34;19,2;17,2;41;35;36;;;;
2024/09/23;1900 UTC;0;987,6;987,7;987,5;6,9;35,2;16,1;35,4;34,9;18;15,3;36;31;32;;;;
2024/09/23;2000 UTC;0;987,7;987,7;987,6;;33,9;15,8;35,2;33,9;16,1;15,5;34;32;34;;;;
2024/09/23;2100 UTC;0;988,3;988,3;987,7;520,9;31,5;15,4;33,8;31,4;15,9;15,1;38;34;38;;;;
2024/09/23;2200 UTC;0;989,7;989,7;988,3;45,3;28,6;22,4;31,9;28,6;22,4;15,4;69;38;69;;;;
2024/09/23;2300 UTC;0;990,9;990,9;989,7;;26,8;24,1;28,6;26,8;24,3;22,5;86;69;86;;;;
2024/09/24;0000 UTC;0;991,4;991,4;990,9;;25,6;24,7;26,8;25,6;24,8;24,1;95;86;95;;;;
2024/09/24;0100 UTC;0;991,8;991,9;991,4;;24,6;24,6;25,6;24,6;25,1;24,6;100;95;100;;;;
2024/09/24;0200 UTC;0;991,6;991,9;991,5;;24,1;;24,6;24;;;;;;;;;
2024/09/24;0300 UTC;0;991;991,6;991;;23,8;;24,1;23,8;;;;;;;;;
2024/09/24;0400 UTC;0;990,5;991;990,4;;23,6;;23,8;23,5;;;;;;;;;
2024/09/24;0500 UTC;0;990,3;990,5;990,2;;23,2;;23,7;23,2;;;;;;;;;
2024/09/24;0600 UTC;0;990,5;990,5;990,2;;22,5;;23,2;22,5;;;;;;;;;
2024/09/24;0700 UTC;0;991;991;990,5;4,3;21,6;;22,7;21,6;;;;;;;;;
2024/09/24;0800 UTC;0;991,7;991,7;991;12,5;21,6;;21,9;21,5;;;;;;;;;
2024/09/24;0900 UTC;0;992,4;992,4;991,7;21;21,8;;21,8;21,4;;;;;;;;;
2024/09/24;1000 UTC;0;993;993;992,4;11,9;24,6;;24,6;21,8;;;;;;;;;
2024/09/24;1100 UTC;0;993,4;993,4;992,9;11,3;26,6;24,3;26,7;24,6;26;24,1;100;86;87;;;;
2024/09/24;1200 UTC;0;993,4;993,5;993,3;56,2;28,3;22,4;28,5;26,6;24,5;22,1;88;69;71;;;;
2024/09/24;1300 UTC;0;993,3;993,5;993,3;32,4;30;21,5;30,2;28,1;22,6;21,5;71;60;61;;;;
2024/09/24;1400 UTC;0;992,2;993,3;992,2;248,9;31,4;21,1;32,1;30;22;20,7;61;53;55;;;;
2024/09/24;1500 UTC;0;991;992,2;991;29,5;33;20,4;33,4;31,1;21,1;20,3;54;48;48;;;;
2024/09/24;1600 UTC;0;989,7;991,1;989,7;69;33,9;20,2;34,3;32,3;21;19,9;50;45;45;;;;
2024/09/24;1700 UTC;0;988,5;989,7;988,5;44,7;34,4;20,1;34,9;33;20,6;19,7;46;42;43;;;;
2024/09/24;1800 UTC;0;988;988,6;988;;35,2;19,7;35,3;33,9;20,4;19,6;44;40;41;;;;
2024/09/24;1900 UTC;0;987,8;988;987,8;10,9;34,6;19,7;35,4;34,3;20,2;19,2;42;40;42;;;;
2024/09/24;2000 UTC;0;988;988;987,8;14,4;33,4;19,2;34,6;33,4;19,7;19,2;43;42;43;;;;
2024/09/24;2100 UTC;0;988,7;988,7;988;;31;22,7;33,4;31;22,7;19;62;43;62;;;;
2024/09/24;2200 UTC;0;989,8;989,8;988,7;;28,1;25,8;31;28,1;25,8;22,9;87;62;87;;;;
2024/09/24;2300 UTC;0;990,6;990,6;989,8;;26,2;26,3;28,1;26,2;27;25,8;100;87;100;;;;
2024/09/25;0000 UTC;0;991,3;991,3;990,6;;25;;26,2;25;26,2;25,3;100;100;;;;;
2024/09/25;0100 UTC;0;991,7;991,7;991,3;;24,7;;25;24,5;;;;;;;;;
2024/09/25;0200 UTC;0;991,9;991,9;991,7;;24,6;;24,7;24,6;;;;;;;;;
2024/09/25;0300 UTC;0;991,3;991,9;991,3;;24,1;;24,7;24,1;;;;;;;;;
2024/09/25;0400 UTC;0;991;991,4;991;;23,7;;24,1;23,7;;;;;;;;;
2024/09/25;0500 UTC;0;990,5;991;990,5;;23,2;;23,8;23,1;;;;;;;;;
2024/09/25;0600 UTC;0;990,3;990,5;990,3;;22,6;;23,2;22,6;;;;;;;;;
2024/09/25;0700 UTC;0;991;991,1;990,3;11,1;22,2;;22,6;22,2;;;;;;;;;
2024/09/25;0800 UTC;0;991,6;991,6;991;114,8;21,2;;22,2;21,1;;;;;;;;;
2024/09/25;0900 UTC;0;992,3;992,3;991,6;321,6;22,1;;22,1;21,2;;;;;;;;;
2024/09/25;1000 UTC;0;992,7;992,7;992,3;8,3;24,8;;24,8;22,1;;;;;;;;;
2024/09/25;1100 UTC;0;993,1;993,2;992,7;11,7;26,5;24,6;27,4;24,7;26,6;24,2;100;85;89;;;;
2024/09/25;1200 UTC;0;992,9;993,2;992,9;;28,9;21,8;29,4;26,6;24,6;21,8;89;65;65;;;;
2024/09/25;1300 UTC;0;992,5;993;992,5;18,6;30,6;22;31,1;28,8;22,5;21,4;67;58;60;;;;
2024/09/25;1400 UTC;0;991,6;992,5;991,6;20,4;33,1;21,5;33,2;30,6;22,4;21,1;60;50;50;;;;
2024/09/25;1500 UTC;0;990,5;991,6;990,5;81,7;33,6;20,8;33,7;31,9;21,4;20,5;52;47;47;;;;
2024/09/25;1600 UTC;0;989;990,5;989;50,9;35,5;21,1;35,5;33;21,3;20,3;49;43;43;;;;
2024/09/25;1700 UTC;0;988,1;989;988,1;198,7;35,1;20,5;35,5;33,9;21;20,1;45;42;43;;;;
2024/09/25;1800 UTC;0;987,4;988,1;987,4;;35,3;20,2;35,5;34,6;20,5;19,7;43;41;41;;;;
2024/09/25;1900 UTC;0;987,2;987,5;987,2;75,5;34,9;19,6;35,4;34,7;20,3;19,4;42;40;41;;;;
2024/09/25;2000 UTC;0;987,4;987,4;987,1;;33,7;19,1;35;33,7;19,7;19,1;42;40;42;;;;
2024/09/25;2100 UTC;0;988,3;988,3;987,4;;30,2;24;33,7;30,2;24;18,9;70;42;70;;;;
2024/09/25;2200 UTC;0;989,5;989,5;988,3;;27,7;24,9;30,1;27,7;24,9;24;85;70;85;;;;
2024/09/25;2300 UTC;0;990,5;990,5;989,4;;25,9;25,9;27,7;25,9;26,8;24,9;100;85;100;;;;
2024/09/26;0000 UTC;0;991,2;991,2;990,5;;25;;25,9;25;;;;;;;;;
2024/09/26;0100 UTC;0;991,7;991,7;991,2;;24,8;;25;24,7;;;;;;;;;
2024/09/26;0200 UTC;0;991,7;991,8;991,6;;25;;25;24,8;;;;;;;;;
2024/09/26;0300 UTC;0;991,4;991,7;991,4;;25,2;;25,2;24,9;;;;;;;;;
2024/09/26;0400 UTC;0;990,9;991,4;990,8;;25,1;;25,3;25,1;;;;;;;;;
2024/09/26;0500 UTC;0;990,5;990,9;990,5;;24,8;;25,1;24,8;;;;;;;;;
2024/09/26;0600 UTC;0;990,6;990,7;990,4;;24,8;24,8;25;24,8;;;;;100;;;;
2024/09/26;0700 UTC;0;990,8;990,8;990,6;;24,3;24,3;24,8;24,3;24,8;24,3;100;100;100;;;;
2024/09/26;0800 UTC;0;991,3;991,3;990,8;;23,4;;24,3;23,4;;;;;;;;;
2024/09/26;0900 UTC;0;992,2;992,2;991,3;;23,1;;23,4;22,5;;;;;;;;;
2024/09/26;1000 UTC;0;992,6;992,6;992,2;7,8;25,2;25,1;25,2;23,1;;;;;99;;;;
2024/09/26;1100 UTC;0;992,8;992,9;992,6;;27,1;23,6;27,3;25;25,1;23,3;99;81;81;;;;
2024/09/26;1200 UTC;0;992,8;993;992,7;;29,4;22,3;29,6;27,1;23,8;22,3;81;66;66;;;;
2024/09/26;1300 UTC;0;992,3;992,9;992,3;7,6;31;21,9;31,3;29;22,8;21,2;67;57;59;;;;
2024/09/26;1400 UTC;0;991,4;992,4;991,4;33,5;32,7;21,3;32,9;30,6;22,3;21;59;51;51;;;;
2024/09/26;1500 UTC;0;990,1;991,4;990,1;34,3;33,1;20,4;33,9;31,8;21,3;20,4;52;47;47;;;;
2024/09/26;1600 UTC;0;988,9;990,2;988,9;;34,2;20,1;35;32,9;21,1;19,7;49;43;44;;;;
2024/09/26;1700 UTC;0;987,9;988,9;987,9;125,3;35;19,8;35,4;34;20,6;19,7;44;41;41;;;;
2024/09/26;1800 UTC;0;987,2;987,9;987,2;27,4;34,8;19,3;35,7;34,7;20;19,2;41;39;40;;;;
2024/09/26;1900 UTC;0;987,2;987,2;987,1;23,9;34,9;19;35,7;34,6;19,7;18,6;41;39;39;;;;
2024/09/26;2000 UTC;0;987,6;987,6;987,2;;33,9;18,2;34,9;33,9;19;18,2;40;39;39;;;;
2024/09/26;2100 UTC;0;988,2;988,2;987,6;;32,3;20,6;33,9;32,2;20,6;18;50;39;50;;;;
2024/09/26;2200 UTC;0;989,6;989,6;988,2;;27,7;24,8;32,2;27,7;24,8;21,6;84;51;84;;;;
2024/09/26;2300 UTC;0;990,8;990,8;989,6;;26,1;26,1;27,7;26,1;26,8;24,8;100;84;100;;;;
2024/09/27;0000 UTC;0;991,8;991,8;990,8;;25,2;;26,1;25,2;;;;;;;;;
2024/09/27;0100 UTC;0;992,1;992,1;991,8;;25,4;;25,4;25;;;;;;;;;
2024/09/27;0200 UTC;0;992;992,2;991,9;;25,4;;25,6;25,4;;;;;;;;;
2024/09/27;0300 UTC;0;991,8;992;991,7;;24,8;;25,4;24,8;;;;;;;;;
2024/09/27;0400 UTC;0;991,6;991,8;991,6;;24,4;;24,8;24,3;;;;;;;;;
2024/09/27;0500 UTC;0;991,5;991,8;991,4;;23,7;;24,4;23,7;;;;;;;;;
2024/09/27;0600 UTC;0;991,3;991,5;991,3;;23,1;;23,7;23,1;;;;;;;;;
2024/09/27;0700 UTC;0;991,3;991,3;991,1;;22,8;;23,1;22,6;;;;;;;;;
2024/09/27;0800 UTC;0;991,7;991,8;991,3;;22,2;;22,9;22,2;;;;;;;;;
2024/09/27;0900 UTC;0;992,4;992,4;991,7;;22,3;;22,3;21,6;;;;;;;;;
2024/09/27;1000 UTC;0;993,2;993,2;992,4;;24,5;24,5;24,5;22,3;;;;;100;;;;
2024/09/27;1100 UTC;0;993,3;993,4;993,2;;28,1;22,1;28,1;24,5;24,9;21,7;100;70;70;;;;
2024/09/27;1200 UTC;0;993,4;993,5;993,2;;29,3;20,4;29,7;27,7;21,8;20;70;58;59;;;;
2024/09/27;1300 UTC;0;992,9;993,4;992,9;;31,6;19,8;32;29,3;20,7;19,6;59;49;50;;;;
2024/09/27;1400 UTC;0;991,7;992,9;991,6;27,4;32,9;20,3;33,3;31,4;20,3;19,4;50;46;47;;;;
2024/09/27;1500 UTC;0;990,2;991,7;990,2;9,8;34,4;20,3;34,8;31,8;20,7;19,4;48;43;44;;;;
2024/09/27;1600 UTC;0;988,8;990,4;988,8;6,7;35,1;20,1;35,8;34,2;20,6;19,6;44;40;42;;;;
2024/09/27;1700 UTC;0;987,9;988,8;987,9;153,6;36;19,2;36,3;34,3;20,3;19,1;42;37;37;;;;
2024/09/27;1800 UTC;0;987,4;987,9;987,3;;35,8;19,1;36,7;35,5;19,8;18,8;39;36;38;;;;
2024/09/27;1900 UTC;0;987,1;987,3;986,9;;35,6;18,8;36,4;35,4;19,4;18,6;38;36;37;;;;
2024/09/27;2000 UTC;0;987,5;987,5;987,1;35,3;34,6;18,5;35,6;34,6;19;18,5;39;37;39;;;;
2024/09/27;2100 UTC;0;988,6;988,6;987,4;;30;24,1;34,6;30;24,1;18,2;71;38;71;;;;
2024/09/27;2200 UTC;0;989,7;989,7;988,6;;27,6;26,6;30;27,6;26,6;24,2;94;71;94;;;;
2024/09/27;2300 UTC;0;990,8;990,8;989,7;;25,8;25,8;27,6;25,8;27,3;25,8;100;94;100;;;;
2024/09/28;0000 UTC;0;991,7;991,7;990,8;;24,9;;25,8;24,8;;;;;;;;;
2024/09/28;0100 UTC;0;992,2;992,2;991,7;;24,6;;24,9;24,6;;;;;;;;;
2024/09/28;0200 UTC;0;992,2;992,3;992,2;;24,7;;24,7;24,5;;;;;;;;;
2024/09/28;0300 UTC;0;991,7;992,2;991,7;;24,4;;24,7;24,4;;;;;;;;;
2024/09/28;0400 UTC;0;991,2;991,7;991,2;;24,3;;24,5;24,2;;;;;;;;;
2024/09/28;0500 UTC;0;990,6;991,3;990,6;;24,1;;24,3;24;;;;;;;;;
2024/09/28;0600 UTC;0;990,6;990,6;990,5;;23,8;;24,1;23,6;;;;;;;;;
2024/09/28;0700 UTC;0;991;991;990,5;;23,4;;23,8;23,4;;;;;;;;;
2024/09/28;0800 UTC;0;991,2;991,2;990,9;;23,9;;23,9;23,4;;;;;;;;;
2024/09/28;0900 UTC;0;991,9;991,9;991,2;;24;;24;23,7;;;;;;;;;
2024/09/28;1000 UTC;0;992,8;992,8;991,9;;24,3;;24,3;24;;;;;;;;;
2024/09/28;1100 UTC;0;993,8;993,8;992,8;;24,9;;24,9;24,3;;;;;;;;;
2024/09/28;1200 UTC;0;994,2;994,2;993,8;;26,3;26,3;26,4;24,9;26,4;25,7;100;100;100;;;;
2024/09/28;1300 UTC;0;993,7;994,2;993,7;;27,3;26,1;27,3;26,1;26,9;25,7;100;92;93;;;;
2024/09/28;1400 UTC;0;992,8;993,7;992,8;;28,3;24,7;28,3;27,3;26,1;24,6;93;81;81;;;;
2024/09/28;1500 UTC;0;991,8;992,8;991,8;;29,4;24,1;29,4;28,1;24,9;23,8;82;73;73;;;;
2024/09/28;1600 UTC;0;990,5;991,8;990,5;;30,7;23,7;31,1;29,3;24,2;23,1;73;65;66;;;;
2024/09/28;1700 UTC;0;989,3;990,5;989,3;604,3;32,2;22,7;32,5;30,7;23,8;22,4;66;57;57;;;;
2024/09/28;1800 UTC;0;988,6;989,3;988,6;427,3;33,2;22,1;33,7;32,1;23;21,9;57;52;52;;;;
2024/09/28;1900 UTC;0;988,2;988,6;988,2;35,4;33,4;21,7;33,8;32,6;22,3;21,5;53;50;50;;;;
2024/09/28;2000 UTC;0;988,4;988,4;988,2;125,6;32,4;21,3;33,4;32,4;21,7;21,3;52;50;52;;;;
2024/09/28;2100 UTC;0;988,8;988,8;988,4;;30,2;21,2;32,4;30,2;21,4;21,2;59;52;58;;;;
2024/09/28;2200 UTC;0;989,6;989,6;988,8;;29,2;25,5;30,3;29,2;25,5;21;81;58;81;;;;
2024/09/28;2300 UTC;0;990,7;990,7;989,6;;26,5;26,5;29,2;26,5;27,9;25,6;100;81;100;;;;
2024/09/29;0000 UTC;0;991,8;991,8;990,7;;25,1;;26,5;25,1;;;;;;;;;
2024/09/29;0100 UTC;0;992,2;992,2;991,8;;25,1;;25,1;25;;;;;;;;;
2024/09/29;0200 UTC;0;991,7;992,2;991,7;;25,2;;25,2;25,1;;;;;;;;;
2024/09/29;0300 UTC;0;991;991,7;991;;25,2;;25,3;25,2;;;;;;;;;
2024/09/29;0400 UTC;0;990,3;991;990,3;;25,1;;25,3;25,1;;;;;;;;;
2024/09/29;0500 UTC;0;989,9;990,3;989,9;;25,1;;25,2;24,9;;;;;;;;;
2024/09/29;0600 UTC;0;990,2;990,2;989,9;;25,2;;25,2;24,9;;;;;;;;;
2024/09/29;0700 UTC;0;990,7;990,7;990,2;;25;;25,2;25;;;;;;;;;
2024/09/29;0800 UTC;0;991;991;990,6;;24,7;;25;24,6;;;;;;;;;
2024/09/29;0900 UTC;0;991,5;991,5;991;;24,7;;24,8;24,7;;;;;;;;;
2024/09/29;1000 UTC;0;992,3;992,3;991,5;;24,9;;25;24,7;;;;;;;;;
2024/09/29;1100 UTC;0;992,8;992,8;992,3;;25,7;25,8;25,8;24,9;;;;;100;;;;
2024/09/29;1200 UTC;0;992,8;993;992,7;19,7;27,3;25,1;28,3;25,7;27,2;25,1;100;88;88;;;;
2024/09/29;1300 UTC;0;992,5;992,8;992,5;;27,9;25,5;28,4;27,2;26;25,2;91;85;87;;;;
2024/09/29;1400 UTC;0;991,4;992,5;991,4;44,9;31,1;24,8;31,1;27,9;25,8;24,6;88;69;69;;;;
2024/09/29;1500 UTC;0;989,6;991,4;989,6;122,2;32,7;23,8;33,2;30;24,9;23,2;69;59;60;;;;
2024/09/29;1600 UTC;0;987,9;989,6;987,9;540;34;23;34,8;31,6;23,9;23;63;52;53;;;;
2024/09/29;1700 UTC;0;986,7;987,9;986,7;225,9;35,7;22,2;35,7;33,4;23,5;22;54;46;46;;;;
2024/09/29;1800 UTC;0;986,1;986,7;986;136,7;35,9;21,1;36,5;35,3;22,4;21,1;46;42;42;;;;
2024/09/29;1900 UTC;0;986;986,1;985,8;25,3;35,9;20,1;36,7;35,4;21,5;20,1;43;39;40;;;;
2024/09/29;2000 UTC;0;986,5;986,5;985,9;21,4;34,9;19,7;36;34,9;20,5;19,7;42;40;41;;;;
2024/09/29;2100 UTC;0;987,5;987,5;986,5;52;32,8;22,4;34,9;32,8;22,4;19,3;54;40;54;;;;
2024/09/29;2200 UTC;0;988,7;988,8;987,5;;28,2;27,5;32,7;28,2;27,5;22,8;96;55;96;;;;
2024/09/29;2300 UTC;0;989,9;989,9;988,7;;26,5;26,5;28,2;26,5;28;26,5;100;96;100;;;;
2024/09/30;0000 UTC;0;990,9;990,9;989,9;;25,5;;26,5;25,5;;;;;;;;;
2024/09/30;0100 UTC;0;991,7;991,7;990,9;;25,2;;25,5;25,2;;;;;;;;;
2024/09/30;0200 UTC;0;991,6;991,8;991,6;;25,4;;25,4;25,2;;;;;;;;;
2024/09/30;0300 UTC;0;990,9;991,6;990,9;;25,2;;25,4;25,2;;;;;;;;;
2024/09/30;0400 UTC;0;990,2;990,9;990,2;;24,9;;25,2;24,8;;;;;;;;;
2024/09/30;0500 UTC;0;990;990,3;990;;24,6;;24,9;24,6;;;;;;;;;
2024/09/30;0600 UTC;0;990,2;990,2;989,9;;23,9;;24,6;23,9;;;;;;;;;
2024/09/30;0700 UTC;0;990,3;990,3;990,1;;23,4;;23,9;23,3;;;;;;;;;
2024/09/30;0800 UTC;0;991,1;991,1;990,3;;22,6;;23,4;22,6;;;;;;;;;
2024/09/30;0900 UTC;0;991,8;991,8;991,1;;23,8;;23,8;22,5;;;;;;;;;
2024/09/30;1000 UTC;0;992,4;992,4;991,8;;25,4;25,4;25,6;23,8;25,6;24,2;100;100;100;;;;
2024/09/30;1100 UTC;0;992,6;992,7;992,4;31,2;27,4;23,9;27,6;25,4;26;23,9;100;81;81;;;;
2024/09/30;1200 UTC;0;992,6;992,7;992,5;156,1;28,3;22,6;29,5;27,4;23,9;22,3;82;67;71;;;;
2024/09/30;1300 UTC;0;991,8;992,6;991,8;260,8;30,6;22,1;31;28,2;22,9;21,7;72;60;61;;;;
2024/09/30;1400 UTC;0;990,7;991,7;990,7;465,3;32,3;21,6;32,8;30,2;22,5;21,3;61;53;53;;;;
2024/09/30;1500 UTC;0;989,2;990,6;989,2;473,8;33,8;20,9;34,8;32,3;22;20,9;54;46;47;;;;
2024/09/30;1600 UTC;0;987,8;989,2;987,8;62,2;34,6;20,6;35,4;33,6;21,6;20,5;48;43;44;;;;
2024/09/30;1700 UTC;0;986,7;987,8;986,6;42,3;36,3;20,9;36,3;34,6;21,1;19,8;44;41;41;;;;
2024/09/30;1800 UTC;0;986,2;986,8;986,2;68,1;35,8;19,8;36,3;35,2;20,6;19,4;41;39;39;;;;
2024/09/30;1900 UTC;0;986,4;986,4;986,2;106,1;35,5;19,6;36,1;34,6;20,1;19;41;38;40;;;;
2024/09/30;2000 UTC;0;986,9;986,9;986,4;5,1;34,3;18,9;35,6;34,3;19,7;18,9;41;39;40;;;;
2024/09/30;2100 UTC;0;987,8;987,8;986,9;;32,9;19,8;34,3;32,6;19,8;18,8;46;40;46;;;;
2024/09/30;2200 UTC;0;989,1;989,1;987,8;;28,5;23,4;32,9;28,5;23,4;20,8;74;47;74;;;;
2024/09/30;2300 UTC;0;990,2;990,2;989,1;;26,7;26,5;28,5;26,6;26,5;23,4;99;74;99;;;;
2024/10/01;0000 UTC;0;991,1;991,1;990,1;;25,7;25,7;26,7;25,7;26,5;25,7;100;99;100;;;;
2024/10/01;0100 UTC;0;991,3;991,5;991,1;;25,2;;25,7;25,2;25,8;25,3;100;100;;;;;
2024/10/01;0200 UTC;0;991;991,3;991;;24,7;;25,3;24,7;;;;;;;;;
2024/10/01;0300 UTC;0;990,4;991;990,4;;24,4;;24,7;24,3;;;;;;;;;
2024/10/01;0400 UTC;0;989,8;990,4;989,8;;23,9;;24,4;23,9;;;;;;;;;
2024/10/01;0500 UTC;0;989,6;990;989,6;;23,3;;23,9;23,3;;;;;;;;;
2024/10/01;0600 UTC;0;989,5;989,6;989,4;;23,4;;23,4;23,2;;;;;;;;;
2024/10/01;0700 UTC;0;989,7;989,7;989,4;;22,9;;23,5;22,6;;;;;;;;;
2024/10/01;0800 UTC;0;990,1;990,1;989,7;;21,9;;22,9;21,9;;;;;;;;;
2024/10/01;0900 UTC;0;990,6;990,6;990,1;;22,6;;22,6;21,7;;;;;;;;;
2024/10/01;1000 UTC;0;991,3;991,3;990,6;;25,7;25,7;25,7;22,6;;;;;100;;;;
2024/10/01;1100 UTC;0;991,5;991,5;991,2;;27,5;23,3;27,6;25,2;25,7;23,1;100;78;78;;;;
2024/10/01;1200 UTC;0;991,3;991,5;991,3;53,4;29;22,3;29,8;27,5;23,4;21,8;78;65;67;;;;
2024/10/01;1300 UTC;0;990,5;991,3;990,5;536,2;30,5;21,8;31;29;22,4;21,4;67;59;60;;;;
2024/10/01;1400 UTC;0;989,4;990,5;989,4;322,7;32,2;21,6;32,9;30,5;22,2;20,9;60;52;54;;;;
2024/10/01;1500 UTC;0;988,2;989,4;988,2;253,8;33,3;21;33,8;32,1;21,7;20,7;54;48;48;;;;
2024/10/01;1600 UTC;0;986,9;988,2;986,9;137,9;34,8;20,7;35,2;33,4;21,5;20,3;49;43;44;;;;
2024/10/01;1700 UTC;0;985,9;986,9;985,8;52,7;35,6;20,3;35,6;33,6;20,8;19,7;46;41;41;;;;
2024/10/01;1800 UTC;0;985,5;985,9;985,4;;35,4;19,4;35,8;34,6;20,4;19;42;38;39;;;;
2024/10/01;1900 UTC;0;985,5;985,6;985,3;1,1;35,1;19,2;35,8;34,6;19,9;19;40;39;39;;;;
2024/10/01;2000 UTC;0;985,7;985,7;985,5;82,4;34;18,5;35,2;34;19,4;18,5;40;39;40;;;;
2024/10/01;2100 UTC;0;986,5;986,5;985,8;;32,1;18,1;34;32,1;18,6;18,1;43;40;43;;;;
2024/10/01;2200 UTC;0;987,9;987,9;986,5;;28,9;21,9;32,2;28,9;21,9;18,1;66;43;66;;;;
2024/10/01;2300 UTC;0;989;989,1;987,9;;27;23,7;28,9;27;23,7;21,9;82;66;82;;;;
2024/10/02;0000 UTC;0;990,1;990,1;989;;25,8;25,8;27;25,8;26,1;23,7;100;82;100;;;;
2024/10/02;0100 UTC;0;990,7;990,7;990,1;;25,1;;25,8;25,1;;;;;;;;;
2024/10/02;0200 UTC;0;990,5;990,8;990,5;;24,8;;25,1;24,8;;;;;;;;;
2024/10/02;0300 UTC;0;990,2;990,5;990,1;;24,3;;24,8;24,3;;;;;;;;;
2024/10/02;0400 UTC;0;989,9;990,1;989,8;;23,9;;24,3;23,9;;;;;;;;;
2024/10/02;0500 UTC;0;989,7;989,9;989,7;;23,3;;23,9;23,2;;;;;;;;;
2024/10/02;0600 UTC;0;989,8;989,9;989,7;;23,2;;23,4;23;;;;;;;;;
2024/10/02;0700 UTC;0;990,2;990,2;989,7;;22,5;;23,2;22,3;;;;;;;;;
2024/10/02;0800 UTC;0;990,7;990,7;990,2;15,5;21,1;;22,5;21,1;;;;;;;;;
2024/10/02;0900 UTC;0;991,5;991,5;990,7;352,2;21,9;;21,9;20,7;;;;;;;;;
2024/10/02;1000 UTC;0;992,1;992,1;991,5;1,7;25,6;25,1;25,7;21,9;;;;;97;;;;
2024/10/02;1100 UTC;0;992,3;992,3;992,1;;28;21,6;28;25,4;25;21,3;98;68;68;;;;
2024/10/02;1200 UTC;0;992,1;992,4;992,1;;29,8;20,4;30;27,7;21,4;20,2;68;57;57;;;;
2024/10/02;1300 UTC;0;991,4;992,2;991,4;,4;31,3;20;31,5;29,8;20,5;19,7;57;50;51;;;;
2024/10/02;1400 UTC;0;990,2;991,4;990,2;46,8;32,4;19;33,4;31,1;20,3;19;51;45;45;;;;
2024/10/02;1500 UTC;0;989;990,2;989;40,6;34,3;19,7;34,6;32,3;20,2;19,2;46;42;42;;;;
2024/10/02;1600 UTC;0;987,6;989;987,5;;35,1;19,2;35,9;33,9;19,9;19;43;39;39;;;;
2024/10/02;1700 UTC;0;986,3;987,6;986,3;184,1;35,9;19;36,2;33,9;19,5;18,1;40;36;37;;;;
2024/10/02;1800 UTC;0;985,7;986,3;985,6;167,1;35,7;18,5;36,7;35,5;19,3;18,3;38;35;37;;;;
2024/10/02;1900 UTC;0;985,6;985,7;985,5;;35,7;18,4;36,3;35,3;18,9;17,8;37;34;36;;;;
2024/10/02;2000 UTC;0;986,1;986,1;985,6;16,2;34,3;18;35,8;34,3;18,6;17,8;38;36;38;;;;
2024/10/02;2100 UTC;0;987,3;987,3;986,1;15,2;30,9;23,2;34,3;30,9;23,2;17,5;64;38;64;;;;
2024/10/02;2200 UTC;0;988,8;988,8;987,3;;28,3;25,3;30,9;28,3;25,3;23,3;84;64;84;;;;
2024/10/02;2300 UTC;0;989,9;989,9;988,8;;26,3;26,4;28,2;26,3;27;25,5;100;84;100;;;;
2024/10/03;0000 UTC;0;990,7;990,7;989,9;;25,3;;26,3;25,3;;;;;;;;;
2024/10/03;0100 UTC;0;991,2;991,2;990,7;;24,8;;25,3;24,7;;;;;;;;;
2024/10/03;0200 UTC;0;991,1;991,3;991,1;;24,6;;24,8;24,6;;;;;;;;;
2024/10/03;0300 UTC;0;991;991,2;991;;24,1;;24,6;24,1;;;;;;;;;
2024/10/03;0400 UTC;0;990,6;991;990,5;;23,7;;24,1;23,7;;;;;;;;;
2024/10/03;0500 UTC;0;990,5;990,6;990,4;;23,4;;23,7;23,3;;;;;;;;;
2024/10/03;0600 UTC;0;990,3;990,5;990,2;;23,8;;23,8;23,3;;;;;;;;;
2024/10/03;0700 UTC;0;990,8;990,8;990,3;;23,5;;23,8;23,4;;;;;;;;;
2024/10/03;0800 UTC;0;991,4;991,4;990,7;;23,1;;23,6;23,1;;;;;;;;;
2024/10/03;0900 UTC;0;992,2;992,2;991,4;;23,7;;23,7;23;;;;;;;;;
2024/10/03;1000 UTC;0;992,8;992,8;992,2;;25,2;25,2;25,3;23,7;;;;;100;;;;
2024/10/03;1100 UTC;0;993,1;993,1;992,7;;26,6;25,9;26,6;25,1;26,4;25,2;100;95;96;;;;
2024/10/03;1200 UTC;0;993,4;993,5;993,1;0;28,6;24,4;28,6;26,4;26;24,2;97;78;78;;;;
2024/10/03;1300 UTC;0;993;993,5;992,9;46;31;22,7;31,1;27,7;24,6;22,7;81;62;62;;;;
2024/10/03;1400 UTC;0;991,8;993;991,8;211,8;31,9;22,1;32,1;29,9;23,1;21,8;64;56;56;;;;
2024/10/03;1500 UTC;0;990,5;991,8;990,5;171,9;33,5;22,1;33,9;31,4;22,3;21,6;57;50;51;;;;
2024/10/03;1600 UTC;0;989;990,5;989;5;34;21,6;34,2;33;22,1;21;51;47;48;;;;
2024/10/03;1700 UTC;0;988,1;989;988,1;69,7;35;20,9;35,5;33,5;21,8;20,3;48;44;44;;;;
2024/10/03;1800 UTC;0;987,5;988,1;987,5;102,6;35,1;20,4;36;34;21,3;20;45;42;42;;;;
2024/10/03;1900 UTC;0;987,6;987,6;987,4;,2;34,9;20,3;35,7;34,1;20,7;20;44;42;43;;;;
2024/10/03;2000 UTC;0;988;988;987,6;3,9;33,5;19,8;34,9;33,5;20,1;19,7;45;42;45;;;;
2024/10/03;2100 UTC;0;989;989;988;;31,6;22,2;33,5;31,6;22,2;19,5;57;44;57;;;;
2024/10/03;2200 UTC;0;990,1;990,1;989;;28,5;24,6;31,6;28,5;24,6;22,3;79;57;79;;;;
2024/10/03;2300 UTC;0;991,4;991,4;990,1;;26,5;26,5;28,5;26,5;26,7;24,6;100;80;100;;;;
2024/10/04;0000 UTC;0;991,8;991,8;991,4;;25,4;25,4;26,5;25,4;26,5;25,4;100;100;100;;;;
2024/10/04;0100 UTC;0;991,9;992;991,8;;24,9;;25,4;24,9;;;;;;;;;
2024/10/04;0200 UTC;0;991,6;992;991,6;;25;;25;24,8;;;;;;;;;
2024/10/04;0300 UTC;0;991,3;991,6;991,3;;24,9;;25,2;24,9;;;;;;;;;
2024/10/04;0400 UTC;0;991,1;991,4;991;;24,4;;24,9;24,4;;;;;;;;;
2024/10/04;0500 UTC;0;990,9;991,2;990,8;;24,1;;24,5;24,1;;;;;;;;;
2024/10/04;0600 UTC;0;990,8;990,9;990,8;;24,3;;24,4;24;;;;;;;;;
2024/10/04;0700 UTC;0;991,6;991,6;990,8;;24,3;;24,4;24,1;;;;;;;;;
2024/10/04;0800 UTC;0;991,7;991,7;991,3;;23,9;;24,3;23,9;;;;;;;;;
2024/10/04;0900 UTC;0;992,4;992,4;991,7;;24,1;;24,1;23,7;;;;;;;;;
2024/10/04;1000 UTC;0;993;993;992,4;;25;25,1;25,1;24,1;;;;;100;;;;
2024/10/04;1100 UTC;0;993,3;993,4;993;3,5;27,1;25,6;27,1;25;26,4;25;100;91;91;;;;
2024/10/04;1200 UTC;0;993,4;993,5;993,3;;27,9;24,2;28,3;26,9;25,6;24,1;91;80;81;;;;
2024/10/04;1300 UTC;0;993,2;993,6;993,2;114,7;29,9;23,6;29,9;27,8;24,7;23,6;81;69;69;;;;
2024/10/04;1400 UTC;0;992,5;993,2;992,5;126,5;32,1;22,7;32,1;29,9;24;22,3;69;58;58;;;;
2024/10/04;1500 UTC;0;991,2;992,5;991,2;117,2;33,1;22;33,6;31,1;22,9;21,7;60;52;52;;;;
2024/10/04;1600 UTC;0;989,7;991,2;989,7;17,1;33,8;21,8;34,9;32,7;22,5;21,5;54;47;50;;;;
2024/10/04;1700 UTC;0;988,6;989,7;988,6;108,6;35,4;21,5;35,9;32,9;22,2;21,2;51;44;45;;;;
2024/10/04;1800 UTC;0;988;988,6;988;17,1;34,9;21,3;35,6;34,3;21,7;21;46;44;45;;;;
2024/10/04;1900 UTC;0;987,8;988;987,7;8,4;34,7;21;35,6;34,1;21,5;20,6;46;44;45;;;;
2024/10/04;2000 UTC;0;988,1;988,1;987,8;;33,5;20,4;35;33,5;21,3;20,4;47;45;46;;;;
2024/10/04;2100 UTC;0;989,2;989,2;988,1;;29,7;21,9;33,6;29,7;21,9;20,4;63;46;63;;;;
2024/10/04;2200 UTC;0;990,2;990,2;989,2;;27,9;23;29,7;27,9;23;21,9;75;63;75;;;;
2024/10/04;2300 UTC;0;991,2;991,2;990,2;;26,3;26,3;27,9;26,3;26,4;23;100;75;100;;;;
2024/10/05;0000 UTC;0;992,2;992,2;991,2;;25,3;25,3;26,3;25,2;26,3;25,2;100;100;100;;;;
2024/10/05;0100 UTC;0;992,9;993;992,2;;24,5;;25,3;24,5;;;;;;;;;
2024/10/05;0200 UTC;0;992,7;993;992,7;;24,4;;24,6;24,4;;;;;;;;;
2024/10/05;0300 UTC;0;992;992,7;992;;24,3;;24,4;24,2;;;;;;;;;
2024/10/05;0400 UTC;0;991,4;992,1;991,4;;23,9;;24,4;23,9;;;;;;;;;
2024/10/05;0500 UTC;0;991,2;991,5;991,2;;23,5;;23,9;23,5;;;;;;;;;
2024/10/05;0600 UTC;0;991,2;991,3;991;;23,4;;23,7;23,2;;;;;;;;;
2024/10/05;0700 UTC;0;991,2;991,3;991,1;;23,5;23,5;23,6;23,3;;;;;100;;;;
2024/10/05;0800 UTC;0;991,6;991,6;991,2;;22,6;;23,5;22,6;;;;;;;;;
2024/10/05;0900 UTC;0;992;992;991,5;;22,9;;22,9;22,3;;;;;;;;;
2024/10/05;1000 UTC;0;992,7;992,8;992;19,5;25,1;25,2;25,2;22,9;;;;;100;;;;
2024/10/05;1100 UTC;0;993,3;993,3;992,7;;26,7;25,2;26,7;25;25,8;24,9;100;91;91;;;;
2024/10/05;1200 UTC;0;993,2;993,4;993,2;32,4;28,2;24;28,9;26,3;25,3;23,3;92;74;78;;;;
2024/10/05;1300 UTC;0;992,8;993,2;992,7;217;30,6;23;30,6;28;23,8;22,5;78;64;64;;;;
2024/10/05;1400 UTC;0;991,9;992,8;991,9;346,2;30,7;22,4;31;29,2;23,1;22;68;61;61;;;;
2024/10/05;1500 UTC;0;990,4;991,9;990,4;79,1;32,4;22,2;33,4;30,3;23,2;21,9;63;53;55;;;;
2024/10/05;1600 UTC;0;988,9;990,4;988,9;240,4;33,1;22;34,1;31,7;23;21,7;57;52;52;;;;
2024/10/05;1700 UTC;0;988,1;989;988,1;222,5;33,4;21,6;34,2;32,4;22,2;21,3;53;49;50;;;;
2024/10/05;1800 UTC;0;987,5;988,1;987,5;44;34,8;21,7;35,3;33,1;22,2;20,9;50;45;46;;;;
2024/10/05;1900 UTC;0;987,2;987,5;987,2;7,2;34,4;21,6;35,1;33,9;21,9;20,6;48;45;47;;;;
2024/10/05;2000 UTC;0;987,7;987,7;987,2;;32,7;21,5;34,4;32,7;21,6;21;52;47;52;;;;
2024/10/05;2100 UTC;0;988,3;988,3;987,7;;31,1;21,3;32,7;30,9;21,5;21,2;56;52;56;;;;
2024/10/05;2200 UTC;0;989,4;989,4;988,3;;28,7;23,6;31,1;28,7;23,6;21,4;74;56;74;;;;
2024/10/05;2300 UTC;0;990,5;990,5;989,4;;26,7;26,6;28,7;26,7;26,6;23,7;99;74;99;;;;
2024/10/06;0000 UTC;0;991,6;991,6;990,5;;25,2;25,2;26,7;25,2;26,6;25,2;100;99;100;;;;
2024/10/06;0100 UTC;0;992,4;992,5;991,6;;24,7;;25,2;24,6;;;;;;;;;
2024/10/06;0200 UTC;0;992,3;992,5;992,3;;24,6;;24,7;24,5;;;;;;;;;
2024/10/06;0300 UTC;0;992;992,4;992;;24,6;;24,7;24,5;;;;;;;;;
2024/10/06;0400 UTC;0;991,4;992;991,4;;24,6;;24,6;24,5;;;;;;;;;
2024/10/06;0500 UTC;0;991,3;991,4;991,2;;24,8;;24,8;24,6;;;;;;;;;
2024/10/06;0600 UTC;0;991;991,3;990,9;;24,1;;24,8;24,1;;;;;;;;;
2024/10/06;0700 UTC;0;991,2;991,2;991;;23,8;;24,1;23,8;;;;;;;;;
2024/10/06;0800 UTC;0;991,5;991,5;991,2;;23,2;;23,8;23,2;;;;;;;;;
2024/10/06;0900 UTC;0;992;992;991,5;;23,5;;23,5;22,9;;;;;;;;;
2024/10/06;1000 UTC;0;992,7;992,7;992;6,6;25,3;25,3;25,3;23,5;;;;;100;;;;
2024/10/06;1100 UTC;0;993,2;993,2;992,7;17,6;27;25,1;27,1;25,1;26,1;25,1;100;89;89;;;;
2024/10/06;1200 UTC;0;992,9;993,3;992,9;93,3;29;23,4;29,3;26,6;25,3;23,1;91;71;72;;;;
2024/10/06;1300 UTC;0;992,3;993;992,3;111;31;22,4;31,3;29,1;23,7;22,2;72;60;60;;;;
2024/10/06;1400 UTC;0;991,6;992,3;991,6;46,6;32,4;21,8;32,8;30,7;22,9;21,5;61;53;54;;;;
2024/10/06;1500 UTC;0;990,1;991,6;990,1;;33,4;20,5;34,4;32,1;21,9;20,2;54;45;47;;;;
2024/10/06;1600 UTC;0;988,8;990,1;988,8;;35,3;19,6;35,4;33;20,8;19,3;48;40;40;;;;
2024/10/06;1700 UTC;0;987,8;988,8;987,8;;35,6;18,5;36,1;34,4;20,2;18,1;41;36;37;;;;
2024/10/06;1800 UTC;0;987;987,8;987;6,7;35,5;16,3;36,1;35,4;18,6;16;37;31;32;;;;
2024/10/06;1900 UTC;0;986,9;987;986,8;;35,4;15,5;36,3;35,4;16,7;15,4;33;30;30;;;;
2024/10/06;2000 UTC;0;987,6;987,6;986,9;111,5;34,5;14,5;35,6;34,5;15,6;14,5;31;29;30;;;;
2024/10/06;2100 UTC;0;989,1;989,1;987,6;66,6;29,1;21,7;34,5;29,1;21,7;14,4;65;30;65;;;;
2024/10/06;2200 UTC;0;990,4;990,4;989,1;;27,3;22,7;29,1;27,2;22,7;21,8;76;65;76;;;;
2024/10/06;2300 UTC;0;991,3;991,3;990,4;;25,8;24,3;27,3;25,8;24,3;22,7;91;76;91;;;;
2024/10/07;0000 UTC;0;992,1;992,1;991,3;;25,1;24,9;25,8;25;24,9;24,2;99;91;99;;;;
2024/10/07;0100 UTC;0;992,4;992,4;992,1;;24,5;;25,1;24,5;;;;;;;;;
2024/10/07;0200 UTC;0;992,3;992,5;992,3;;24,8;;24,8;24,5;;;;;;;;;
2024/10/07;0300 UTC;0;992;992,3;992;;24,6;;24,8;24,5;;;;;;;;;
2024/10/07;0400 UTC;0;991,4;992;991,4;;24,4;;24,6;24,3;;;;;;;;;
2024/10/07;0500 UTC;0;990,9;991,4;990,8;;24;;24,4;24;;;;;;;;;
2024/10/07;0600 UTC;0;990,6;990,9;990,6;;24,3;;24,3;24;;;;;;;;;
2024/10/07;0700 UTC;0;990,8;990,8;990,6;;24,2;;24,4;24,2;;;;;;;;;
2024/10/07;0800 UTC;0;991,3;991,3;990,8;;23,4;;24,2;23,4;;;;;;;;;
2024/10/07;0900 UTC;0;991,7;991,7;991,3;;23,4;;23,4;23,1;;;;;;;;;
2024/10/07;1000 UTC;0;992,3;992,3;991,7;;25,6;25,5;25,6;23,4;;;;;99;;;;
2024/10/07;1100 UTC;0;992,8;992,8;992,3;;27,7;22,6;27,7;25,4;25,4;22,4;99;74;74;;;;
2024/10/07;1200 UTC;0;992,7;993;992,7;52,7;29,6;21,2;29,9;27,4;22,5;21,2;74;60;61;;;;
2024/10/07;1300 UTC;0;992,2;992,7;992,2;77,9;31,5;21;31,6;29,3;21,6;20,6;61;53;54;;;;
2024/10/07;1400 UTC;0;991,5;992,2;991,4;58,6;32,9;20,9;32,9;31;21,3;20,4;54;49;49;;;;
2024/10/07;1500 UTC;0;990,1;991,5;990,1;;34,1;20;34,2;32,5;20,8;19,7;49;43;44;;;;
2024/10/07;1600 UTC;0;988,6;990,1;988,6;;33,9;19,7;34,8;32,9;20,5;19,3;46;41;43;;;;
2024/10/07;1700 UTC;0;987,8;988,7;987,8;;35,3;19,1;35,8;33,9;20;18,9;43;38;39;;;;
2024/10/07;1800 UTC;0;987,2;987,9;987,2;;35,7;18,9;35,8;34,8;19,4;18,3;39;37;37;;;;
2024/10/07;1900 UTC;0;987,2;987,3;987;3,2;35;17,9;36;35;19;17,9;38;35;36;;;;
2024/10/07;2000 UTC;0;987,6;987,6;987,2;52,9;34,1;17,7;35,1;34,1;18,3;17,5;38;35;38;;;;
2024/10/07;2100 UTC;0;988,7;988,7;987,6;188,6;29,7;21,5;34,1;29,7;21,5;17,6;61;38;61;;;;
2024/10/07;2200 UTC;0;989,9;989,9;988,7;;27,5;22,8;29,7;27,5;22,8;21,5;76;62;76;;;;
2024/10/07;2300 UTC;0;990,8;990,8;989,9;;26,4;23,2;27,5;26,4;23,2;22,5;83;76;83;;;;
2024/10/08;0000 UTC;0;991,6;991,6;990,8;;25,2;25,2;26,4;25,2;25,3;23,2;100;83;100;;;;
2024/10/08;0100 UTC;0;992;992;991,5;;24,4;;25,2;24,4;;;;;;;;;
2024/10/08;0200 UTC;0;991,9;992,1;991,9;;24,6;;24,7;24,3;;;;;;;;;
2024/10/08;0300 UTC;0;991,4;991,9;991,4;;24,5;;24,7;24,5;;;;;;;;;
2024/10/08;0400 UTC;0;991;991,4;991;2;24,4;;24,5;24,3;;;;;;;;;
2024/10/08;0500 UTC;0;991;991,1;990,9;6,7;24,4;;24,6;24,4;;;;;;;;;
2024/10/08;0600 UTC;0;991;991;991;7,6;24,4;;24,5;24,3;;;;;;;;;
2024/10/08;0700 UTC;0;991,3;991,3;991;;24,3;;24,5;24,3;;;;;;;;;
2024/10/08;0800 UTC;0;991,8;991,8;991,3;768,9;23,4;;24,4;23,4;;;;;;;;;
2024/10/08;0900 UTC;0;992,6;992,6;991,8;940,9;23,6;;23,6;23,3;;;;;;;;;
2024/10/08;1000 UTC;0;993,4;993,4;992,6;2026,7;24,5;;24,5;23,6;;;;;;;;;
2024/10/08;1100 UTC;0;993,9;994;993,4;534,8;25,7;25,7;25,9;23,9;;;;;100;;;;
2024/10/08;1200 UTC;0;994,1;994,1;993,9;;27,4;26,1;27,6;25,7;27,1;25,8;100;92;92;;;;
2024/10/08;1300 UTC;0;993,7;994,1;993,7;;29,1;24,3;30;27,3;26,3;23,9;92;72;75;;;;
2024/10/08;1400 UTC;0;993,1;993,7;993,1;;30,1;22,7;31,3;29;24,5;22,4;76;64;65;;;;
2024/10/08;1500 UTC;0;992;993,1;992;10,9;32,1;21,9;32,4;30,1;23,1;21,5;65;55;55;;;;
2024/10/08;1600 UTC;0;990,9;992;990,9;;33,6;22,1;33,6;31;22,3;20,9;57;51;51;;;;
2024/10/08;1700 UTC;0;990;990,9;989,9;9,9;34,2;21;34,3;32,5;21,6;20,3;51;46;46;;;;
2024/10/08;1800 UTC;0;989,4;990;989,3;;33,5;19,9;34,9;32,7;21,4;19,9;48;44;45;;;;
2024/10/08;1900 UTC;0;989,3;989,5;989,2;;33,7;19,7;34,1;32,9;20,3;19,6;47;44;44;;;;
2024/10/08;2000 UTC;0;989,7;989,7;989,3;;32,6;19,3;33,7;32,5;19,8;19,1;46;44;46;;;;
2024/10/08;2100 UTC;0;990,3;990,4;989,7;;31;21,3;32,6;31;21,3;19;56;45;56;;;;
2024/10/08;2200 UTC;0;991,3;991,3;990,4;;28,7;22;31;28,7;22,1;21,4;67;56;67;;;;
2024/10/08;2300 UTC;0;992,1;992,1;991,3;;27,2;22,1;28,7;27,2;22,4;22;74;67;73;;;;
2024/10/09;0000 UTC;0;993;993;992,1;;26,1;23,6;27,3;26;23,6;22,1;86;73;86;;;;
2024/10/09;0100 UTC;0;993,2;993,2;993;;25,1;25,1;26,1;25,1;25,3;23,5;100;86;100;;;;
2024/10/09;0200 UTC;0;993,2;993,2;993,1;;24,3;;25,1;24,2;;;;;;;;;
2024/10/09;0300 UTC;0;992,9;993,2;992,8;3,4;24,1;;24,4;23,8;;;;;;;;;
2024/10/09;0400 UTC;0;992;992,9;992;74;23,8;;24,1;23,7;;;;;;;;;
2024/10/09;0500 UTC;0;991,3;992;991,3;889;23,4;;23,8;23,4;;;;;;;;;
2024/10/09;0600 UTC;0;991,2;991,3;991,2;3666,4;23,1;;23,4;23,1;;;;;;;;;
2024/10/09;0700 UTC;0;991,6;991,6;991,2;462,3;22,8;;23,1;22,6;;;;;;;;;
2024/10/09;0800 UTC;0;992;992;991,6;1499,3;23,4;;23,4;22,7;;;;;;;;;
2024/10/09;0900 UTC;0;992,4;992,4;991,9;3432,7;23,9;;23,9;23,4;;;;;;;;;
2024/10/09;1000 UTC;0;992,9;992,9;992,4;434,5;24,7;;24,9;23,9;;;;;;;;;
2024/10/09;1100 UTC;0;993,2;993,2;992,9;24,1;26,2;;27,1;24,7;;;;;;;;;
2024/10/09;1200 UTC;0;993,3;993,3;993,1;;29,2;26,5;29,7;26;27,7;26,1;100;84;85;;;;
2024/10/09;1300 UTC;0;992,9;993,3;992,9;;30,2;25,2;30,7;29;26,5;24,6;86;72;74;;;;
2024/10/09;1400 UTC;0;992,1;992,9;992,1;;32,8;23,7;33;30,1;25,4;23,6;74;59;59;;;;
2024/10/09;1500 UTC;0;990,8;992,1;990,8;;34,2;23,1;34,2;32,4;24,5;22,9;60;52;52;;;;
2024/10/09;1600 UTC;0;989,3;990,8;989,3;;34,4;21,4;35,6;33;23,3;21,4;54;46;47;;;;
2024/10/09;1700 UTC;0;988,4;989,3;988,4;;36,1;20,8;36,1;34,1;22,1;20,3;48;40;41;;;;
2024/10/09;1800 UTC;0;987,8;988,4;987,8;;36;20,1;36,7;35,3;21,4;20,1;43;39;40;;;;
2024/10/09;1900 UTC;0;987,8;987,8;987,6;;35,6;20,6;36,7;35,2;20,9;19;43;38;42;;;;
2024/10/09;2000 UTC;0;988;988;987,8;;34,3;20,5;35,5;34,3;20,8;20,1;45;41;45;;;;
2024/10/09;2100 UTC;0;988,7;988,7;988;;31,8;22,1;34,3;31,8;22,1;20,6;56;45;56;;;;
2024/10/09;2200 UTC;0;989,7;989,7;988,7;;29;23,3;31,8;29;23,3;22,1;72;57;72;;;;
2024/10/09;2300 UTC;0;990,7;990,7;989,7;;26,9;25,4;29;26,9;25,4;23,4;91;72;91;;;;
2024/10/10;0000 UTC;0;991,4;991,4;990,7;;25,6;25,6;26,9;25,6;26,6;25,5;100;91;100;;;;
2024/10/10;0100 UTC;0;991,9;991,9;991,5;;24,6;;25,6;24,6;;;;;;;;;
2024/10/10;0200 UTC;0;991,8;991,9;991,8;;24,3;;24,6;24,1;;;;;;;;;
2024/10/10;0300 UTC;0;991,5;991,8;991,5;5,6;24,5;;24,5;24,2;;;;;;;;;
2024/10/10;0400 UTC;0;990,8;991,5;990,8;;24,5;;24,6;24,4;;;;;;;;;
2024/10/10;0500 UTC;0;990,5;990,8;990,5;5,7;24,2;;24,5;24,2;;;;;;;;;
2024/10/10;0600 UTC;0;990,6;990,6;990,5;13,3;24,1;;24,3;24,1;;;;;;;;;
2024/10/10;0700 UTC;0;990,7;990,7;990,5;7,5;23,6;;24,1;23,6;;;;;;;;;
2024/10/10;0800 UTC;0;990,9;990,9;990,7;507,1;23,2;;23,6;23,2;;;;;;;;;
2024/10/10;0900 UTC;0;991,5;991,5;990,9;2218,3;23,5;;23,5;22,8;;;;;;;;;
2024/10/10;1000 UTC;0;991,7;991,7;991,5;52,2;24,8;;24,9;23,5;;;;;;;;;
2024/10/10;1100 UTC;0;992,1;992,1;991,7;2;26,1;;26,2;24,8;;;;;;;;;
2024/10/10;1200 UTC;0;992,2;992,2;991,9;;27;27;27;25,9;;;;;100;;;;
2024/10/10;1300 UTC;0;992;992,2;992;;28,2;27,1;28,2;26,9;27,6;26,8;100;93;94;;;;
2024/10/10;1400 UTC;0;991,1;992;991,1;;30,2;25,3;30,6;28;27,1;25,3;94;75;75;;;;
2024/10/10;1500 UTC;0;990;991,1;990;;31,8;24,1;32,5;29,7;25,8;24,1;77;63;64;;;;
2024/10/10;1600 UTC;0;988,4;990;988,4;;34,4;24;34,5;31,7;24,7;23,6;65;54;55;;;;
2024/10/10;1700 UTC;0;987,1;988,4;987,1;;35,6;22,3;35,8;33,5;24,1;21,9;56;46;46;;;;
2024/10/10;1800 UTC;0;986,4;987,1;986,4;;36,3;20,8;36,8;35,4;22;20,7;46;40;41;;;;
2024/10/10;1900 UTC;0;986,1;986,4;986,1;;35,8;18,3;36,6;35,5;21,4;18,3;42;35;36;;;;
2024/10/10;2000 UTC;0;986,5;986,5;986,1;;35,3;18,2;36,2;35,3;18,8;18,1;37;35;36;;;;
2024/10/10;2100 UTC;0;988;988;986,5;;30,7;24,7;35,3;30,7;24,7;18,2;70;36;70;;;;
2024/10/10;2200 UTC;0;989,4;989,4;988;;28,3;24,3;30,7;28,3;25,7;24,3;81;70;79;;;;
2024/10/10;2300 UTC;0;990,2;990,2;989,4;;26,3;26,3;28,3;26,3;26,4;23,2;100;76;100;;;;
2024/10/11;0000 UTC;0;991;991;990,2;;25,6;;26,3;25,4;;;;;;;;;
2024/10/11;0100 UTC;0;991,6;991,6;991;;25,3;25,3;25,8;25,2;;;;;100;;;;
2024/10/11;0200 UTC;0;991,5;991,7;991,5;;25,5;;25,5;25,3;;;;;;;;;
2024/10/11;0300 UTC;0;991,1;991,5;991,1;;25,4;;25,5;25,3;;;;;;;;;
2024/10/11;0400 UTC;0;990,7;991,1;990,7;;25,2;;25,4;25,2;;;;;;;;;
2024/10/11;0500 UTC;0;990,6;990,7;990,4;;25,1;25,1;25,2;25;;;;;100;;;;
2024/10/11;0600 UTC;0;990,9;990,9;990,6;;24,4;;25,1;24,4;;;;;;;;;
2024/10/11;0700 UTC;0;991,3;991,3;990,9;191,8;23,4;;24,4;23,3;;;;;;;;;
2024/10/11;0800 UTC;0;991,8;991,8;991,3;202,9;22,4;;23,4;22,4;;;;;;;;;
2024/10/11;0900 UTC;0;992,4;992,4;991,8;;22,8;;22,8;22,3;;;;;;;;;
2024/10/11;1000 UTC;0;993;993;992,4;2071,5;24,5;;24,5;22,8;;;;;;;;;
2024/10/11;1100 UTC;0;993,3;993,4;993;579,8;25,8;25,8;25,9;24,5;;;;;100;;;;
2024/10/11;1200 UTC;0;993,2;993,3;993,2;32,6;28,6;23;28,7;25,8;26,2;22,8;100;72;72;;;;
2024/10/11;1300 UTC;0;992,5;993,2;992,5;;30,4;21,4;31;27,5;22,9;21,3;74;58;59;;;;
2024/10/11;1400 UTC;0;991,5;992,5;991,5;1,3;32,3;21,5;32,6;29,4;22;20,9;62;52;53;;;;
2024/10/11;1500 UTC;0;990,3;991,5;990,3;;33;20;33,7;31,8;21,5;20;53;47;47;;;;
2024/10/11;1600 UTC;0;989,1;990,3;989;;34,7;19,4;34,8;32,8;20,8;19,4;48;41;41;;;;
2024/10/11;1700 UTC;0;988,3;989,1;988,3;;35,2;19,5;35,6;34,2;19,9;19;42;39;40;;;;
2024/10/11;1800 UTC;0;987,8;988,3;987,7;;35,2;18,2;36,3;34,7;20,1;17,9;40;35;37;;;;
2024/10/11;1900 UTC;0;987,8;987,8;987,7;;35,1;18,2;35,5;35;18,8;17,8;38;36;37;;;;
2024/10/11;2000 UTC;0;988,1;988,1;987,7;2,1;33,9;17,8;35,2;33,9;18,2;17,7;39;36;39;;;;
2024/10/11;2100 UTC;0;989;989;988,1;;31,1;22,4;33,9;31,1;22,4;17,5;60;38;60;;;;
2024/10/11;2200 UTC;0;990,5;990,5;989;;28,3;25,2;31,1;28,3;25,2;22,6;83;60;83;;;;
2024/10/11;2300 UTC;0;991,7;991,7;990,5;;26,7;26,7;28,3;26,7;27;25,3;100;83;100;;;;
2024/10/12;0000 UTC;0;992,1;992,1;991,7;;25,7;25,7;26,7;25,6;26,7;25,7;100;97;100;;;;
2024/10/12;0100 UTC;0;992,5;992,5;992,1;;24,9;;25,7;24,9;25,6;25,1;100;100;;;;;
2024/10/12;0200 UTC;0;992,5;992,7;992,5;;24,7;;25;24,7;;;;;;;;;
2024/10/12;0300 UTC;0;992;992,5;992;13,1;24,8;;24,8;24,6;;;;;;;;;
2024/10/12;0400 UTC;0;991,2;992;991,2;16,9;24,4;;24,9;24,4;;;;;;;;;
2024/10/12;0500 UTC;0;991,6;991,6;991,1;3,2;23,9;;24,5;23,9;;;;;;;;;
2024/10/12;0600 UTC;0;991,8;991,8;991,6;1,6;23,7;;24;23,7;;;;;;;;;
2024/10/12;0700 UTC;0;992,6;992,6;991,9;16,1;23,5;;23,7;23,2;;;;;;;;;
2024/10/12;0800 UTC;0;993,5;993,5;992,6;18,4;23;;23,6;23;;;;;;;;;
2024/10/12;0900 UTC;0;994,4;994,4;993,5;2,5;23,6;23,7;23,6;22,7;;;;;100;;;;
2024/10/12;1000 UTC;0;995,2;995,2;994,4;;26,1;23,9;26,1;23,6;24,9;23,7;100;88;88;;;;
2024/10/12;1100 UTC;0;995,4;995,4;995,1;;27,9;21,8;27,9;25,7;23,6;21,7;87;70;70;;;;
2024/10/12;1200 UTC;0;995,3;995,6;995,3;;29,9;21,6;30,1;27,8;22,1;21;70;60;61;;;;
2024/10/12;1300 UTC;0;994,7;995,4;994,7;;31,6;21,2;31,6;29,2;22;20,8;62;54;54;;;;
2024/10/12;1400 UTC;0;993,7;994,7;993,7;;32,3;21,2;32,8;31,1;21,7;20,4;55;51;52;;;;
2024/10/12;1500 UTC;0;992,5;993,8;992,5;;33,5;20,9;34;32;21,8;20,8;53;47;48;;;;
2024/10/12;1600 UTC;0;991,3;992,5;991,2;;35;20,4;35,6;33,5;21,3;20;48;42;43;;;;
2024/10/12;1700 UTC;0;990,1;991,3;990,1;;35,6;19;36;34,7;20,7;19;43;38;38;;;;
2024/10/12;1800 UTC;0;989,6;990,1;989,6;;36,3;18,6;36,6;35,5;19,9;18,6;40;35;35;;;;
2024/10/12;1900 UTC;0;989,5;989,6;989,4;;35,6;17,9;36,4;35,4;19,3;17,8;37;35;35;;;;
2024/10/12;2000 UTC;0;989,7;989,7;989,4;;34,5;17,2;35,7;34,5;17,6;15,6;36;31;36;;;;
2024/10/12;2100 UTC;0;991;991;989,7;;31,1;21,5;34,5;31,1;21,5;17,2;57;36;57;;;;
2024/10/12;2200 UTC;0;992,6;992,6;991;;28,5;23,6;31,1;28,5;23,6;21,5;75;57;75;;;;
2024/10/12;2300 UTC;0;993,7;993,7;992,6;;26,9;26,9;28,5;26,9;27,1;23,7;100;75;100;;;;
2024/10/13;0000 UTC;0;994,4;994,5;993,7;;26,1;26,1;26,9;26;26,9;26;100;100;100;;;;
2024/10/13;0100 UTC;0;994,9;994,9;994,4;;25,5;25,5;26,1;25,4;26,1;25,4;100;100;100;;;;
2024/10/13;0200 UTC;0;994,7;994,9;994,7;;24,8;24,9;25,6;24,8;25,6;24,9;100;100;100;;;;
2024/10/13;0300 UTC;0;994;994,7;994;;24,2;;24,8;24,2;;;;;;;;;
2024/10/13;0400 UTC;0;993,5;994;993,5;;23,8;;24,3;23,7;;;;;;;;;
2024/10/13;0500 UTC;0;993,3;993,5;993,3;;23,6;;23,8;23,5;;;;;;;;;
2024/10/13;0600 UTC;0;993,2;993,3;993,2;;23,6;;23,9;23,6;;;;;;;;;
2024/10/13;0700 UTC;0;994;994;993,2;;23,8;;23,9;23,3;;;;;;;;;
2024/10/13;0800 UTC;0;994,4;994,4;994;;24,8;;24,8;23,8;;;;;;;;;
2024/10/13;0900 UTC;0;995,2;995,2;994,4;;24,8;;24,9;24,8;;;;;;;;;
2024/10/13;1000 UTC;0;996,1;996,1;995,2;;25,4;25,4;25,4;24,8;;;;;100;;;;
2024/10/13;1100 UTC;0;996,8;996,8;996,1;;27,3;24,4;27,3;25,4;26,6;24,4;100;84;84;;;;
2024/10/13;1200 UTC;0;996,7;996,9;996,6;;28,8;23,2;29,3;27,1;24,7;23;86;70;72;;;;
2024/10/13;1300 UTC;0;996,1;996,7;996,1;;31,4;22,4;31,5;28,8;23,7;22;72;59;59;;;;
2024/10/13;1400 UTC;0;995,2;996,1;995,2;;32,5;21,1;33,3;30,9;22,7;21,1;59;50;51;;;;
2024/10/13;1500 UTC;0;994;995,2;994;;33,2;20,9;33,9;31,7;21,9;20,6;54;48;49;;;;
2024/10/13;1600 UTC;0;992,6;994;992,6;;34,5;20,9;34,5;32,4;21,2;19,9;50;44;45;;;;
2024/10/13;1700 UTC;0;991,7;992,6;991,7;;33,6;19,8;35,1;33,4;20,9;19,5;45;42;44;;;;
2024/10/13;1800 UTC;0;991;991,7;991;7,2;34,6;19,5;35,3;33,4;20,2;19;44;41;41;;;;
2024/10/13;1900 UTC;0;990,9;991;990,8;;33,8;19,3;35,4;33,8;19,9;19,1;43;40;43;;;;
2024/10/13;2000 UTC;0;991,3;991,3;990,8;6,8;32,8;20,4;34,2;32,8;20,4;19,1;48;42;48;;;;
2024/10/13;2100 UTC;0;992,3;992,3;991,3;;30,8;21;32,8;30,7;21,1;20,5;56;48;56;;;;
2024/10/13;2200 UTC;0;993,2;993,2;992,3;;28,8;21,4;30,8;28,8;21,5;20,9;65;56;65;;;;
2024/10/13;2300 UTC;0;994,3;994,3;993,2;;27,8;21,8;28,9;27,6;21,8;21,3;70;64;70;;;;
2024/10/14;0000 UTC;0;995,2;995,2;994,3;;26,8;23,2;27,8;26,8;23,2;21,8;81;70;81;;;;
2024/10/14;0100 UTC;0;995,6;995,6;995,2;;25,7;25,8;26,8;25,7;25,9;23,2;100;81;100;;;;
2024/10/14;0200 UTC;0;995,4;995,6;995,4;;25,1;25,1;25,7;25,1;25,8;25,1;100;100;100;;;;
2024/10/14;0300 UTC;0;994,9;995,4;994,9;;24,7;;25,2;24,7;;;;;;;;;
2024/10/14;0400 UTC;0;994,3;994,9;994;;24,4;;24,8;24,4;;;;;;;;;
2024/10/14;0500 UTC;0;993,9;994,3;993,9;;24,3;;24,4;24,2;;;;;;;;;
2024/10/14;0600 UTC;0;994;994;993,9;4,9;23,7;;24,3;23,6;;;;;;;;;
2024/10/14;0700 UTC;0;994,3;994,3;994;11;24,1;;24,2;23,4;;;;;;;;;
2024/10/14;0800 UTC;0;994,6;994,6;994,2;10,7;24;;24,4;24;;;;;;;;;
2024/10/14;0900 UTC;0;995,1;995,1;994,6;8,5;23,9;;24;23,4;;;;;;;;;
2024/10/14;1000 UTC;0;995,4;995,4;995;;25,5;25,5;25,5;23,9;;;;;100;;;;
2024/10/14;1100 UTC;0;995,7;995,7;995,4;;28,3;23,6;28,3;25,5;26;23,5;100;76;76;;;;
2024/10/14;1200 UTC;0;995,5;995,7;995,4;;29,3;22;29,9;28;23,3;21,9;75;64;65;;;;
2024/10/14;1300 UTC;0;994,9;995,5;994,8;;30,9;21,8;31,1;28,6;22,5;21,3;67;58;58;;;;
2024/10/14;1400 UTC;0;993,7;994,9;993,6;;33;21,3;33;30,2;21,9;20,8;59;50;50;;;;
2024/10/14;1500 UTC;0;992,4;993,7;992,4;;33,7;20;34,6;32,2;21,4;20;51;44;45;;;;
2024/10/14;1600 UTC;0;990,9;992,4;990,8;;35;19,4;35,7;32,2;20,7;19,2;48;39;40;;;;
2024/10/14;1700 UTC;0;989,8;990,9;989,7;;35,5;18,4;36,4;34,4;19,8;18;41;35;37;;;;
2024/10/14;1800 UTC;0;989,1;989,8;989;13,8;36,2;18;36,3;34,9;18,7;17,6;37;34;34;;;;
2024/10/14;1900 UTC;0;989,1;989,2;989;;34,8;17;36,2;34,5;18,2;16,7;37;34;35;;;;
2024/10/14;2000 UTC;0;989,4;989,4;989,1;;34;17,3;34,9;33,9;17,4;16,8;37;35;37;;;;
2024/10/14;2100 UTC;0;990,8;990,8;989,4;;30,3;21,1;34,1;30,3;21,1;17,2;58;37;58;;;;
2024/10/14;2200 UTC;0;992,1;992,1;990,8;;28;23,1;30,3;28;23,1;21,1;75;58;75;;;;
2024/10/14;2300 UTC;0;993,2;993,2;992,1;;26,4;23,6;28;26,4;25,2;23,1;91;75;85;;;;
2024/10/15;0000 UTC;0;993,9;993,9;993,2;;25,7;25,3;26,4;25,7;25,3;23,3;98;84;98;;;;
2024/10/15;0100 UTC;0;993,9;994;993,8;;25;;25,7;25;25,6;25;100;98;;;;;
2024/10/15;0200 UTC;0;994,1;994,3;993,9;;25,1;;25,1;24,9;;;;;;;;;
2024/10/15;0300 UTC;0;993,5;994,1;993,5;;25;;25,2;25;;;;;;;;;
2024/10/15;0400 UTC;0;993;993,5;993;;24,6;;25,1;24,6;;;;;;;;;
2024/10/15;0500 UTC;0;992,5;993;992,4;;24,7;;24,7;24,5;;;;;;;;;
2024/10/15;0600 UTC;0;992,5;992,5;992,4;;24,7;;24,8;24,6;;;;;;;;;
2024/10/15;0700 UTC;0;992,6;992,6;992,4;;24,4;;24,8;24,3;;;;;;;;;
2024/10/15;0800 UTC;0;992,9;992,9;992,6;;24,5;;24,5;24,2;;;;;;;;;
2024/10/15;0900 UTC;0;993,6;993,6;992,9;;24,7;;24,7;24,1;;;;;;;;;
2024/10/15;1000 UTC;0;993,8;993,8;993,6;;26;25,9;26,2;24,7;26,2;25;100;99;99;;;;
2024/10/15;1100 UTC;0;993,8;994;993,7;;27,7;24,1;27,7;25,8;26,2;24,1;100;81;81;;;;
2024/10/15;1200 UTC;0;993,3;993,8;993,3;;30;22,6;30,3;27,7;24,2;22,5;81;64;65;;;;
2024/10/15;1300 UTC;0;992,9;993,5;992,9;;31,7;22,1;32,1;30;22,7;21,8;65;56;57;;;;
2024/10/15;1400 UTC;0;991,9;992,9;991,9;;32,8;21,3;33,4;30,9;22,2;21,2;57;50;51;;;;
2024/10/15;1500 UTC;0;990,6;991,9;990,6;;33,5;21,3;34,1;32,5;22,1;20,7;52;47;49;;;;
2024/10/15;1600 UTC;0;989;990,5;989;;35;20,8;35,4;32,7;21,4;20,3;49;43;43;;;;
2024/10/15;1700 UTC;0;988;989;988;;34,8;19,7;35,7;33,6;20,8;19,5;45;40;41;;;;
2024/10/15;1800 UTC;0;987,3;988;987,3;;35,6;19,6;36;34,2;20,4;19,4;42;39;39;;;;
2024/10/15;1900 UTC;0;987,2;987,3;987,1;;35;19,2;36;35;20;19;40;39;40;;;;
2024/10/15;2000 UTC;0;987,5;987,5;987,2;;34;18,8;35,1;34;19,4;18,3;41;38;41;;;;
2024/10/15;2100 UTC;0;988,7;988,7;987,5;;29,8;21,7;34;29,8;21,7;18,6;62;41;62;;;;
2024/10/15;2200 UTC;0;990,2;990,2;988,7;;27,7;22,6;29,8;27,7;22,6;21,7;74;62;74;;;;
2024/10/15;2300 UTC;0;991,4;991,4;990,2;;26,4;24,2;27,7;26,4;24,2;22,5;88;74;88;;;;
2024/10/16;0000 UTC;0;992,1;992,1;991,4;;25,6;25,6;26,4;25,6;25,6;24,2;100;88;100;;;;
2024/10/16;0100 UTC;0;992,6;992,6;992,1;;24,9;;25,6;24,9;;;;;;;;;
2024/10/16;0200 UTC;0;992,5;992,6;992,4;;24,9;;24,9;24,7;;;;;;;;;
2024/10/16;0300 UTC;0;991,7;992,5;991,7;;25,1;;25,2;24,9;;;;;;;;;
2024/10/16;0400 UTC;0;991,2;991,7;991,2;;24,6;;25,2;24,6;;;;;;;;;
2024/10/16;0500 UTC;0;990,7;991,2;990,6;;24,4;;24,7;24,4;;;;;;;;;
2024/10/16;0600 UTC;0;990,8;990,8;990,7;;24,1;;24,5;24,1;;;;;;;;;
2024/10/16;0700 UTC;0;991;991;990,6;;24;;24,2;23,9;;;;;;;;;
2024/10/16;0800 UTC;0;991,6;991,6;991;;23,5;;24;23,5;;;;;;;;;
2024/10/16;0900 UTC;0;992,3;992,3;991,6;;24,3;;24,3;23,3;;;;;;;;;
2024/10/16;1000 UTC;0;992,9;992,9;992,3;;26,2;23,3;26,2;24,3;25,5;23,3;100;84;84;;;;
2024/10/16;1100 UTC;0;993,2;993,3;992,9;;27,3;23;28,1;26,2;24;22,9;84;74;78;;;;
2024/10/16;1200 UTC;0;993,4;993,4;993,1;;28,7;21,9;29,9;27,2;23,6;21,9;79;65;67;;;;
2024/10/16;1300 UTC;0;992,8;993,4;992,8;;29,9;20,9;30,9;28,6;22,5;20,9;68;58;59;;;;
2024/10/16;1400 UTC;0;991,8;992,8;991,8;;32,4;21,2;33,3;29,9;21,9;20,9;60;50;52;;;;
2024/10/16;1500 UTC;0;990,4;991,8;990,4;;33,5;21;34;31,1;21,8;20,4;54;47;48;;;;
2024/10/16;1600 UTC;0;989;990,4;989;;34,6;21,1;34,9;33,1;21,5;20,3;48;45;45;;;;
2024/10/16;1700 UTC;0;988,2;989;988,2;;34,8;20,9;36;33,3;21,6;20,4;47;43;45;;;;
2024/10/16;1800 UTC;0;987,7;988,2;987,7;;33,9;20,2;35,9;33,3;21,2;20,2;47;42;45;;;;
2024/10/16;1900 UTC;0;987,9;987,9;987,6;;33,2;20,6;34,2;32,9;20,8;20,2;48;44;48;;;;
2024/10/16;2000 UTC;0;988,4;988,4;987,9;;31,6;20,7;33,4;31,6;21,1;20,7;53;48;53;;;;
2024/10/16;2100 UTC;0;989;989;988,4;;29,7;21,1;31,6;29,7;21,7;20,8;60;53;60;;;;
2024/10/16;2200 UTC;0;989,9;989,9;989;;28,3;20,3;29,7;28,3;21;20,3;62;60;62;;;;
2024/10/16;2300 UTC;0;991;991;989,9;;27,3;20,4;28,3;27,3;20,4;19,8;66;61;66;;;;
2024/10/17;0000 UTC;0;992,1;992,1;991;;26,2;22;27,3;26,2;22;20,4;78;66;78;;;;
2024/10/17;0100 UTC;0;992,5;992,6;992,1;;25,1;25,1;26,2;25,1;25,4;22,1;100;78;100;;;;
2024/10/17;0200 UTC;0;992,5;992,6;992,5;;24,5;;25,1;24,5;;;;;;;;;
2024/10/17;0300 UTC;0;991,8;992,5;991,8;;24,3;;24,5;24,2;;;;;;;;;
2024/10/17;0400 UTC;0;991,3;991,8;991,3;;24;;24,4;23,9;;;;;;;;;
2024/10/17;0500 UTC;0;991,2;991,3;991,2;;24,2;;24,2;23,9;;;;;;;;;
2024/10/17;0600 UTC;0;991,2;991,4;991,2;;24,1;;24,3;24;;;;;;;;;
2024/10/17;0700 UTC;0;991,5;991,5;991,2;;23,8;;24,1;23,8;;;;;;;;;
2024/10/17;0800 UTC;0;991,9;991,9;991,5;;23,4;;23,8;23,3;;;;;;;;;
2024/10/17;0900 UTC;0;992,4;992,4;991,9;;24,3;;24,3;23,4;;;;;;;;;
2024/10/17;1000 UTC;0;993,3;993,3;992,5;;26,4;;26,4;24,4;;;;;;;;;
2024/10/17;1100 UTC;0;993,4;993,5;993,2;;27,6;26,8;27,8;25,9;27,6;26,1;100;93;95;;;;
2024/10/17;1200 UTC;0;993,3;993,4;993,2;;28,2;24,9;29,2;26,7;26,5;23,8;97;74;83;;;;
2024/10/17;1300 UTC;0;993,3;993,5;993,3;;29,3;22,6;31,5;28;25,1;22,6;83;63;67;;;;
2024/10/17;1400 UTC;0;992,5;993,3;992,5;;31,6;23;32,8;29,3;23,9;22,7;68;58;60;;;;
2024/10/17;1500 UTC;0;991,3;992,5;991,3;;30,8;22,2;32,4;30,5;23,3;21,8;62;56;60;;;;
2024/10/17;1600 UTC;0;989,8;991,3;989,8;;32,6;22,2;32,6;30,7;22,8;21,8;61;54;54;;;;
2024/10/17;1700 UTC;0;988,8;989,8;988,8;;32,7;21,9;33,6;31,8;22,5;21,7;56;52;53;;;;
2024/10/17;1800 UTC;0;988,4;988,8;988,4;;32,7;21,7;32,8;32,1;22,3;21,6;55;52;52;;;;
2024/10/17;1900 UTC;0;988,2;988,4;988,2;;32,3;21,6;33;32,2;22,2;21,4;54;52;53;;;;
2024/10/17;2000 UTC;0;988,5;988,5;988,2;;31,7;21,5;32,6;31,7;22;21,5;55;53;55;;;;
2024/10/17;2100 UTC;0;988,8;988,8;988,5;;30;21;31,7;30;21,5;21;59;55;59;;;;
2024/10/17;2200 UTC;0;989,8;989,8;988,8;;29,4;22;30;28,9;22,1;21;64;59;64;;;;
2024/10/17;2300 UTC;0;991,1;991,1;989,8;;27,3;25,8;29,5;27,3;25,8;22;92;64;92;;;;
2024/10/18;0000 UTC;0;992;992;991,1;;26,1;26,1;27,3;26,1;26,9;25,8;100;92;100;;;;
2024/10/18;0100 UTC;0;992,4;992,4;992;;25;;26,1;25;26,1;25,1;100;100;;;;;
2024/10/18;0200 UTC;0;992,2;992,4;992,1;;24,4;;25;24,3;;;;;;;;;
2024/10/18;0300 UTC;0;991,7;992,2;991,7;;24,1;;24,4;24,1;;;;;;;;;
2024/10/18;0400 UTC;0;991;991,7;991;;24,2;;24,2;24;;;;;;;;;
2024/10/18;0500 UTC;0;990,9;991;990,8;;23,9;;24,2;23,9;;;;;;;;;
2024/10/18;0600 UTC;0;990,5;990,9;990,5;;24;;24,1;23,8;;;;;;;;;
2024/10/18;0700 UTC;0;990,9;990,9;990,5;;23,7;;24;23,7;;;;;;;;;
2024/10/18;0800 UTC;0;991,2;991,2;990,9;1,6;23,6;;23,9;23,5;;;;;;;;;
2024/10/18;0900 UTC;0;991,6;991,6;991,2;2,4;24,3;;24,3;23,5;;;;;;;;;
2024/10/18;1000 UTC;0;992,5;992,5;991,6;;25,4;;26,3;24,3;;;;;;;;;
2024/10/18;1100 UTC;0;993;993;992,5;;26,7;26,7;26,7;25,4;;;;;100;;;;
2024/10/18;1200 UTC;0;993,2;993,3;993;;28,2;26,1;28,4;26,7;28,2;26,1;100;88;88;;;;
2024/10/18;1300 UTC;0;993;993,3;993;;29,4;25,5;29,9;28;26,8;25,5;91;79;79;;;;
2024/10/18;1400 UTC;0;991,9;993;991,9;;30,1;24,5;31,6;29;25,9;24,3;82;68;72;;;;
2024/10/18;1500 UTC;0;990,7;991,9;990,7;;31,9;24;32,2;29,8;25;24;74;63;63;;;;
2024/10/18;1600 UTC;0;989,4;990,7;989,4;;31,6;23,2;33,2;31,3;24,7;23,1;64;60;61;;;;
2024/10/18;1700 UTC;0;988,4;989,4;988,4;;32,4;22,7;34,2;31,5;23,8;22,7;62;53;57;;;;
2024/10/18;1800 UTC;0;987,7;988,4;987,7;;33,5;22,2;33,8;32,1;22,9;22,1;58;51;52;;;;
2024/10/18;1900 UTC;0;987,4;987,7;987,3;;33,6;21,8;34,3;33,3;22,5;21,8;53;49;50;;;;
2024/10/18;2000 UTC;0;987,5;987,6;987,3;;32,3;21,3;33,8;32,3;22;21,3;53;50;52;;;;
2024/10/18;2100 UTC;0;988;988;987,5;;31,6;21,5;32,3;31,4;21,6;21,1;55;52;55;;;;
2024/10/18;2200 UTC;0;988,8;988,8;988;;29,5;25,4;31,6;29,5;25,4;21,4;79;55;79;;;;
2024/10/18;2300 UTC;0;989,8;989,8;988,8;;27,4;27,4;29,4;27,4;27,4;25,4;100;79;100;;;;
2024/10/19;0000 UTC;0;990,7;990,7;989,8;;26;26;27,4;26;27,4;26;100;98;100;;;;
2024/10/19;0100 UTC;0;991,3;991,3;990,7;;25,3;;26;25,2;;;;;;;;;
2024/10/19;0200 UTC;0;990,8;991,3;990,8;;25,3;;25,3;25,2;;;;;;;;;
2024/10/19;0300 UTC;0;990,5;990,8;990,5;;25,3;;25,4;25,2;;;;;;;;;
2024/10/19;0400 UTC;0;990,1;990,5;990,1;;25,2;;25,3;25,2;;;;;;;;;
2024/10/19;0500 UTC;0;989,7;990,1;989,6;;24,5;;25,2;24,4;;;;;;;;;
2024/10/19;0600 UTC;0;989,4;989,7;989,4;;24,2;;24,6;24,2;;;;;;;;;
2024/10/19;0700 UTC;0;989,8;989,8;989,4;;24,1;;24,2;23,9;;;;;;;;;
2024/10/19;0800 UTC;0;990,1;990,1;989,7;;24,2;;24,3;24,1;;;;;;;;;
2024/10/19;0900 UTC;0;990,8;990,8;990,1;;25;;25;24,1;;;;;;;;;
2024/10/19;1000 UTC;0;991,3;991,3;990,8;;25,7;;25,7;25;;;;;;;;;
2024/10/19;1100 UTC;0;991,4;991,4;991,2;;26,6;26,6;26,7;25,7;;;;;100;;;;
2024/10/19;1200 UTC;0;991,4;991,5;991,3;;27,5;27,5;27,5;26,5;27,6;26,5;100;100;100;;;;
2024/10/19;1300 UTC;0;991;991,4;990,9;;29,4;25,7;30,3;27,3;27,7;25,3;100;77;80;;;;
2024/10/19;1400 UTC;0;989,8;991;989,8;;31,1;25,1;31,1;29,2;25,8;24,6;81;70;70;;;;
2024/10/19;1500 UTC;0;988,3;989,8;988,3;;32,7;24,3;33,5;30,2;25,3;24,2;75;60;61;;;;
2024/10/19;1600 UTC;0;986,8;988,3;986,8;;33,8;23,8;34,4;31,4;24,6;23,3;65;54;56;;;;
2024/10/19;1700 UTC;0;985,8;986,9;985,8;;35,2;23,2;35,2;32,5;23,9;22,5;58;50;50;;;;
2024/10/19;1800 UTC;0;985,1;985,8;985,1;;34,2;21,7;35,3;33,7;23,2;21,4;51;47;48;;;;
2024/10/19;1900 UTC;0;985;985,1;984,9;;34,6;21,4;35,2;34,2;22,2;21,2;49;45;46;;;;
2024/10/19;2000 UTC;0;984,9;985,1;984,9;;33,7;21,3;34,8;33,7;21,7;21,1;48;46;48;;;;
2024/10/19;2100 UTC;0;985,3;985,3;984,9;;32,5;21;33,7;31,9;21,3;20,9;53;48;51;;;;
2024/10/19;2200 UTC;0;987,1;987,1;985,3;;27,8;27,8;32,8;27,8;28,3;20,9;100;50;100;;;;
2024/10/19;2300 UTC;0;988,2;988,3;987,1;;26,2;26,2;27,8;26,2;27,8;26,2;100;100;100;;;;
2024/10/20;0000 UTC;0;989;989;988,2;;25,6;25,6;26,2;25,5;26,2;25,5;100;100;100;;;;
2024/10/20;0100 UTC;0;989,4;989,4;989;;25,6;25,7;25,7;25,4;;;;;100;;;;
2024/10/20;0200 UTC;0;989,3;989,6;989,3;;25,8;;25,9;25,6;;;;;;;;;
2024/10/20;0300 UTC;0;988,9;989,3;988,9;;25,9;25,9;25,9;25,8;;;;;100;;;;
2024/10/20;0400 UTC;0;988,7;988,9;988,6;;25,6;25,6;26;25,5;26;25,5;100;100;100;;;;
2024/10/20;0500 UTC;0;988,5;988,7;988,4;;25,6;25,6;25,7;25,5;25,7;25,5;100;100;100;;;;
2024/10/20;0600 UTC;0;988,5;988,5;988,3;;25,4;25,4;25,7;25,4;25,7;25,4;100;99;100;;;;
2024/10/20;0700 UTC;0;988,6;988,7;988,5;;25,1;25,1;25,5;25,1;25,5;25,1;100;100;100;;;;
2024/10/20;0800 UTC;0;989,4;989,4;988,6;;24,4;;25,1;24,4;;;;;;;;;
2024/10/20;0900 UTC;0;990,1;990,1;989,4;;25,2;25,2;25,2;24,2;;;;;100;;;;
2024/10/20;1000 UTC;0;990,9;990,9;990,1;;26,1;26,1;26,9;25,2;26,9;25,2;100;100;100;;;;
2024/10/20;1100 UTC;0;991,3;991,3;990,9;;27,6;24,9;28;26,1;26,6;24,8;100;84;85;;;;
2024/10/20;1200 UTC;0;991,2;991,5;991,2;;28,4;23,8;29,2;27,6;24,9;23,8;85;75;76;;;;
2024/10/20;1300 UTC;0;991,1;991,3;991,1;;28,8;23;29,6;27,9;24,4;22,7;80;69;71;;;;
2024/10/20;1400 UTC;0;990,1;991,2;990,1;;30,6;22,4;31,2;28,8;23,3;22,4;71;61;62;;;;
2024/10/20;1500 UTC;0;988,7;990,1;988,7;;33;22,2;33,2;30,6;22,8;21,8;62;53;53;;;;
2024/10/20;1600 UTC;0;987,3;988,7;987,3;;34,3;21,8;34,4;31,9;22,3;21,2;55;48;48;;;;
2024/10/20;1700 UTC;0;986,1;987,3;986,1;;34,9;21,3;35,1;33,1;22;21;50;45;45;;;;
2024/10/20;1800 UTC;0;985,4;986,2;985,4;;34,7;20,7;35,7;33,9;21,5;20,6;46;43;44;;;;
2024/10/20;1900 UTC;0;985,4;985,5;985,2;;34,9;20,6;35,5;34,3;21,1;20,3;44;43;43;;;;
2024/10/20;2000 UTC;0;985,8;985,8;985,4;;32,5;21;34,9;32,5;21;19,9;51;43;51;;;;
2024/10/20;2100 UTC;0;986,8;986,8;985,8;;30,5;21;32,5;30,5;21,5;21;57;51;57;;;;
2024/10/20;2200 UTC;0;988,1;988,1;986,8;;28,4;21,7;30,5;28,4;21,7;20,9;67;57;67;;;;
2024/10/20;2300 UTC;0;989,2;989,2;988,1;;26,9;22,2;28,4;26,9;22,2;21,7;76;67;76;;;;
2024/10/21;0000 UTC;0;990,1;990,1;989,2;;26,1;23,2;27;26;23,2;22,3;84;76;84;;;;
2024/10/21;0100 UTC;0;990,7;990,7;990,1;;25,2;25,2;26,2;25,2;25,5;23,1;100;84;100;;;;
2024/10/21;0200 UTC;0;990,5;990,7;990,5;;25;;25,2;24,9;;;;;;;;;
2024/10/21;0300 UTC;0;990,3;990,5;990,3;;24,9;;25,1;24,8;;;;;;;;;
2024/10/21;0400 UTC;0;990,1;990,3;990;;24,5;;24,9;24,4;;;;;;;;;
2024/10/21;0500 UTC;0;990,1;990,1;990;;24,4;;24,6;24,4;;;;;;;;;
2024/10/21;0600 UTC;0;990,3;990,3;990;;24,3;;24,5;24,3;;;;;;;;;
2024/10/21;0700 UTC;0;990,7;990,7;990,3;;23,5;;24,3;23,5;;;;;;;;;
2024/10/21;0800 UTC;0;991,4;991,4;990,7;;23,3;;23,6;23,3;;;;;;;;;
2024/10/21;0900 UTC;0;992,1;992,1;991,4;;24;;24;23;;;;;;;;;
2024/10/21;1000 UTC;0;992,4;992,4;992,1;;25,6;25,6;25,6;24;;;;;100;;;;
2024/10/21;1100 UTC;0;992,6;992,6;992,4;;27,4;24,8;27,5;25,6;26,6;24,7;100;85;86;;;;
2024/10/21;1200 UTC;0;992,6;992,7;992,5;;28,8;22,8;29,3;27,4;24,8;22,6;86;69;70;;;;
2024/10/21;1300 UTC;0;992,1;992,6;992,1;;30,3;21,8;30,8;28,3;23,3;21,5;72;60;60;;;;
2024/10/21;1400 UTC;0;990,9;992,1;990,8;;33,4;20,5;34,2;30,3;22,3;20,3;61;47;47;;;;
2024/10/21;1500 UTC;0;989,6;990,9;989,5;;34,1;19,7;34,7;32,5;20,8;19,6;48;43;43;;;;
2024/10/21;1600 UTC;0;988,5;989,6;988,5;;34,9;18,9;35,7;33,5;20;18,6;44;38;39;;;;
2024/10/21;1700 UTC;0;987,8;988,5;987,8;;34,9;18;36,1;34,2;19,4;17;40;33;37;;;;
2024/10/21;1800 UTC;0;987,3;987,8;987,1;;35,8;17,8;36;34,8;18,2;17,3;37;34;35;;;;
2024/10/21;1900 UTC;0;987;987,3;986,9;;35,1;17,3;36,1;34,9;17,9;16,5;35;32;35;;;;
2024/10/21;2000 UTC;0;987,8;987,8;987;;33,2;18,6;35,1;33,2;18,7;17;42;34;42;;;;
2024/10/21;2100 UTC;0;988,8;988,8;987,8;;30,2;19,5;33,2;30,2;19,6;18,5;53;42;53;;;;
2024/10/21;2200 UTC;0;990,3;990,3;988,8;;28,4;21;30,3;28,4;21;19,4;64;52;64;;;;
2024/10/21;2300 UTC;0;991,5;991,5;990,3;;26,7;22,9;28,4;26,7;22,9;20,9;80;64;80;;;;
2024/10/22;0000 UTC;0;992,2;992,2;991,5;;25,9;23,6;26,8;25,9;23,6;23;87;80;87;;;;
2024/10/22;0100 UTC;0;992,5;992,5;992,2;;25,2;25,2;25,9;25,2;25,4;23,6;100;87;100;;;;
2024/10/22;0200 UTC;0;992,4;992,5;992,4;;24,7;;25,2;24,7;25,2;24,9;100;100;;;;;
2024/10/22;0300 UTC;0;992,1;992,4;992,1;;24,2;;24,7;24,2;;;;;;;;;
2024/10/22;0400 UTC;0;991,7;992,1;991,7;;23,6;;24,3;23,6;;;;;;;;;
2024/10/22;0500 UTC;0;991,4;991,7;991,4;;23,2;;23,6;23,2;;;;;;;;;
2024/10/22;0600 UTC;0;991,5;991,5;991,4;;22,9;;23,2;22,9;;;;;;;;;
2024/10/22;0700 UTC;0;992,1;992,1;991,3;7,1;22,2;;23;22,2;;;;;;;;;
2024/10/22;0800 UTC;0;992,7;992,7;992,1;2710,7;21,4;;22,4;21,3;;;;;;;;;
2024/10/22;0900 UTC;0;993,1;993,1;992,7;1788,6;23,2;;23,2;21,2;;;;;;;;;
2024/10/22;1000 UTC;0;993,5;993,5;993,1;;25,9;25,9;25,9;23,2;;;;;100;;;;
2024/10/22;1100 UTC;0;993,7;993,8;993,5;;26,9;25,5;27,1;25,8;26,7;25,5;100;92;92;;;;
2024/10/22;1200 UTC;0;993,4;993,7;993,4;;28,8;22,7;29,9;26,9;25,9;22,7;93;67;70;;;;
2024/10/22;1300 UTC;0;992,8;993,4;992,8;;29,9;21,9;31,1;28,8;23,2;21,7;70;60;62;;;;
2024/10/22;1400 UTC;0;991,8;992,8;991,8;;32,3;21,2;32,9;29,9;22,5;20,9;63;51;52;;;;
2024/10/22;1500 UTC;0;990,5;991,9;990,5;;34,4;21,3;34,5;32,3;21,7;20,6;52;46;46;;;;
2024/10/22;1600 UTC;0;988,8;990,5;988,8;;35,4;20,6;35,8;33,4;21,4;20,2;48;42;42;;;;
2024/10/22;1700 UTC;0;988;988,8;988;;35,9;19,5;36;34,2;20,7;19,2;43;38;38;;;;
2024/10/22;1800 UTC;0;987,5;988;987,5;;35,7;18,5;36,3;35,1;19,8;18,4;40;36;36;;;;
2024/10/22;1900 UTC;0;987,3;987,5;987,3;;35,7;17,5;36,3;35,6;18,8;17,4;37;34;34;;;;
2024/10/22;2000 UTC;0;987,7;987,7;987,3;;34,6;16,7;35,7;34,6;17,5;16,6;35;33;34;;;;
2024/10/22;2100 UTC;0;988,9;988,9;987,7;;30,2;22;34,6;30,2;22;16,3;62;34;62;;;;
2024/10/22;2200 UTC;0;990,3;990,3;988,9;;27,8;23,6;30,2;27,8;23,6;22;78;62;78;;;;
2024/10/22;2300 UTC;0;991,3;991,3;990,3;;26,3;26,4;27,8;26,3;26,6;23,7;100;78;100;;;;
2024/10/23;0000 UTC;0;992;992;991,3;;25,5;;26,4;25,4;;;;;;;;;
2024/10/23;0100 UTC;0;992,2;992,3;992;;25,1;;25,5;25,1;;;;;;;;;
2024/10/23;0200 UTC;0;991,7;992,2;991,7;;25;;25,1;24,9;;;;;;;;;
2024/10/23;0300 UTC;0;991,1;991,7;991,1;;25;;25,1;24,9;;;;;;;;;
2024/10/23;0400 UTC;0;990,4;991,1;990,4;;24,6;;25;24,6;;;;;;;;;
2024/10/23;0500 UTC;0;990,6;990,6;990,3;;24,1;;24,6;24,1;;;;;;;;;
2024/10/23;0600 UTC;0;990,6;990,6;990,4;;23,9;;24,1;23,9;;;;;;;;;
2024/10/23;0700 UTC;0;990,9;990,9;990,5;;23,1;;23,9;23;;;;;;;;;
2024/10/23;0800 UTC;0;991,1;991,2;990,9;;22,7;;23,2;22,7;;;;;;;;;
2024/10/23;0900 UTC;0;991,8;991,8;991,1;;23,1;;23,1;22,4;;;;;;;;;
2024/10/23;1000 UTC;0;992,3;992,3;991,8;;25,3;25,3;25,4;23,1;;;;;100;;;;
2024/10/23;1100 UTC;0;992,6;992,6;992,3;;27,6;22,1;27,8;25,3;26,1;22,1;100;72;72;;;;
2024/10/23;1200 UTC;0;992,2;992,7;992,2;;30;20,3;30,7;27,6;22,3;20,1;72;55;56;;;;
2024/10/23;1300 UTC;0;991,9;992,3;991,9;;31,1;20;31,6;29,7;20,7;19,8;57;51;52;;;;
2024/10/23;1400 UTC;0;990,9;991,9;990,8;;32,5;19,4;33,4;30,7;20,2;19,4;52;45;46;;;;
2024/10/23;1500 UTC;0;989,6;990,9;989,6;;33,8;19,7;34,3;32,4;20,3;19,3;48;43;44;;;;
2024/10/23;1600 UTC;0;988,5;989,6;988,5;;35;20;35,3;33;20,4;19,2;45;41;42;;;;
2024/10/23;1700 UTC;0;987,6;988,5;987,5;;34,7;19,1;35,7;34,1;20,1;19,1;43;39;40;;;;
2024/10/23;1800 UTC;0;987;987,6;986,9;;36;19,3;36,1;34,5;19,8;18,7;41;37;38;;;;
2024/10/23;1900 UTC;0;986,7;987;986,6;;35,3;19,1;36;35;19,4;18,7;39;37;38;;;;
2024/10/23;2000 UTC;0;987;987;986,6;;33,9;18,5;35,3;33,9;18,9;18,4;40;38;40;;;;
2024/10/23;2100 UTC;0;987,5;987,5;987;;32,3;18;33,9;32,2;18,5;18;43;40;43;;;;
2024/10/23;2200 UTC;0;989;989;987,5;;28,5;23,5;32,5;28,5;23,5;18;74;43;74;;;;
2024/10/23;2300 UTC;0;990;990;989;;26,4;26,5;28,5;26,4;26,8;23,5;100;74;100;;;;
2024/10/24;0000 UTC;0;990,5;990,5;990;;25,2;;26,4;25,2;26,4;25,3;100;100;;;;;
2024/10/24;0100 UTC;0;990,9;990,9;990,5;;24,7;;25,2;24,7;;;;;;;;;
2024/10/24;0200 UTC;0;990,5;990,9;990,5;;24,2;;24,7;24,2;;;;;;;;;
2024/10/24;0300 UTC;0;990;990,5;990;;23,9;;24,2;23,9;;;;;;;;;
2024/10/24;0400 UTC;0;989,6;990;989,5;;23,9;;24;23,8;;;;;;;;;
2024/10/24;0500 UTC;0;989,2;989,6;989,2;;23,6;;23,9;23,6;;;;;;;;;
2024/10/24;0600 UTC;0;989,2;989,4;989,2;;23,6;;23,7;23,3;;;;;;;;;
2024/10/24;0700 UTC;0;989,6;989,6;989,1;;23,5;;23,6;23,2;;;;;;;;;
2024/10/24;0800 UTC;0;990;990;989,6;;23,7;23,7;23,7;23,3;;;;;100;;;;
2024/10/24;0900 UTC;0;990,5;990,5;990;;23,8;23,9;23,8;23,6;23,9;23,6;100;100;100;;;;
2024/10/24;1000 UTC;0;991,1;991,1;990,5;;25,7;24,1;25,7;23,8;24,8;23,9;100;91;91;;;;
2024/10/24;1100 UTC;0;991,5;991,5;991,1;;27,9;23,4;28;25,6;24,1;23;91;76;77;;;;
2024/10/24;1200 UTC;0;991,4;991,6;991,4;;29,2;22,8;29,2;27,1;23,4;22,3;78;68;68;;;;
2024/10/24;1300 UTC;0;991,1;991,5;991;;30,5;21,8;30,9;28,3;23;21,7;70;59;60;;;;
2024/10/24;1400 UTC;0;990,3;991,1;990,3;;31,9;21,6;32,3;29,9;22,4;21,3;62;54;55;;;;
2024/10/24;1500 UTC;0;989,4;990,3;989,4;;33,2;21,5;33,3;31;21,9;21,1;56;50;51;;;;
2024/10/24;1600 UTC;0;988,3;989,4;988,3;;33,4;21,2;34,3;32,2;22;20,5;52;48;49;;;;
2024/10/24;1700 UTC;0;987,4;988,4;987,4;;34;21,1;34,7;32,4;21,7;20,7;51;47;47;;;;
2024/10/24;1800 UTC;0;987;987,4;987;;33,9;20,6;34,6;33;21,4;20,4;49;45;46;;;;
2024/10/24;1900 UTC;0;987;987;986,9;;34,1;20,4;34,7;33,7;20,8;20,3;46;44;45;;;;
2024/10/24;2000 UTC;0;987,2;987,2;987;;32,9;19,8;34;32,9;20,4;19,6;46;45;46;;;;
2024/10/24;2100 UTC;0;987,9;987,9;987,2;;31,2;21,3;32,9;31,2;21,3;19,5;56;46;56;;;;
2024/10/24;2200 UTC;0;989;989,1;987,9;;27,4;25,1;31,2;27,4;25,1;21,3;87;56;87;;;;
2024/10/24;2300 UTC;0;990,2;990,2;989;;26,1;26,1;27,4;26,1;26,6;25,1;100;87;100;;;;
2024/10/25;0000 UTC;0;990,9;990,9;990,2;;25,5;;26,1;25,5;26,1;24,5;100;84;;;;;
2024/10/25;0100 UTC;0;991,2;991,2;990,9;;25,6;;25,7;25,5;;;;;;;;;
2024/10/25;0200 UTC;0;991;991,2;991;;25,5;25,5;25,6;25,4;;;;;100;;;;
2024/10/25;0300 UTC;0;990,5;991;990,5;;25,2;;25,5;25,2;;;;;;;;;
2024/10/25;0400 UTC;0;990;990,5;990;;24,6;;25,2;24,5;;;;;;;;;
2024/10/25;0500 UTC;0;989,9;990;989,8;;24,7;24,7;24,7;24,2;;;;;100;;;;
2024/10/25;0600 UTC;0;989,9;990;989,7;;24,3;;24,7;24,3;;;;;;;;;
2024/10/25;0700 UTC;0;990,5;990,5;989,9;;23,7;;24,3;23,7;;;;;;;;;
2024/10/25;0800 UTC;0;991,3;991,3;990,5;;23,6;;23,7;23,5;;;;;;;;;
2024/10/25;0900 UTC;0;991,9;991,9;991,3;;23,8;;23,8;23,5;;;;;;;;;
2024/10/25;1000 UTC;0;992,8;992,8;991,9;;25,1;25,1;25,1;23,9;;;;;100;;;;
2024/10/25;1100 UTC;0;993,4;993,4;992,8;;26,6;24,9;26,7;25,1;25,8;24,6;100;89;90;;;;
2024/10/25;1200 UTC;0;993,2;993,5;993,1;;27,1;23,9;27,4;26,4;24,7;23,9;90;82;83;;;;
2024/10/25;1300 UTC;0;992,7;993,2;992,6;;28,3;23,3;28,6;27;24,2;23,1;83;73;74;;;;
2024/10/25;1400 UTC;0;991,9;992,7;991,9;;29,6;22,8;30;28,2;23,3;22,3;74;65;67;;;;
2024/10/25;1500 UTC;0;990,6;991,9;990,6;;30,7;22,5;31,2;29,5;23;22,1;67;61;61;;;;
2024/10/25;1600 UTC;0;989,5;990,6;989,5;;32,3;22,5;32,7;30,7;23,2;22,2;62;55;56;;;;
2024/10/25;1700 UTC;0;988,5;989,5;988,5;;32,5;21,9;34,1;32,3;22,7;21,6;56;51;54;;;;
2024/10/25;1800 UTC;0;988,2;988,6;988,1;;33,9;21,5;34,4;32,5;22,4;21,5;54;48;48;;;;
2024/10/25;1900 UTC;0;987,8;988,2;987,7;;33,9;20,9;34,6;33,8;21,8;20,9;49;46;47;;;;
2024/10/25;2000 UTC;0;988,1;988,1;987,7;;33,2;20,3;34;33,2;21;20,3;48;46;47;;;;
2024/10/25;2100 UTC;0;988,9;989;988,1;;30,4;23,3;33,2;30,4;23,3;20,1;66;47;66;;;;
2024/10/25;2200 UTC;0;990,3;990,3;988,9;;27,4;26,8;30,4;27,4;26,8;23,4;96;66;96;;;;
2024/10/25;2300 UTC;0;991,4;991,4;990,3;;25,7;25,7;27,4;25,7;27;25,7;100;96;100;;;;
2024/10/26;0000 UTC;0;991,9;991,9;991,4;;24,8;;25,7;24,8;25,7;24,9;100;74;;;;;
2024/10/26;0100 UTC;0;992,1;992,1;991,9;;24,2;;24,9;24,1;;;;;;;;;
2024/10/26;0200 UTC;0;992;992,2;992;;23,8;;24,2;23,8;;;;;;;;;
2024/10/26;0300 UTC;0;991,5;992;991,5;;23,3;;23,9;23,3;;;;;;;;;
2024/10/26;0400 UTC;0;990,8;991,5;990,8;;23,3;;23,4;23,2;;;;;;;;;
2024/10/26;0500 UTC;0;990,5;990,8;990,5;;22,8;;23,4;22,8;;;;;;;;;
2024/10/26;0600 UTC;0;990,4;990,5;990,3;152,4;22,3;;22,8;22,1;;;;;;;;;
2024/10/26;0700 UTC;0;991,2;991,2;990,4;798,4;22,1;;22,3;22,1;;;;;;;;;
2024/10/26;0800 UTC;0;992;992;991,2;837,5;22,5;;22,5;22,1;;;;;;;;;
2024/10/26;0900 UTC;0;992,6;992,6;992;86,9;23,5;;23,5;22,4;;;;;;;;;
2024/10/26;1000 UTC;0;993,4;993,4;992,6;;25,3;;25,4;23,5;;;;;;;;;
2024/10/26;1100 UTC;0;993,6;993,6;993,4;;27,6;23,6;28,1;25,3;26,7;23,6;100;78;79;;;;
2024/10/26;1200 UTC;0;993,4;993,6;993,3;;29,9;22,1;29,9;27,6;24;21,9;80;63;63;;;;
2024/10/26;1300 UTC;0;992,8;993,4;992,7;;31,2;21,4;31,7;29,4;22,5;21,4;64;55;56;;;;
2024/10/26;1400 UTC;0;991,9;992,8;991,9;;33,3;21,3;33,4;31,2;21,8;21,1;57;49;50;;;;
2024/10/26;1500 UTC;0;990,5;991,9;990,5;;34,8;20,6;35,4;33,1;21,7;20,1;50;42;44;;;;
2024/10/26;1600 UTC;0;989,3;990,5;989,2;;35,9;20,2;36,2;34,2;20,8;19,3;44;39;40;;;;
2024/10/26;1700 UTC;0;988,2;989,3;988,2;;36,5;17,8;37,1;34,8;20,6;17,8;43;33;33;;;;
2024/10/26;1800 UTC;0;987,4;988,2;987,4;;36,5;17,9;37,1;35,7;18,7;17,2;36;32;33;;;;
2024/10/26;1900 UTC;0;987,3;987,4;987,2;;36;17,8;37;35,7;18,1;16,8;35;32;34;;;;
2024/10/26;2000 UTC;0;987,6;987,6;987,2;;34;19,1;36;34;19,6;17,8;42;34;41;;;;
2024/10/26;2100 UTC;0;988,7;988,7;987,6;;30,8;20;34;30,8;20;18,6;53;41;53;;;;
2024/10/26;2200 UTC;0;989,8;989,8;988,7;;28,3;22,7;30,8;28,3;22,7;20,1;72;53;72;;;;
2024/10/26;2300 UTC;0;991;991,1;989,8;;26,6;23,6;28,3;26,6;23,6;22,6;84;72;84;;;;
2024/10/27;0000 UTC;0;991,6;991,6;991;;25,4;25,4;26,6;25,4;25,5;23,6;100;84;100;;;;
2024/10/27;0100 UTC;0;991,9;992;991,6;;24,9;24,9;25,4;24,8;25,4;24,8;100;100;100;;;;
2024/10/27;0200 UTC;0;991,7;991,9;991,7;;24,3;;24,9;24,2;;;;;;;;;
2024/10/27;0300 UTC;0;991,2;991,7;991,2;;24,1;;24,3;24;;;;;;;;;
2024/10/27;0400 UTC;0;990,8;991,2;990,8;;23,9;;24,1;23,7;;;;;;;;;
2024/10/27;0500 UTC;0;990,6;990,8;990,6;;24,6;;24,7;23,8;;;;;;;;;
2024/10/27;0600 UTC;0;990,9;990,9;990,6;;25,3;25,3;25,3;24,6;;;;;100;;;;
2024/10/27;0700 UTC;0;991,4;991,4;990,9;;25;25,1;25,3;25;25,3;25,1;100;100;100;;;;
2024/10/27;0800 UTC;0;991,8;991,8;991,4;;24,2;;25,1;24,2;25,1;24,4;100;100;;;;;
2024/10/27;0900 UTC;0;992,4;992,4;991,8;;24,8;24,9;24,8;24,2;;;;;100;;;;
2024/10/27;1000 UTC;0;993;993;992,4;;25,5;25,5;25,5;24,9;25,5;24,9;100;100;100;;;;
2024/10/27;1100 UTC;0;993,6;993,6;993;;26,8;26,8;26,9;25,5;26,9;25,5;100;100;100;;;;
2024/10/27;1200 UTC;0;993,6;993,7;993,5;;28,3;25,7;28,3;26,8;27;25,5;100;86;86;;;;
2024/10/27;1300 UTC;0;993,6;993,7;993,5;;30,1;25,1;30,1;28,3;25,6;24,6;86;74;74;;;;
2024/10/27;1400 UTC;0;992,6;993,6;992,6;;31,3;22,6;32,1;30;25;22,6;74;59;60;;;;
2024/10/27;1500 UTC;0;991,2;992,6;991,2;;32,9;22,7;33,6;31,3;23,6;22,1;60;53;55;;;;
2024/10/27;1600 UTC;0;989,9;991,2;989,9;;34,7;22,3;34,7;32,1;22,8;21,5;57;48;48;;;;
2024/10/27;1700 UTC;0;988,7;989,9;988,7;;34,9;21,3;35,8;33,6;22,3;21,1;50;44;45;;;;
2024/10/27;1800 UTC;0;988,3;988,7;988,2;;34,6;20,7;35,5;34,3;21,5;20,6;46;44;44;;;;
2024/10/27;1900 UTC;0;988,3;988,4;988,2;;35;20,7;36;34,5;21,3;20,5;44;42;43;;;;
2024/10/27;2000 UTC;0;988,3;988,3;988,1;;34,1;20,1;35,2;34,1;20,8;20;44;42;44;;;;
2024/10/27;2100 UTC;0;989,3;989,3;988,3;;31,4;22,9;34,1;31,4;22,9;19,9;61;44;61;;;;
2024/10/27;2200 UTC;0;990,7;990,7;989,3;;28,2;26,7;31,4;28,2;26,7;22,9;91;61;91;;;;
2024/10/27;2300 UTC;0;991,5;991,5;990,7;;26,6;26,6;28,2;26,6;27,3;26,6;100;91;100;;;;
2024/10/28;0000 UTC;0;992,2;992,3;991,5;;25,9;25,9;26,6;25,9;26,6;25,9;100;100;100;;;;
2024/10/28;0100 UTC;0;992,2;992,3;992,2;;25,3;25,3;25,9;25,2;25,9;25,3;100;100;100;;;;
2024/10/28;0200 UTC;0;991,8;992,2;991,8;;25,5;;25,6;25,2;;;;;;;;;
2024/10/28;0300 UTC;0;991,1;991,8;991,1;;25,7;;25,7;25,5;;;;;;;;;
2024/10/28;0400 UTC;0;990,7;991,1;990,7;;24,9;;25,7;24,9;;;;;;;;;
2024/10/28;0500 UTC;0;990,2;990,7;990,1;;24,9;;25;24,7;;;;;;;;;
2024/10/28;0600 UTC;0;990;990,2;990;;24,9;;24,9;24,7;;;;;;;;;
2024/10/28;0700 UTC;0;990,5;990,5;990;;24,9;;25,5;24,9;;;;;;;;;
2024/10/28;0800 UTC;0;991,2;991,2;990,4;;24,2;;24,9;24,2;;;;;;;;;
2024/10/28;0900 UTC;0;991,8;991,8;991,2;;24,9;;24,9;23,8;;;;;;;;;
2024/10/28;1000 UTC;0;992,4;992,5;991,8;;26,1;;26,1;24,9;;;;;;;;;
2024/10/28;1100 UTC;0;992,9;992,9;992,4;;28,1;26,4;28,1;25,9;27,2;25,9;100;91;91;;;;
2024/10/28;1200 UTC;0;992,8;993;992,7;;29;25,1;29;27;26,6;24,9;97;79;80;;;;
2024/10/28;1300 UTC;0;992,2;992,8;992,2;;30,1;24,3;30,5;28,5;25,1;24,2;80;70;71;;;;
2024/10/28;1400 UTC;0;991,5;992,2;991,5;;31,4;23,2;32,3;29,8;24,6;23,1;71;61;62;;;;
2024/10/28;1500 UTC;0;990,1;991,5;990,1;;33,4;21,9;33,6;31,3;23,8;21,8;62;51;51;;;;
2024/10/28;1600 UTC;0;988,3;990;988,3;;35,1;21,1;36;33,3;22,3;20,7;51;43;44;;;;
2024/10/28;1700 UTC;0;987;988,3;987;;35,8;20,3;36,3;33,8;21,3;20,1;46;40;40;;;;
2024/10/28;1800 UTC;0;986,1;987;986,1;;36,2;19,3;36,9;35;20,4;18,5;41;36;37;;;;
2024/10/28;1900 UTC;0;985,9;986,2;985,8;;36,3;18,5;37,2;35,6;19,7;17,9;37;34;35;;;;
2024/10/28;2000 UTC;0;986,3;986,3;985,9;;34,6;17,7;36,3;34,6;18,7;17,7;37;35;37;;;;
2024/10/28;2100 UTC;0;987,6;987,6;986,3;;31;22,5;34,6;31;22,5;17,4;61;36;61;;;;
2024/10/28;2200 UTC;0;989;989;987,6;;28,5;23;31;28,5;23,2;22,5;72;61;72;;;;
2024/10/28;2300 UTC;0;989,9;989,9;989;;27;22,5;28,5;27;23;22,4;76;72;76;;;;
2024/10/29;0000 UTC;0;990,4;990,4;989,9;;26,1;25,5;27;26,1;25,5;22,5;96;76;96;;;;
2024/10/29;0100 UTC;0;990,6;990,7;990,4;;25,3;25,3;26,1;25,3;26;25,3;100;97;100;;;;
2024/10/29;0200 UTC;0;990,2;990,6;990,2;;24,7;;25,4;24,7;;;;;;;;;
2024/10/29;0300 UTC;0;989,8;990,2;989,8;;24,3;;24,9;24,3;;;;;;;;;
2024/10/29;0400 UTC;0;989,6;989,8;989,5;;23,9;;24,3;23,9;;;;;;;;;
2024/10/29;0500 UTC;0;989,4;989,6;989,3;;23,6;;23,9;23,6;;;;;;;;;
2024/10/29;0600 UTC;0;989,4;989,4;989,3;;23,3;;23,6;23,3;;;;;;;;;
2024/10/29;0700 UTC;0;989,9;989,9;989,4;83,3;22,7;;23,3;22,7;;;;;;;;;
2024/10/29;0800 UTC;0;990,7;990,7;989,9;1680,8;22,7;;22,9;22,4;;;;;;;;;
2024/10/29;0900 UTC;0;991,4;991,4;990,7;1605,9;24,1;;24,2;22,2;;;;;;;;;
2024/10/29;1000 UTC;0;992,3;992,3;991,4;;26,5;24,7;26,5;24,1;;;;;90;;;;
2024/10/29;1100 UTC;0;992,5;992,5;992,3;;28,8;21,6;28,8;26,4;24,5;21,2;90;65;65;;;;
2024/10/29;1200 UTC;0;992,2;992,6;992,2;;30,6;19,7;30,6;28,3;21,5;19,5;65;52;52;;;;
2024/10/29;1300 UTC;0;991,7;992,3;991,7;;32,7;19,5;32,7;30,5;19,9;18,7;52;45;46;;;;
2024/10/29;1400 UTC;0;990,5;991,7;990,5;;33,2;18,6;33,9;32,2;19,5;18,5;46;41;42;;;;
2024/10/29;1500 UTC;0;989,2;990,5;989,1;;34,7;18,3;34,9;33,1;19,5;17,4;43;36;38;;;;
2024/10/29;1600 UTC;0;987,8;989,2;987,7;;36;16,8;36,1;34,6;18,5;16,8;38;32;32;;;;
2024/10/29;1700 UTC;0;986,5;987,8;986,5;;36,3;16,2;36,6;35,2;17,1;15,9;34;30;31;;;;
2024/10/29;1800 UTC;0;986;986,6;986;;36,1;15,6;36,7;35,5;16,4;15,5;31;29;30;;;;
2024/10/29;1900 UTC;0;985,9;986;985,8;;35,8;15,3;36,6;35,7;15,9;15,1;30;29;30;;;;
2024/10/29;2000 UTC;0;986;986;985,8;;34,8;15;36,1;34,8;15,6;15;31;30;31;;;;
2024/10/29;2100 UTC;0;987,1;987,1;986;;31,2;20,5;34,8;31,2;20,5;14,6;53;31;53;;;;
2024/10/29;2200 UTC;0;988,7;988,7;987,1;;28,2;22,6;31,2;28,2;22,6;20,6;72;53;72;;;;
2024/10/29;2300 UTC;0;989,8;989,8;988,7;;26,6;24,6;28,2;26,6;24,6;22,7;89;72;89;;;;
2024/10/30;0000 UTC;0;990,5;990,5;989,8;;25,7;25,8;26,6;25,7;25,9;24,7;100;89;100;;;;
2024/10/30;0100 UTC;0;990,6;990,7;990,5;;25,1;25,1;25,7;25;25,7;25;100;100;100;;;;
2024/10/30;0200 UTC;0;990,1;990,6;990,1;;25;;25,2;24,9;;;;;;;;;
2024/10/30;0300 UTC;0;990;990,2;990;;25;;25,1;25;;;;;;;;;
2024/10/30;0400 UTC;0;989,4;990;989,4;;24,7;;25,1;24,7;;;;;;;;;
2024/10/30;0500 UTC;0;989,2;989,4;989,2;;23,9;;24,7;23,9;;;;;;;;;
2024/10/30;0600 UTC;0;989,1;989,2;989;;23,8;;23,9;23,6;;;;;;;;;
2024/10/30;0700 UTC;0;989,5;989,5;989;;23,4;;23,8;23,4;;;;;;;;;
2024/10/30;0800 UTC;0;990,2;990,2;989,5;;23;;23,4;23;;;;;;;;;
2024/10/30;0900 UTC;0;990,8;990,8;990,2;,8;23,7;;23,7;22,9;;;;;;;;;
2024/10/30;1000 UTC;0;991,6;991,6;990,8;;25;25;25,1;23,7;;;;;100;;;;
2024/10/30;1100 UTC;0;991,9;992;991,6;;26,1;25;26,5;24,9;25,9;25;100;92;93;;;;
2024/10/30;1200 UTC;0;991,5;992;991,4;;28,5;22,8;28,5;26,1;25,5;22,7;95;71;71;;;;
2024/10/30;1300 UTC;0;990,9;991,5;990,9;;30,1;21,9;30,5;28,4;23,3;21,9;72;61;61;;;;
2024/10/30;1400 UTC;0;989,8;990,9;989,8;;32,3;21,3;32,7;29,8;22,4;20,9;63;51;52;;;;
2024/10/30;1500 UTC;0;988,4;989,8;988,4;;33;20,1;34,3;31,9;21,9;20,1;53;46;47;;;;
2024/10/30;1600 UTC;0;987,1;988,4;987,1;;35,9;20,1;35,9;32,8;20,7;19,5;48;40;40;;;;
2024/10/30;1700 UTC;0;986;987,1;986;;35,6;19,4;36,1;34,2;20;18,6;41;38;39;;;;
2024/10/30;1800 UTC;0;985,5;986;985,4;;36;18,8;36,4;35,1;19,7;18,1;40;35;36;;;;
2024/10/30;1900 UTC;0;985,4;985,5;985,3;;35,2;18,5;36,1;34,9;18,8;18;37;36;37;;;;
2024/10/30;2000 UTC;0;985,9;985,9;985,3;;33,8;19,1;35,3;33,7;19,2;17,8;42;37;42;;;;
2024/10/30;2100 UTC;0;987,2;987,2;985,9;;30,6;21,6;33,8;30,6;21,6;19,1;59;42;59;;;;
2024/10/30;2200 UTC;0;988,3;988,3;987,2;;28,3;24,5;30,6;28,3;24,5;21,7;80;59;80;;;;
2024/10/30;2300 UTC;0;989,4;989,4;988,3;;26,8;26,2;28,3;26,8;26,2;24,5;96;80;96;;;;
2024/10/31;0000 UTC;0;990,2;990,2;989,4;;25,3;25,3;26,8;25,3;26,5;25,3;100;96;100;;;;
2024/10/31;0100 UTC;0;990,3;990,5;990,2;;24,5;;25,3;24,5;;;;;;;;;
2024/10/31;0200 UTC;0;989,5;990,3;989,5;;23,9;;24,5;23,9;;;;;;;;;
2024/10/31;0300 UTC;0;989,2;989,5;989,2;;23,5;;23,9;23,4;;;;;;;;;
2024/10/31;0400 UTC;0;989,1;989,2;989;;23,3;;23,5;23,2;;;;;;;;;
2024/10/31;0500 UTC;0;989;989,2;989;;23;;23,3;23;;;;;;;;;
2024/10/31;0600 UTC;0;989,1;989,1;988,9;;23,7;;23,7;23;;;;;;;;;
2024/10/31;0700 UTC;0;989,6;989,6;989,1;1,4;23,3;;23,8;23,3;;;;;;;;;
2024/10/31;0800 UTC;0;990,5;990,5;989,6;18,7;23,1;;23,3;23;;;;;;;;;
2024/10/31;0900 UTC;0;991;991;990,5;23,3;23,6;;23,6;22,9;;;;;;;;;
2024/10/31;1000 UTC;0;991,8;991,8;991;1,3;25,7;;25,7;23,5;;;;;;;;;
2024/10/31;1100 UTC;0;992,1;992,1;991,7;;26,6;24,9;27,6;25,2;27,3;24,6;100;90;91;;;;
2024/10/31;1200 UTC;0;991,8;992,1;991,8;;29;22,2;29,9;26,5;25,2;22,2;91;67;67;;;;
2024/10/31;1300 UTC;0;991,5;991,9;991,4;;30,9;21,5;31,1;28,5;22,9;21,5;69;57;58;;;;
2024/10/31;1400 UTC;,4;990,3;991,5;990,3;;32,2;21,4;32,5;30,7;21,9;21;58;52;53;;;;
2024/10/31;1500 UTC;0;988,8;990,3;988,8;;33,5;20,9;33,9;31,2;21,8;20,6;55;47;48;;;;
2024/10/31;1600 UTC;0;987,5;988,8;987,5;;35,1;20,2;35,3;33;21,2;19,9;48;42;42;;;;
2024/10/31;1700 UTC;0;986,2;987,5;986,2;;36;20,1;36,6;34,3;20,9;19,5;43;39;40;;;;
2024/10/31;1800 UTC;0;985,9;986,3;985,9;;34,9;19,9;36,5;34,5;20,4;19,4;42;39;41;;;;
2024/10/31;1900 UTC;0;985,8;985,9;985,6;;34,3;19,8;35,3;34,2;20,2;19,6;43;41;43;;;;
2024/10/31;2000 UTC;0;986,4;986,4;985,8;;32,5;20;34,4;32,5;20;19,5;48;43;48;;;;
2024/10/31;2100 UTC;0;987,5;987,5;986,4;;30,4;19,4;32,5;30,4;20;18,8;52;47;52;;;;
2024/10/31;2200 UTC;0;988,6;988,6;987,5;;28,2;22,4;30,4;28,2;22,4;19,5;71;52;71;;;;
2024/10/31;2300 UTC;0;989,8;989,8;988,6;;26,9;21,4;28,2;26,8;22,8;21,4;75;71;72;;;;
2024/11/01;0000 UTC;0;990,5;990,5;989,8;;25,9;23,6;26,9;25,9;23,6;21,4;88;72;88;;;;
2024/11/01;0100 UTC;0;990,6;990,7;990,5;;24,9;;25,9;24,9;25,5;23,8;100;88;;;;;
2024/11/01;0200 UTC;0;990,5;990,7;990,5;;24,6;;24,9;24,6;;;;;;;;;
2024/11/01;0300 UTC;0;989,8;990,5;989,8;;24,3;;24,7;24,3;;;;;;;;;
2024/11/01;0400 UTC;0;989,2;989,8;989,2;;24,4;;24,4;24,3;;;;;;;;;
2024/11/01;0500 UTC;0;988,8;989,2;988,8;;24,2;;24,4;24,2;;;;;;;;;
2024/11/01;0600 UTC;0;988,7;988,8;988,5;;24,2;;24,3;24,2;;;;;;;;;
2024/11/01;0700 UTC;0;989,3;989,3;988,7;,3;23,9;;24,2;23,8;;;;;;;;;
2024/11/01;0800 UTC;0;990,1;990,1;989,3;11,3;23,4;;23,9;23,3;;;;;;;;;
2024/11/01;0900 UTC;0;990,6;990,6;990,1;16,5;24;;24,1;23,4;;;;;;;;;
2024/11/01;1000 UTC;0;991,4;991,4;990,6;;24,3;;24,4;24;;;;;;;;;
2024/11/01;1100 UTC;0;991,8;991,9;991,4;;25,4;;25,6;24,2;;;;;;;;;
2024/11/01;1200 UTC;0;991,6;991,9;991,5;;28,6;25,2;28,6;25,4;27,1;25,2;100;82;82;;;;
2024/11/01;1300 UTC;0;991,2;991,6;991,2;;29,7;22,4;30,5;28;25,1;22,1;82;63;65;;;;
2024/11/01;1400 UTC;0;990,3;991,2;990,3;;31,1;22,2;31,8;29,2;23,1;21,9;67;57;59;;;;
2024/11/01;1500 UTC;0;989,3;990,3;989,3;;33,1;20,9;33,8;30,7;22,6;20,6;60;48;49;;;;
2024/11/01;1600 UTC;0;987,8;989,3;987,8;;35,4;20,1;35,5;33,1;21,3;19,7;49;41;41;;;;
2024/11/01;1700 UTC;0;986,8;987,8;986,8;;35,6;19,4;36;34,3;20,4;19;43;37;39;;;;
2024/11/01;1800 UTC;0;986,4;986,8;986,3;;36;18,6;36,1;34,7;19,5;18,5;39;36;36;;;;
2024/11/01;1900 UTC;0;986,1;986,4;986;;35,4;18,5;36,2;35,3;18,9;18,1;37;35;37;;;;
2024/11/01;2000 UTC;0;986,3;986,3;986;;34,4;17,7;35,8;34,4;18,8;17,7;38;36;37;;;;
2024/11/01;2100 UTC;0;987,2;987,2;986,3;;31,3;21,7;34,4;31,3;21,7;17,7;57;37;57;;;;
2024/11/01;2200 UTC;0;988,3;988,3;987,2;;28,8;23,9;31,3;28,8;23,9;21,8;75;57;75;;;;
2024/11/01;2300 UTC;0;989,4;989,4;988,3;;26,8;26,2;28,8;26,8;26,2;23,9;97;75;97;;;;
2024/11/02;0000 UTC;0;990,2;990,2;989,4;;25,7;25,7;26,8;25,7;26,6;25,7;100;97;100;;;;
2024/11/02;0100 UTC;0;990,8;990,8;990,2;;25,2;;25,7;25,2;;;;;;;;;
2024/11/02;0200 UTC;0;990,6;990,9;990,6;;25,3;;25,3;25,1;;;;;;;;;
2024/11/02;0300 UTC;0;989,5;990,6;989,5;;25,2;;25,3;25,2;;;;;;;;;
2024/11/02;0400 UTC;0;988,9;989,5;988,9;;25,3;;25,3;25,2;;;;;;;;;
2024/11/02;0500 UTC;0;988,6;988,9;988,6;;25,2;;25,5;25,2;;;;;;;;;
2024/11/02;0600 UTC;0;988,8;988,8;988,5;;24,5;;25,2;24,5;;;;;;;;;
2024/11/02;0700 UTC;0;989,5;989,5;988,8;;24,2;;24,6;24,1;;;;;;;;;
2024/11/02;0800 UTC;0;990,1;990,1;989,5;;24;;24,3;23,7;;;;;;;;;
2024/11/02;0900 UTC;0;990,5;990,5;990,1;;24,7;24,7;24,7;24;24,7;24,1;100;100;100;;;;
2024/11/02;1000 UTC;0;991;991;990,5;;26,3;25;26,5;24,7;25,8;24,7;100;92;92;;;;
2024/11/02;1100 UTC;0;991,2;991,3;991;;27,7;23,7;27,8;26,1;25,2;23,7;93;79;79;;;;
2024/11/02;1200 UTC;0;990,9;991,2;990,8;;29,8;21,9;30,2;27,7;23,9;21,9;79;63;63;;;;
2024/11/02;1300 UTC;0;990,4;990,9;990,4;;31,6;20,8;32;29,6;22,5;20,5;64;52;53;;;;
2024/11/02;1400 UTC;0;989,6;990,4;989,6;;33,7;19,4;34,1;31,6;21,1;18,8;53;41;43;;;;
2024/11/02;1500 UTC;0;988,2;989,6;988,2;;35,3;17,6;35,7;33,2;19,4;17,2;44;35;35;;;;
2024/11/02;1600 UTC;0;987,1;988,3;987,1;;35,6;17;36,2;34,6;17,4;16,2;35;32;33;;;;
2024/11/02;1700 UTC;0;986;987,1;986;;36,2;17;36,8;35,6;17,4;16,3;33;31;32;;;;
2024/11/02;1800 UTC;0;985,6;986;985,6;;36,3;17,4;36,7;35,8;17,8;16,7;34;32;33;;;;
2024/11/02;1900 UTC;0;985,7;985,7;985,5;;35,9;16,8;36,8;35,8;17,8;16,8;34;32;32;;;;
2024/11/02;2000 UTC;0;986,1;986,1;985,5;;35;16,5;35,9;35;17;16,4;33;32;33;;;;
2024/11/02;2100 UTC;0;987,7;987,7;986,1;;29,4;22,8;35;29,4;22,8;17;68;33;68;;;;
2024/11/02;2200 UTC;0;988,8;988,8;987,7;;27,4;26,7;29,4;27,4;26,7;22,8;96;68;96;;;;
2024/11/02;2300 UTC;0;989,5;989,5;988,7;;26,6;26,6;27,4;26,6;27,2;26,6;100;96;100;;;;
2024/11/03;0000 UTC;0;990,2;990,3;989,5;;26,8;26,9;26,9;26,6;26,9;26,7;100;100;100;;;;
2024/11/03;0100 UTC;0;990,5;990,5;990,2;;26,2;26,2;26,9;26,1;26,9;26,1;100;100;100;;;;
2024/11/03;0200 UTC;0;990,4;990,5;990,4;;25,8;25,8;26,2;25,8;26,2;25,8;100;100;100;;;;
2024/11/03;0300 UTC;0;990,1;990,5;990,1;;25,7;25,7;25,8;25,7;25,8;25,7;100;100;100;;;;
2024/11/03;0400 UTC;0;989,6;990,1;989,6;;25,3;25,3;25,7;25,3;25,7;25,3;100;100;100;;;;
2024/11/03;0500 UTC;0;989,5;989,6;989,4;;24,9;24,9;25,4;24,9;25,4;24,9;100;100;100;;;;
2024/11/03;0600 UTC;0;989,7;989,7;989,5;;24,2;;25;24,2;25;24,3;100;100;;;;;
2024/11/03;0700 UTC;0;989,8;989,8;989,6;;23,3;;24,3;23,3;;;;;;;;;
2024/11/03;0800 UTC;0;990,2;990,2;989,8;;23,1;;23,3;22,8;;;;;;;;;
2024/11/03;0900 UTC;0;990,8;990,8;990,2;;23,8;;23,8;23,1;;;;;;;;;
2024/11/03;1000 UTC;0;991,4;991,4;990,8;;25,3;25,3;25,3;23,8;;;;;100;;;;
2024/11/03;1100 UTC;0;991,6;991,7;991,4;;26,9;23;27;25,3;25,9;22,9;100;79;79;;;;
2024/11/03;1200 UTC;0;991,4;991,7;991,4;;27,9;21,5;29;26,9;23,4;21,4;79;67;68;;;;
2024/11/03;1300 UTC;0;990,9;991,4;990,9;;29,6;20,8;30,5;27,9;21,8;20,2;68;58;59;;;;
2024/11/03;1400 UTC;0;989,7;990,9;989,7;;31,6;20,2;32;29,6;21,1;20;59;50;51;;;;
2024/11/03;1500 UTC;0;988,4;989,7;988,4;;33,3;20;33,5;31,6;20,7;19,4;51;45;46;;;;
2024/11/03;1600 UTC;0;987;988,4;987;;34,2;19,1;35,1;32,5;20,5;18,9;47;40;41;;;;
2024/11/03;1700 UTC;0;985,7;987;985,7;;35,3;18,6;35,5;34,2;19,7;18,6;41;37;37;;;;
2024/11/03;1800 UTC;0;985,1;985,7;985,1;;35,5;18,2;36;34,2;18,8;18;39;35;36;;;;
2024/11/03;1900 UTC;0;985,1;985,2;985,1;;34,7;18,3;35,5;34,7;18,6;17,9;38;36;38;;;;
2024/11/03;2000 UTC;0;985,3;985,3;985;;34,2;18,3;34,9;34,1;18,5;17,9;39;38;39;;;;
2024/11/03;2100 UTC;0;986,9;986,9;985,3;;29,5;23,4;34,2;29,5;23,4;18,1;70;39;70;;;;
2024/11/03;2200 UTC;0;988,4;988,4;986,9;;27,1;27,1;29,5;27,1;27,1;23,5;100;70;100;;;;
2024/11/03;2300 UTC;0;989,3;989,3;988,4;;26,1;26,1;27,1;26,1;27,1;26,1;100;100;100;;;;
2024/11/04;0000 UTC;0;989,7;989,7;989,3;;25,3;25,3;26,1;25,3;26,1;25,3;100;100;100;;;;
2024/11/04;0100 UTC;0;990,1;990,1;989,7;;24,8;;25,3;24,8;;;;;;;;;
2024/11/04;0200 UTC;0;990,2;990,3;990,1;;24,5;;24,9;24,5;;;;;;;;;
2024/11/04;0300 UTC;0;989,9;990,2;989,9;;24,3;;24,5;24,3;;;;;;;;;
2024/11/04;0400 UTC;0;989,4;989,9;989,4;;24;;24,3;23,9;;;;;;;;;
2024/11/04;0500 UTC;0;989,1;989,5;989,1;;23,5;;24;23,4;;;;;;;;;
2024/11/04;0600 UTC;0;989,4;989,4;989,1;;23,5;;23,8;23,3;;;;;;;;;
2024/11/04;0700 UTC;0;990;990;989,4;;23,9;23,9;24,2;23,4;24,2;23,8;100;100;100;;;;
2024/11/04;0800 UTC;0;990,4;990,4;990;;23,5;23,5;24;23,4;24;23,4;100;100;100;;;;
2024/11/04;0900 UTC;0;991,3;991,3;990,4;;24,3;24,3;24,3;22,9;24,3;22,9;100;100;100;;;;
2024/11/04;1000 UTC;0;991,8;991,8;991,3;;25,8;23,4;26;24,3;24,3;23,2;100;86;86;;;;
2024/11/04;1100 UTC;0;992,2;992,2;991,8;;27,9;22;27,9;25,8;23,5;21,6;87;70;70;;;;
2024/11/04;1200 UTC;0;991,7;992,3;991,7;;29,9;21,2;29,9;27,6;22;20,5;70;59;60;;;;
2024/11/04;1300 UTC;0;991,4;991,7;991,3;;31,7;19,8;31,7;29,5;21,3;19,6;60;49;49;;;;
2024/11/04;1400 UTC;0;990,4;991,4;990,4;;32,6;19;33,4;31,5;20,2;18,9;50;44;45;;;;
2024/11/04;1500 UTC;0;989;990,4;988,9;;33,8;19;34,4;32,5;19,7;18,3;46;41;42;;;;
2024/11/04;1600 UTC;0;987,5;989;987,5;;35,5;19,3;35,5;33,7;19,6;18,7;42;38;39;;;;
2024/11/04;1700 UTC;0;986,3;987,5;986,3;;35,6;18,8;36,1;34,8;19,5;18,2;40;37;37;;;;
2024/11/04;1800 UTC;0;985,5;986,3;985,4;;35,8;17,8;36,3;34,8;18,7;17,4;37;34;35;;;;
2024/11/04;1900 UTC;0;985,2;985,5;985,1;;35,4;17,7;35,9;35,3;18,2;17,3;36;34;35;;;;
2024/11/04;2000 UTC;0;985,4;985,4;985,1;;34,2;17,2;35,4;34,2;17,8;17,1;36;35;36;;;;
2024/11/04;2100 UTC;0;986,5;986,5;985,4;;31,8;19,8;34,2;31,8;19,8;17,1;49;36;49;;;;
2024/11/04;2200 UTC;0;987,9;988;986,5;;28,9;22,6;31,8;28,9;22,6;19,9;69;49;69;;;;
2024/11/04;2300 UTC;0;989,3;989,3;987,9;;27,2;24,9;28,9;27,2;24,9;22,6;88;69;88;;;;
2024/11/05;0000 UTC;0;990,2;990,2;989,3;;25,8;25,8;27,2;25,8;26,4;25;100;88;100;;;;
2024/11/05;0100 UTC;0;990,4;990,4;990,2;;25;;25,8;25;;;;;;;;;
2024/11/05;0200 UTC;0;990,2;990,4;990,2;;25;;25,1;25;;;;;;;;;
2024/11/05;0300 UTC;0;989,7;990,2;989,7;;25,4;;25,4;24,9;;;;;;;;;
2024/11/05;0400 UTC;0;989,2;989,7;989,2;;25,5;;25,6;25,4;;;;;;;;;
2024/11/05;0500 UTC;0;989,1;989,2;989,1;;25;;25,5;25;;;;;;;;;
2024/11/05;0600 UTC;0;989,1;989,1;989;;24,5;;25,1;24,4;;;;;;;;;
2024/11/05;0700 UTC;0;989,4;989,4;988,9;;24,4;24,4;24,6;24,2;24,6;24,2;100;100;100;;;;
2024/11/05;0800 UTC;0;989,8;989,8;989,4;;23,5;23,5;24,4;23,5;24,4;23,5;100;100;100;;;;
2024/11/05;0900 UTC;0;990,5;990,5;989,8;;24,7;24,7;24,7;23,3;24,7;23,3;100;100;100;;;;
2024/11/05;1000 UTC;0;991,3;991,3;990,5;;25,9;25,2;26,2;24,7;25,8;24,8;100;94;96;;;;
2024/11/05;1100 UTC;0;991,8;991,8;991,3;;28;23,8;28,2;25,6;25,7;23,8;100;78;78;;;;
2024/11/05;1200 UTC;0;991,7;991,9;991,7;;28,3;22,2;29,2;27,6;23,7;22,2;79;68;69;;;;
2024/11/05;1300 UTC;0;991,4;991,8;991,4;;30,9;21,5;31,3;28,2;22,7;21,1;70;55;57;;;;
2024/11/05;1400 UTC;0;990,4;991,4;990,4;;32,6;20,1;32,9;30,4;21,6;20,1;58;48;48;;;;
2024/11/05;1500 UTC;0;989;990,4;989;;34;19,7;34,2;31,4;20,5;19,4;51;43;43;;;;
2024/11/05;1600 UTC;0;987,7;989;987,7;;35;19,7;35,8;33,4;20,4;19,2;44;39;41;;;;
2024/11/05;1700 UTC;0;986,6;987,7;986,6;;35,3;18,5;36,2;34,4;19,8;18,3;41;37;37;;;;
2024/11/05;1800 UTC;0;985,9;986,7;985,9;;35,6;17,9;36,2;35,3;19,3;17,8;38;34;35;;;;
2024/11/05;1900 UTC;0;985,9;985,9;985,7;;35,5;17,4;36;35,3;18,5;16,9;36;33;34;;;;
2024/11/05;2000 UTC;0;986,2;986,2;985,9;;34,4;16,5;35,5;34,4;17,4;16,5;36;34;34;;;;
2024/11/05;2100 UTC;0;986,7;986,7;986,2;;32,3;16,7;34,4;32,3;16,9;16,4;39;34;39;;;;
2024/11/05;2200 UTC;0;987,7;987,7;986,7;;29,8;23,1;32,3;29,8;23,1;16,6;67;39;67;;;;
2024/11/05;2300 UTC;0;989,3;989,3;987,7;;27,7;25,6;29,8;27,6;25,6;23,1;89;67;89;;;;
2024/11/06;0000 UTC;0;990,2;990,2;989,3;;26,3;26,3;27,7;26,3;26,6;25,6;100;89;100;;;;
2024/11/06;0100 UTC;0;990,5;990,5;990,1;;25,5;25,5;26,3;25,5;26,2;25,5;100;100;100;;;;
2024/11/06;0200 UTC;0;990,3;990,6;990,3;;25,1;;25,5;25;;;;;;;;;
2024/11/06;0300 UTC;0;989,7;990,3;989,6;;24,6;;25,1;24,6;;;;;;;;;
2024/11/06;0400 UTC;0;989,3;989,7;989,3;;24,3;;24,6;24,2;;;;;;;;;
2024/11/06;0500 UTC;0;989;989,3;989;;23,9;;24,3;23,9;;;;;;;;;
2024/11/06;0600 UTC;0;989;989,1;988,9;;23,4;;23,9;23,2;;;;;;;;;
2024/11/06;0700 UTC;0;989,4;989,4;989;;23,1;;23,4;23,1;;;;;;;;;
2024/11/06;0800 UTC;0;989,8;989,8;989,4;48,7;22;;23,1;21,9;;;;;;;;;
2024/11/06;0900 UTC;0;990,4;990,4;989,8;357,4;23,8;;23,8;21,7;;;;;;;;;
2024/11/06;1000 UTC;0;991,3;991,3;990,4;;26,3;22,5;26,3;23,8;24,9;22,5;100;80;80;;;;
2024/11/06;1100 UTC;0;991,6;991,6;991,2;;28,3;20,7;28,7;26,3;22,5;20,5;80;63;64;;;;
2024/11/06;1200 UTC;0;991,5;991,6;991,5;;30,3;20,1;30,7;28,2;21,2;19,9;64;53;54;;;;
2024/11/06;1300 UTC;0;991;991,5;991;;31,7;19,7;32,4;29,8;20,5;19,3;55;48;49;;;;
2024/11/06;1400 UTC;0;989,8;991;989,8;;33,3;19,2;34;31,4;19,9;18,6;50;42;43;;;;
2024/11/06;1500 UTC;0;988,6;989,8;988,6;;34,8;18,4;34,9;32;19,5;18,2;46;38;38;;;;
2024/11/06;1600 UTC;0;987,2;988,6;987,2;;35;17,9;36,8;34,3;18,8;17,5;39;34;36;;;;
2024/11/06;1700 UTC;0;986,2;987,2;986,2;;36,1;17,5;37;34,9;18,5;17,3;37;33;33;;;;
2024/11/06;1800 UTC;0;985,6;986,2;985,6;;36,5;17,1;37;35,6;17,8;16,9;34;31;32;;;;
2024/11/06;1900 UTC;0;985,6;985,7;985,5;;36,2;17,1;36,7;35,9;17,6;16,8;33;32;32;;;;
2024/11/06;2000 UTC;0;985,8;985,9;985,6;;33,5;21,8;36,2;33,5;21,8;16,6;51;32;51;;;;
2024/11/06;2100 UTC;0;987;987;985,8;;29,5;24,5;33,4;29,5;24,5;22,1;74;51;74;;;;
2024/11/06;2200 UTC;0;988,3;988,3;987;;27,8;27,1;29,5;27,8;27,1;24,6;96;74;96;;;;
2024/11/06;2300 UTC;0;989;989;988,3;;26,3;26,3;27,8;26,3;27,5;26,3;100;96;100;;;;
2024/11/07;0000 UTC;0;989,6;989,6;989;;26;26;26,3;25,9;26,3;24,8;100;88;100;;;;
2024/11/07;0100 UTC;0;989,6;989,7;989,5;;25,8;;26;25,8;;;;;;;;;
2024/11/07;0200 UTC;0;989,1;989,6;989,1;;25,6;;25,9;25,6;;;;;;;;;
2024/11/07;0300 UTC;0;988,6;989,1;988,6;;25,6;;25,6;25,3;;;;;;;;;
2024/11/07;0400 UTC;0;988,3;988,6;988,3;;25,8;;25,8;25,6;;;;;;;;;
2024/11/07;0500 UTC;0;988,2;988,4;988,2;;25,4;25,4;25,8;25,4;25,8;25,4;100;100;100;;;;
2024/11/07;0600 UTC;0;988,6;988,6;988,2;;25;25;25,4;24,9;25,4;24,9;100;100;100;;;;
2024/11/07;0700 UTC;0;989,2;989,2;988,6;;24,4;;25;24,4;;;;;;;;;
2024/11/07;0800 UTC;0;989,9;989,9;989,2;;24,5;24,5;24,5;24,4;;;;;100;;;;
2024/11/07;0900 UTC;0;990,5;990,5;989,9;;24,5;24,5;24,6;24,5;24,6;24,5;100;100;100;;;;
2024/11/07;1000 UTC;0;991,3;991,3;990,5;;25;25;25,1;24,5;25,1;24,5;100;100;100;;;;
2024/11/07;1100 UTC;0;991,4;991,5;991,3;;26,6;24,9;26,6;25;26,5;24,8;100;90;91;;;;
2024/11/07;1200 UTC;0;991,1;991,5;991,1;;27,4;23,7;27,5;26,5;24,9;23,5;91;80;80;;;;
2024/11/07;1300 UTC;0;990,8;991,2;990,8;;29,7;22,5;30,6;27,4;23,7;22,5;81;64;65;;;;
2024/11/07;1400 UTC;0;990,3;990,8;990,3;;30,1;22,4;30,8;29,2;23,3;21,9;68;62;63;;;;
2024/11/07;1500 UTC;0;989,4;990,3;989,4;;31,1;22,3;32,2;30;22,9;21,8;64;57;60;;;;
2024/11/07;1600 UTC;0;988,6;989,4;988,5;;33;22,3;33;30,9;22,4;21,5;60;54;54;;;;
2024/11/07;1700 UTC;0;987,6;988,6;987,6;;32,6;21,8;33,1;30,8;22,2;21,2;57;52;53;;;;
2024/11/07;1800 UTC;0;987,1;987,6;987,1;;31,7;21,3;32,6;31,1;21,9;21,2;56;53;54;;;;
2024/11/07;1900 UTC;0;986,8;987,1;986,8;;32,3;21;33,3;31,7;21,8;20,9;55;50;51;;;;
2024/11/07;2000 UTC;0;986,7;986,8;986,6;;31,9;20,6;32,5;31,9;21,1;20,5;51;50;51;;;;
2024/11/07;2100 UTC;0;987,4;987,4;986,7;;30,2;21,4;31,9;30,2;21,4;20,3;59;51;59;;;;
2024/11/07;2200 UTC;0;988,4;988,4;987,4;;28;22,3;30,2;27,9;22,3;21,4;71;59;71;;;;
2024/11/07;2300 UTC;0;989,4;989,4;988,4;;26,5;23,6;27,9;26,5;23,6;22,3;84;71;84;;;;
2024/11/08;0000 UTC;0;989,8;989,8;989,4;;25,5;25,5;26,5;25,5;25,8;23,6;100;84;100;;;;
2024/11/08;0100 UTC;0;989,8;989,9;989,8;;24,7;;25,5;24,7;;;;;;;;;
2024/11/08;0200 UTC;0;989,6;989,8;989,6;;24,6;;24,8;24,5;;;;;;;;;
2024/11/08;0300 UTC;0;989,4;989,6;989,3;;24,5;;24,6;24,5;;;;;;;;;
2024/11/08;0400 UTC;0;989,1;989,4;989;;24,4;;24,6;24,3;;;;;;;;;
2024/11/08;0500 UTC;0;988,8;989,1;988,8;;24,1;;24,4;24,1;;;;;;;;;
2024/11/08;0600 UTC;0;988,7;988,8;988,7;;23,6;;24,1;23,6;;;;;;;;;
2024/11/08;0700 UTC;0;989,5;989,5;988,7;12,7;23,2;;23,6;23,2;;;;;;;;;
2024/11/08;0800 UTC;0;990,3;990,3;989,5;40,1;23,5;;23,5;22,8;;;;;;;;;
2024/11/08;0900 UTC;0;990,8;990,8;990,3;14;24,5;;24,5;23,5;;;;;;;;;
2024/11/08;1000 UTC;0;991,6;991,6;990,8;;25,5;25,5;26;24,5;;;;;100;;;;
2024/11/08;1100 UTC;0;991,8;991,9;991,6;;26,9;26,3;27,5;25,4;27,2;25,4;100;93;97;;;;
2024/11/08;1200 UTC;0;991,7;991,8;991,6;;29,2;23,5;29,5;26,8;26,2;23,4;97;71;71;;;;
2024/11/08;1300 UTC;0;991;991,7;991;;31,6;21,8;31,7;28,6;23,9;21,7;74;56;56;;;;
2024/11/08;1400 UTC;0;990,1;991,1;990,1;;32,4;20,8;33,6;31,6;22,3;20,8;57;49;51;;;;
2024/11/08;1500 UTC;0;989;990,1;989;;34,5;20,2;34,8;32,1;21,3;20,2;52;43;43;;;;
2024/11/08;1600 UTC;0;987,9;989;987,9;;35,6;19,4;36,1;33,7;20,7;19,2;43;39;39;;;;
2024/11/08;1700 UTC;0;986,7;987,9;986,7;;36,9;19,4;37,2;35,2;20,2;18,8;40;36;36;;;;
2024/11/08;1800 UTC;0;986,2;986,8;986,2;;37,1;18,2;37,2;35,8;19,4;17,8;36;33;33;;;;
2024/11/08;1900 UTC;0;986,1;986,2;986;;36;18,6;37,2;35,7;19;17,9;36;33;36;;;;
2024/11/08;2000 UTC;0;986,7;986,7;986,1;;34;20,1;36;34;20,1;18,5;44;36;44;;;;
2024/11/08;2100 UTC;0;987,6;987,6;986,7;;30,7;22;34;30,7;22,1;20,1;60;44;60;;;;
2024/11/08;2200 UTC;0;988,7;988,7;987,6;;29,1;20,9;30,7;29,1;22;20,9;64;60;61;;;;
2024/11/08;2300 UTC;0;989,7;989,7;988,7;;27,9;19,2;29,1;27,9;20,8;19,2;62;59;59;;;;
2024/11/09;0000 UTC;0;990,6;990,7;989,7;;26,1;25,9;28;26,1;25,9;19,3;99;59;99;;;;
2024/11/09;0100 UTC;0;990,7;990,8;990,6;;25,1;;26,1;25,1;;;;;;;;;
2024/11/09;0200 UTC;0;990,5;990,8;990,5;;24,8;;25,1;24,8;;;;;;;;;
2024/11/09;0300 UTC;0;989,9;990,5;989,9;;24,5;;24,8;24,5;;;;;;;;;
2024/11/09;0400 UTC;0;989,3;989,9;989,3;;24,6;;24,6;24,4;;;;;;;;;
2024/11/09;0500 UTC;0;988,8;989,3;988,8;;24,1;;24,6;24,1;;;;;;;;;
2024/11/09;0600 UTC;0;989,1;989,1;988,7;;24,3;;24,4;24,1;;;;;;;;;
2024/11/09;0700 UTC;0;989,7;989,7;989,1;;24,2;;24,6;24,2;;;;;;;;;
2024/11/09;0800 UTC;0;990,5;990,5;989,7;;23,7;;24,2;23,7;;;;;;;;;
2024/11/09;0900 UTC;0;990,9;990,9;990,4;;24,4;;24,4;23,5;;;;;;;;;
2024/11/09;1000 UTC;0;991,2;991,3;990,9;;26,3;25,7;26,3;24,4;;;;;96;;;;
2024/11/09;1100 UTC;0;991,3;991,4;991,2;;28,9;23,1;28,9;26,3;26;22,7;97;71;71;;;;
2024/11/09;1200 UTC;0;990,8;991,3;990,8;;30,1;21,8;30,5;28,1;23;21,7;72;60;61;;;;
2024/11/09;1300 UTC;0;990,1;990,9;990,1;;32;21,6;32,1;29,6;22,3;21;63;54;54;;;;
2024/11/09;1400 UTC;0;989,2;990,2;989,2;;33,8;21,2;33,8;31,6;21,9;20,8;54;48;48;;;;
2024/11/09;1500 UTC;0;988,1;989,2;988,1;;34,3;21,2;35;33;21,7;20,5;49;45;47;;;;
2024/11/09;1600 UTC;0;987,1;988,1;987;;35,9;20,7;36;33,4;21,6;20,7;48;41;41;;;;
2024/11/09;1700 UTC;0;985,9;987,1;985,9;;35,8;20;36,7;34,9;21,1;19,6;43;38;40;;;;
2024/11/09;1800 UTC;0;985,4;985,9;985,4;;36;19,6;36,6;35,3;20,5;18,9;40;37;38;;;;
2024/11/09;1900 UTC;0;985,3;985,4;985,2;;34,7;20,2;36,6;34,7;20,5;18,9;43;37;43;;;;
2024/11/09;2000 UTC;0;985,9;985,9;985,3;;33,5;20;34,7;33,5;20,5;19,9;45;43;45;;;;
2024/11/09;2100 UTC;0;987,1;987,1;985,8;;30,3;23;33,5;30,3;23;20;65;45;65;;;;
2024/11/09;2200 UTC;0;988,5;988,5;987,1;;28,2;23,8;30,3;28,2;23,8;23;77;65;77;;;;
2024/11/09;2300 UTC;0;989,4;989,4;988,5;;26,8;25,1;28,2;26,8;25,1;23,8;90;77;90;;;;
2024/11/10;0000 UTC;0;990;990;989,3;;25,9;25,9;26,8;25,9;26,3;25,1;100;90;100;;;;
2024/11/10;0100 UTC;0;989,9;990,1;989,9;;25,4;;25,9;25,4;;;100;100;;;;;
2024/11/10;0200 UTC;0;989,7;989,9;989,7;;25,1;;25,4;25,1;;;;;;;;;
2024/11/10;0300 UTC;0;989,3;989,7;989,3;;24,9;;25,1;24,8;;;;;;;;;
2024/11/10;0400 UTC;0;988,6;989,3;988,6;;24,5;;24,9;24,5;;;;;;;;;
2024/11/10;0500 UTC;0;988,3;988,6;988,3;;24,3;;24,6;24,3;;;;;;;;;
2024/11/10;0600 UTC;0;988,5;988,5;988,3;;23,6;;24,3;23,6;;;;;;;;;
2024/11/10;0700 UTC;0;988,7;988,7;988,4;;23,8;;23,9;23,5;;;;;;;;;
2024/11/10;0800 UTC;0;989,3;989,3;988,7;;23,7;;23,9;23,4;;;;;;;;;
2024/11/10;0900 UTC;0;990,3;990,3;989,3;;24,4;;24,4;23,6;;;;;;;;;
2024/11/10;1000 UTC;0;990,9;990,9;990,3;;26;26;26,1;24,4;;;;;100;;;;
2024/11/10;1100 UTC;0;991,1;991,2;990,9;;29,2;24,4;29,2;26;26,6;24,2;100;76;76;;;;
2024/11/10;1200 UTC;0;991;991,2;991;;29,5;22,7;29,5;28,4;24;22,2;75;66;67;;;;
2024/11/10;1300 UTC;0;990,3;991,1;990,3;;30,9;22,6;30,9;28,7;23;21,9;68;61;61;;;;
2024/11/10;1400 UTC;0;989,2;990,3;989,1;;32,4;22,2;32,5;30,3;22,5;21,8;61;55;55;;;;
2024/11/10;1500 UTC;0;987,7;989,2;987,7;;33,1;21,4;33,7;31,7;22,3;21,3;56;50;50;;;;
2024/11/10;1600 UTC;0;986,2;987,7;986,2;;34,8;20,4;35,7;32,9;22,1;19,9;51;43;43;;;;
2024/11/10;1700 UTC;0;984,9;986,2;984,9;;35,7;19,4;36,2;34,4;20,6;18,7;43;36;39;;;;
2024/11/10;1800 UTC;0;984;984,9;984;;36,1;19;36,7;35,3;19,7;18,3;39;35;37;;;;
2024/11/10;1900 UTC;0;984;984,1;983,9;;34,4;20,6;36,5;34,1;20,7;18,6;45;36;44;;;;
2024/11/10;2000 UTC;0;984,6;984,6;984;;32;19,8;34,5;32;20,8;19,8;49;44;48;;;;
2024/11/10;2100 UTC;0;985,7;985,7;984,6;;29,9;19,3;32;29,9;19,7;19;53;47;53;;;;
2024/11/10;2200 UTC;0;987;987;985,7;;28;19,7;29,9;28;19,7;19,1;61;53;61;;;;
2024/11/10;2300 UTC;0;987,8;987,8;987;;26,6;24,3;28;26,6;24,3;19,8;87;61;87;;;;
2024/11/11;0000 UTC;0;988,8;988,8;987,8;;25,7;25,7;26,6;25,7;26;24,4;100;87;100;;;;
2024/11/11;0100 UTC;0;989,3;989,3;988,8;;25;25;25,7;25;25,7;25;100;100;100;;;;
2024/11/11;0200 UTC;0;989,4;989,5;989,3;;24,5;;25;24,5;;;;;;;;;
2024/11/11;0300 UTC;0;988,8;989,4;988,8;;24;;24,5;24;;;;;;;;;
2024/11/11;0400 UTC;0;988,3;988,8;988,3;;23,6;;24;23,6;;;;;;;;;
2024/11/11;0500 UTC;0;987,9;988,3;987,9;;23,1;;23,6;23,1;;;;;;;;;
2024/11/11;0600 UTC;0;987,8;987,9;987,6;;23,2;;23,5;23,1;;;;;;;;;
2024/11/11;0700 UTC;0;988,5;988,5;987,8;;23,6;;23,6;23,1;;;;;;;;;
2024/11/11;0800 UTC;0;988,6;988,7;988,5;;23,9;;23,9;23,6;;;;;;;;;
2024/11/11;0900 UTC;0;989,3;989,3;988,6;;24;;24;23,8;;;;;;;;;
2024/11/11;1000 UTC;0;990,2;990,2;989,3;;25,9;25,9;25,9;24;;;;;100;;;;
2024/11/11;1100 UTC;0;990,8;990,8;990,2;;26,8;25,1;27,1;25,9;26,7;25;100;89;90;;;;
2024/11/11;1200 UTC;0;990,9;991;990,7;;28,5;23,5;28,7;26,8;25,2;23;91;73;74;;;;
2024/11/11;1300 UTC;0;990,4;990,9;990,4;;30,6;21,2;31,1;28,1;23,3;21,1;75;57;57;;;;
2024/11/11;1400 UTC;0;989,4;990,4;989,4;;32,7;21,1;32,7;30,2;21,8;20,4;59;51;51;;;;
2024/11/11;1500 UTC;0;988,2;989,5;988,2;;33,1;20,3;33,4;31,6;21,4;20,2;52;47;47;;;;
2024/11/11;1600 UTC;0;987;988,2;987;;34,2;20,6;34,6;32,7;20,9;19,1;48;42;45;;;;
2024/11/11;1700 UTC;0;986,1;987;986,1;;35;20,3;35,1;32,9;20,9;19,9;47;42;42;;;;
2024/11/11;1800 UTC;0;985,6;986,1;985,5;;35;19,5;35,1;33,7;20,2;19,3;44;40;40;;;;
2024/11/11;1900 UTC;0;985,5;985,6;985,5;;34,4;18,7;35,5;34,2;19,6;18,7;41;39;40;;;;
2024/11/11;2000 UTC;0;986,1;986,1;985,5;;33;19,2;34,6;33;19,2;18,3;44;40;44;;;;
2024/11/11;2100 UTC;0;987,2;987,2;986,1;;30,9;20,8;33;30,9;20,8;19;55;44;55;;;;
2024/11/11;2200 UTC;0;988,4;988,4;987,2;;28,3;23,9;30,9;28,3;23,9;20,9;77;55;77;;;;
2024/11/11;2300 UTC;0;989,4;989,4;988,4;;27;25,4;28,3;27;25,4;24;91;77;91;;;;
2024/11/12;0000 UTC;0;990;990;989,4;;26,2;24,1;27;26,2;25,4;23,9;92;85;88;;;;
2024/11/12;0100 UTC;0;990,3;990,3;990;;25;25;26,2;25;25,5;24,2;100;88;100;;;;
2024/11/12;0200 UTC;0;989,9;990,3;989,9;;24,4;;25;24,4;;;;;;;;;
2024/11/12;0300 UTC;0;989,6;989,9;989,5;;24;;24,4;23,8;;;;;;;;;
2024/11/12;0400 UTC;0;989;989,6;989;;24,1;;24,2;24;;;;;;;;;
2024/11/12;0500 UTC;0;988,8;989,1;988,8;;24;;24,3;24;;;;;;;;;
2024/11/12;0600 UTC;0;988,8;988,8;988,7;;23,4;;24,1;23,4;;;;;;;;;
2024/11/12;0700 UTC;0;989,3;989,3;988,8;;23,5;;23,5;23,2;;;;;;;;;
2024/11/12;0800 UTC;0;989,9;989,9;989,3;;23,5;;23,6;23,4;;;;;;;;;
2024/11/12;0900 UTC;0;990,7;990,7;989,9;;24,5;;24,5;23,5;;;;;;;;;
2024/11/12;1000 UTC;0;991,4;991,4;990,7;;26,3;;26,4;24,5;;;;;;;;;
2024/11/12;1100 UTC;0;991,6;991,7;991,4;;27,2;27,2;27,2;26,1;;;;;100;;;;
2024/11/12;1200 UTC;0;991,2;991,6;991,2;;29,9;25,5;29,9;27,2;28;25,4;100;77;77;;;;
2024/11/12;1300 UTC;0;990,6;991,2;990,6;;29,9;23,1;30,7;28,8;25,2;22,9;77;65;67;;;;
2024/11/12;1400 UTC;0;989,7;990,7;989,7;;31,9;22,2;32,9;29,9;23,7;21,5;67;54;57;;;;
2024/11/12;1500 UTC;0;988,4;989,7;988,4;;34,4;22,1;34,4;31,4;22,3;21,4;57;49;49;;;;
2024/11/12;1600 UTC;0;987,3;988,4;987,3;;35,5;20,9;36;33,2;22,2;20,6;50;42;43;;;;
2024/11/12;1700 UTC;0;985,9;987,3;985,9;;35,6;20,9;35,8;34,1;21,3;20,1;46;41;42;;;;
2024/11/12;1800 UTC;0;985,2;985,9;985,1;;34,7;19,3;36,9;34,7;21,1;19,2;42;38;41;;;;
2024/11/12;1900 UTC;0;984,9;985,2;984,9;;35,2;19,2;36,1;34,6;20,1;19,1;41;38;39;;;;
2024/11/12;2000 UTC;0;984,9;984,9;984,8;;34,5;18,2;35,7;34,5;19,7;18;40;37;38;;;;
2024/11/12;2100 UTC;0;985,7;985,7;984,9;;32,2;22,3;34,5;32,2;22,3;18;56;38;56;;;;
2024/11/12;2200 UTC;0;986,8;986,8;985,7;;29,5;23,5;32,2;29,5;23,5;22,4;70;56;70;;;;
2024/11/12;2300 UTC;0;988,3;988,3;986,8;;27,9;24;29,5;27,9;24;23,5;79;70;79;;;;
2024/11/13;0000 UTC;0;989,4;989,4;988,3;;26,6;25,2;27,9;26,6;25,2;23,9;92;79;92;;;;
2024/11/13;0100 UTC;0;989,9;989,9;989,4;;25,6;;26,6;25,6;26,3;25,3;100;92;;;;;
2024/11/13;0200 UTC;0;989,7;989,9;989,7;;25,5;;25,6;25,5;;;;;;;;;
2024/11/13;0300 UTC;0;988,8;989,7;988,8;;25,5;;25,7;25,5;;;;;;;;;
2024/11/13;0400 UTC;0;988,2;988,8;988,2;;25,2;;25,5;25,2;;;;;;;;;
2024/11/13;0500 UTC;0;987,8;988,2;987,8;;25,1;;25,2;25;;;;;;;;;
2024/11/13;0600 UTC;0;987,9;987,9;987,8;;25,1;;25,1;25;;;;;;;;;
2024/11/13;0700 UTC;0;988,4;988,4;987,9;;25,1;;25,4;25;;;;;;;;;
2024/11/13;0800 UTC;0;988,9;988,9;988,4;;25,2;;25,2;24,9;;;;;;;;;
2024/11/13;0900 UTC;2;989,6;989,6;988,9;34,2;23,9;;25,2;23,5;;;;;;;;;
2024/11/13;1000 UTC;0;990,3;990,3;989,6;1356,3;25,1;;25,2;23,9;;;;;;;;;
2024/11/13;1100 UTC;0;990,6;990,6;990,3;;26,8;;26,8;25,1;;;;;;;;;
2024/11/13;1200 UTC;0;990,6;990,7;990,5;;29,5;26,2;29,9;26,7;28,6;26,2;100;81;82;;;;
2024/11/13;1300 UTC;0;990,4;990,6;990,3;3018,9;30;23,8;30,7;29,3;26,4;23,5;83;68;69;;;;
2024/11/13;1400 UTC;0;989,3;990,4;989,3;10,7;33,2;23,2;33,3;30;24,2;22,6;70;56;56;;;;
2024/11/13;1500 UTC;0;988,3;989,4;988,3;;32,4;22,1;33,2;31,8;23,1;21,6;58;53;55;;;;
2024/11/13;1600 UTC;0;987,1;988,3;987,1;;34,7;22,1;34,7;32,4;22,7;21,6;55;48;48;;;;
2024/11/13;1700 UTC;0;986,1;987,1;986,1;;33,6;21,4;35,3;33,5;22,3;21,1;50;45;49;;;;
2024/11/13;1800 UTC;0;985,6;986,2;985,6;;33,4;21,2;34,9;33,4;22,1;21,1;50;46;49;;;;
2024/11/13;1900 UTC;0;985,3;985,6;985,3;;33,2;21,8;34,3;32,9;22;21;52;48;52;;;;
2024/11/13;2000 UTC;0;985,6;985,6;985,2;;31,4;22,2;33,4;31,4;22,2;21,6;58;51;58;;;;
2024/11/13;2100 UTC;0;986,4;986,4;985,6;;29,2;22,5;31,4;29,2;22,6;22,2;67;58;67;;;;
2024/11/13;2200 UTC;0;987,3;987,3;986,4;;28;23;29,2;28;23;21,9;74;67;74;;;;
2024/11/13;2300 UTC;0;988,3;988,3;987,3;;26,3;26,3;28;26,3;26,7;23;100;74;100;;;;
2024/11/14;0000 UTC;0;988,9;988,9;988,3;14,1;25,7;25,7;26,3;25,5;26,3;25,5;100;100;100;;;;
2024/11/14;0100 UTC;0;989,2;989,2;988,9;209,9;25;;25,7;25;;;;;;;;;
2024/11/14;0200 UTC;0;989,2;989,3;989,2;1417;25,2;;25,2;24,9;;;;;;;;;
2024/11/14;0300 UTC;0;988,6;989,2;988,5;1887,6;24,9;;25,2;24,8;;;;;;;;;
2024/11/14;0400 UTC;0;988;988,6;988;2250;24,7;;24,9;24,7;;;;;;;;;
2024/11/14;0500 UTC;0;987,5;988;987,5;1394,2;24,9;;24,9;24,7;;;;;;;;;
2024/11/14;0600 UTC;0;987,5;987,5;987,2;341,4;24,6;;24,9;24,5;;;;;;;;;
2024/11/14;0700 UTC;0;987,9;987,9;987,5;3414,3;23,6;;24,6;23,6;;;;;;;;;
2024/11/14;0800 UTC;0;988,5;988,5;987,9;2496,8;24;;24;23,4;;;;;;;;;
2024/11/14;0900 UTC;0;989,3;989,3;988,5;3089;24;;24;23,4;;;;;;;;;
2024/11/14;1000 UTC;0;990,2;990,3;989,3;500,5;25,6;25,6;25,6;24;;;;;100;;;;
2024/11/14;1100 UTC;0;990,5;990,5;990,2;;27,1;23,7;27,9;25,6;26,5;23,6;100;79;82;;;;
2024/11/14;1200 UTC;0;990,2;990,6;990,2;;29;22,9;29,3;27,1;24,2;21,7;82;66;69;;;;
2024/11/14;1300 UTC;0;989,8;990,3;989,8;;30,9;21,9;30,9;28,3;22,5;21,3;69;59;59;;;;
2024/11/14;1400 UTC;0;988,9;989,8;988,9;;32,8;21,4;32,8;29,6;21,7;20,6;61;50;51;;;;
2024/11/14;1500 UTC;0;987,8;988,9;987,7;;33;20;33,8;31,4;21,2;19,9;53;45;46;;;;
2024/11/14;1600 UTC;0;986,6;987,8;986,6;;34,3;19;34,9;32,9;20,3;18,6;46;40;41;;;;
2024/11/14;1700 UTC;0;985,6;986,6;985,6;;35,2;18,1;35,8;34;19,3;17,7;41;36;36;;;;
2024/11/14;1800 UTC;0;984,9;985,6;984,8;;34,5;17,7;35,9;34,4;18,8;17,5;38;35;37;;;;
2024/11/14;1900 UTC;0;984,9;985;984,8;;34;17,1;34,6;34;18;16,8;38;35;37;;;;
2024/11/14;2000 UTC;0;985,3;985,3;984,9;;33;19,4;34;33;19,4;17,1;45;37;45;;;;
2024/11/14;2100 UTC;0;986,4;986,4;985,3;;30;19,8;32,9;30;20,5;19,4;55;45;55;;;;
2024/11/14;2200 UTC;0;987,8;987,8;986,4;;27,8;20,5;30;27,8;20,5;19,9;65;55;65;;;;
2024/11/14;2300 UTC;0;988,7;988,7;987,8;;26,5;21,9;27,8;26,5;21,9;20,5;76;65;76;;;;
2024/11/15;0000 UTC;0;989,2;989,3;988,7;;25,4;25,4;26,5;25,4;25,6;21,9;100;76;100;;;;
2024/11/15;0100 UTC;0;989,8;989,8;989,2;46;24,8;;25,4;24,8;;;;;;;;;
2024/11/15;0200 UTC;0;989,5;989,8;989,5;1462,9;24,5;;24,8;24,5;;;;;;;;;
2024/11/15;0300 UTC;0;989,3;989,6;989,3;4449,2;24,1;;24,6;24,1;;;;;;;;;
2024/11/15;0400 UTC;0;989;989,3;988,9;1200;24,1;;24,2;24;;;;;;;;;
2024/11/15;0500 UTC;0;988,7;989;988,7;2136,4;23,7;;24,2;23,7;;;;;;;;;
2024/11/15;0600 UTC;0;988,9;988,9;988,6;;23,2;;23,7;23,1;;;;;;;;;
2024/11/15;0700 UTC;0;989,1;989,1;988,9;;22,8;;23,2;22,6;;;;;;;;;
2024/11/15;0800 UTC;0;989,6;989,6;989;;21,9;;22,8;21,9;;;;;;;;;
2024/11/15;0900 UTC;0;990;990;989,6;348,9;23,5;;23,5;21,9;;;;;;;;;
2024/11/15;1000 UTC;0;991;991;990;3,7;26;26;26;23,5;;;;;100;;;;
2024/11/15;1100 UTC;0;991,4;991,4;991;;27,5;23,6;27,6;25,9;26,3;23,4;100;79;79;;;;
2024/11/15;1200 UTC;0;991,3;991,5;991,2;;29,7;21,8;29,9;27,4;23,8;21,7;80;62;63;;;;
2024/11/15;1300 UTC;0;991;991,3;991;;31;21;31,8;28,5;22,1;20,4;65;53;56;;;;
2024/11/15;1400 UTC;0;990,2;991,1;990,1;;33;18,9;33,2;30,9;21,2;18,9;55;43;43;;;;
2024/11/15;1500 UTC;0;988,9;990,2;988,9;;34,4;19;34,7;32,6;20,3;18,5;46;40;40;;;;
2024/11/15;1600 UTC;0;987,7;988,9;987,7;;35,2;18;35,5;33,4;19,3;17,5;42;35;36;;;;
2024/11/15;1700 UTC;0;986,6;987,7;986,6;;35,3;18,2;35,9;34,7;18,4;17,3;37;34;37;;;;
2024/11/15;1800 UTC;0;986,1;986,6;986,1;;36;17,8;36,6;34,8;18,3;17,2;36;33;34;;;;
2024/11/15;1900 UTC;0;985,6;986,1;985,5;;35,8;17,2;36,6;35,5;18;16,9;35;33;33;;;;
2024/11/15;2000 UTC;0;985,8;985,8;985,6;;34,3;17,1;35,8;34,3;17,5;16,7;36;33;36;;;;
2024/11/15;2100 UTC;0;986,5;986,5;985,8;;32,9;19,2;34,3;32,9;19,2;16,6;44;36;44;;;;
2024/11/15;2200 UTC;0;987,9;987,9;986,5;;30,3;19,3;32,9;30,3;19,8;19,2;52;44;52;;;;
2024/11/15;2300 UTC;0;988,8;988,8;987,9;;28,2;22,3;30,3;28,2;22,3;19,3;70;52;70;;;;
2024/11/16;0000 UTC;0;989,4;989,4;988,8;;26,5;26,4;28,2;26,5;26,4;22,3;99;70;99;;;;
2024/11/16;0100 UTC;0;989,5;989,5;989,3;;25,7;25,7;26,5;25,7;26,5;25,7;100;99;100;;;;
2024/11/16;0200 UTC;0;989,5;989,6;989,5;15,2;25,2;;25,7;25,2;;;;;;;;;
2024/11/16;0300 UTC;0;988,8;989,5;988,8;267,7;24,7;;25,2;24,7;;;;;;;;;
2024/11/16;0400 UTC;0;988,4;988,8;988,4;2380,7;24,4;;24,7;24,3;;;;;;;;;
2024/11/16;0500 UTC;0;987,8;988,4;987,8;3285,9;23,9;;24,4;23,9;;;;;;;;;
2024/11/16;0600 UTC;0;988;988;987,7;;23,4;;23,9;23,4;;;;;;;;;
2024/11/16;0700 UTC;0;988,6;988,7;988;;23,1;;23,5;23,1;;;;;;;;;
2024/11/16;0800 UTC;0;989,2;989,2;988,6;;22,5;;23,1;22,2;;;;;;;;;
2024/11/16;0900 UTC;0;989,7;989,7;989,2;2490,9;24,5;24,5;24,6;22,5;;;;;100;;;;
2024/11/16;1000 UTC;0;990,5;990,5;989,7;;26,3;25,2;26,3;24,5;25,8;24,5;100;93;93;;;;
2024/11/16;1100 UTC;0;990,5;990,7;990,5;;28;22,6;28,2;26,3;24,8;22,5;93;72;73;;;;
2024/11/16;1200 UTC;0;990,4;990,7;990,4;;30,4;20,9;30,6;28;22,7;20,6;73;57;57;;;;
2024/11/16;1300 UTC;0;990,2;990,4;990,2;;32,4;20;32,7;29,8;21,5;19,9;59;48;48;;;;
2024/11/16;1400 UTC;0;989,2;990,2;989,2;;34;19,4;34;31,2;20,4;19;50;42;42;;;;
2024/11/16;1500 UTC;0;988,2;989,2;988,1;;35,5;18,8;35,5;33,3;19,6;18,2;43;38;38;;;;
2024/11/16;1600 UTC;0;986,9;988,2;986,9;;35,4;17,5;36,1;34,6;19;17,5;38;35;35;;;;
2024/11/16;1700 UTC;0;986;986,9;986;;36,3;16,4;37;35,1;17,9;16;36;30;31;;;;
2024/11/16;1800 UTC;0;985,4;986;985,3;;36,4;15,6;36,8;35,9;17,3;15,4;32;29;29;;;;
2024/11/16;1900 UTC;0;985,4;985,4;985,2;;36;15;37;35,8;16,3;14,6;30;27;29;;;;
2024/11/16;2000 UTC;0;985,7;985,7;985,4;;34,7;14;36;34,7;15,1;13,5;30;26;29;;;;
2024/11/16;2100 UTC;0;987;987;985,7;;31,5;19;34,7;31,5;19;14;48;29;48;;;;
2024/11/16;2200 UTC;0;988,2;988,2;987;;29,3;20,3;31,5;29,3;20,3;19;59;48;59;;;;
2024/11/16;2300 UTC;0;989,2;989,2;988,2;;27,6;22,6;29,3;27,6;22,6;20,5;74;59;74;;;;
2024/11/17;0000 UTC;0;989,7;989,7;989,3;;26,5;24,5;27,6;26,5;24,6;22,6;89;74;89;;;;
2024/11/17;0100 UTC;0;989,7;989,8;989,7;,3;25,5;;26,5;25,5;26,1;24,5;100;89;;;;;
2024/11/17;0200 UTC;0;989,8;989,8;989,7;29,9;25;;25,5;25;;;;;;;;;
2024/11/17;0300 UTC;0;989,3;989,8;989,2;1629,8;24,5;;25;24,5;;;;;;;;;
2024/11/17;0400 UTC;0;989;989,3;989;5128,2;24,5;;24,5;24,3;;;;;;;;;
2024/11/17;0500 UTC;0;988,7;989;988,7;5647,6;24,3;;24,5;24,2;;;;;;;;;
2024/11/17;0600 UTC;0;988,7;988,8;988,7;360;24;;24,3;23,9;;;;;;;;;
2024/11/17;0700 UTC;0;989,3;989,3;988,7;;23,7;;24;23,7;;;;;;;;;
2024/11/17;0800 UTC;0;989,5;989,5;989,3;;22,5;;23,8;22,5;;;;;;;;;
2024/11/17;0900 UTC;0;989,7;989,7;989,4;405,5;23,8;;23,9;22,2;;;;;;;;;
2024/11/17;1000 UTC;0;990,4;990,4;989,7;3,2;26;25,9;26,3;23,8;;;;;100;;;;
2024/11/17;1100 UTC;0;990,8;990,8;990,4;;28,4;24,2;28,4;25,9;26,2;23,5;100;78;78;;;;
2024/11/17;1200 UTC;0;990,6;990,9;990,6;193,5;30,2;22,1;30,3;27,9;24;22,1;79;62;62;;;;
2024/11/17;1300 UTC;0;990,2;990,6;990,2;123,5;31,6;20,7;32,2;29,7;22,4;20,7;63;52;53;;;;
2024/11/17;1400 UTC;0;989,2;990,2;989,2;;33,1;20,1;33,6;31,2;21,1;19,9;53;46;47;;;;
2024/11/17;1500 UTC;0;988,1;989,3;988,1;;34,3;19,5;34,9;32,1;20,8;19,5;49;41;42;;;;
2024/11/17;1600 UTC;0;986,9;988,1;986,9;;35,2;19,8;35,8;33;20,7;19,4;45;40;40;;;;
2024/11/17;1700 UTC;0;985,8;986,9;985,8;;36,5;19,4;36,5;34,6;20,1;18,8;42;37;37;;;;
2024/11/17;1800 UTC;0;985,1;985,8;985,1;;35,2;18,4;37,1;34,7;19,8;18;38;35;37;;;;
2024/11/17;1900 UTC;0;984,9;985,1;984,8;;35,8;17,9;36,2;34,8;18,6;17,5;38;34;35;;;;
2024/11/17;2000 UTC;0;985,1;985,1;984,8;;34,5;17,2;35,8;34,5;18,1;17,1;36;34;36;;;;
2024/11/17;2100 UTC;0;985,6;985,6;985,1;;32,6;17,1;34,5;32,6;17,5;17,1;40;36;40;;;;
2024/11/17;2200 UTC;0;987;987;985,6;;29,1;26,4;32,6;29,1;26,4;16,9;85;40;85;;;;
2024/11/17;2300 UTC;0;988,2;988,2;987;;27,2;27,2;29,1;27,2;28,2;26,5;100;85;100;;;;
2024/11/18;0000 UTC;0;988,9;988,9;988,2;16,2;26,1;;27,2;26,1;;;;;;;;;
2024/11/18;0100 UTC;0;989,3;989,3;988,9;26,8;25,9;;26,1;25,7;;;;;;;;;
2024/11/18;0200 UTC;0;989,1;989,4;989;48,5;25,6;;25,9;25,6;;;;;;;;;
2024/11/18;0300 UTC;0;988,8;989,1;988,7;326,7;25,5;;25,7;25,5;;;;;;;;;
2024/11/18;0400 UTC;0;988,4;988,8;988,4;901,9;25;;25,5;25;;;;;;;;;
2024/11/18;0500 UTC;0;988,2;988,4;988,2;2208,1;24,8;;25;24,8;;;;;;;;;
2024/11/18;0600 UTC;0;988,4;988,4;988,2;4384,3;24,4;;24,8;24,4;;;;;;;;;
2024/11/18;0700 UTC;0;988,9;988,9;988,4;4064,6;24,7;;24,8;24,3;;;;;;;;;
2024/11/18;0800 UTC;0;989,4;989,4;988,9;1187,8;24,8;;24,8;24,7;;;;;;;;;
2024/11/18;0900 UTC;0;989,8;989,8;989,4;233,8;24,8;;24,9;24,7;;;;;;;;;
2024/11/18;1000 UTC;0;990,6;990,6;989,8;14,2;25,3;;25,3;24,7;;;;;;;;;
2024/11/18;1100 UTC;0;990,9;991;990,6;17,3;26,8;26,8;26,8;25,2;;;;;100;;;;
2024/11/18;1200 UTC;0;990,9;991;990,8;;27,7;26;27,9;26,8;27,4;25,6;100;88;90;;;;
2024/11/18;1300 UTC;0;990,6;990,9;990,6;;29,7;24,2;29,7;27,6;26,1;23,7;91;72;72;;;;
2024/11/18;1400 UTC;0;990;990,6;990;44,8;30,6;22,6;32,3;29,2;24,6;22,5;74;59;62;;;;
2024/11/18;1500 UTC;0;988,9;990,1;988,9;;32,2;22,2;33,3;30,5;23,3;21,9;63;54;56;;;;
2024/11/18;1600 UTC;0;987,7;988,9;987,7;80,4;34,2;21,9;34,7;31,6;22,5;21,2;56;48;49;;;;
2024/11/18;1700 UTC;0;986,8;987,7;986,8;87,7;35,1;21,8;35,1;33;22,1;21,2;51;46;46;;;;
2024/11/18;1800 UTC;0;985,9;986,8;985,9;;34,5;21,1;35,4;33,5;21,8;20,7;48;45;46;;;;
2024/11/18;1900 UTC;0;985,6;986;985,6;;34,4;21;35,1;34,1;21,5;20,7;47;45;46;;;;
2024/11/18;2000 UTC;0;985,8;985,8;985,6;;33,5;20,3;34,5;33,5;21;20,3;47;45;46;;;;
2024/11/18;2100 UTC;0;986;986;985,8;;32,6;20;33,5;32,5;20,3;19,9;48;46;48;;;;
2024/11/18;2200 UTC;0;987;987;986;;29,3;23,3;32,7;29,3;23,3;19,9;70;47;70;;;;
2024/11/18;2300 UTC;0;988,1;988,1;987;;27,8;23,9;29,3;27,8;24;23,4;79;70;79;;;;
2024/11/19;0000 UTC;0;988,8;988,8;988,1;;26,6;26,6;27,8;26,6;26,6;23,9;100;79;100;;;;
2024/11/19;0100 UTC;0;988,9;988,9;988,8;10,1;25,5;;26,6;25,5;;;;;;;;;
2024/11/19;0200 UTC;0;989;989;988,8;416,7;25;;25,5;25;;;;;;;;;
2024/11/19;0300 UTC;0;988,7;989;988,7;2348,8;24,7;;25;24,7;;;;;;;;;
2024/11/19;0400 UTC;0;988,4;988,7;988,4;3965,3;24,8;;24,8;24,6;;;;;;;;;
2024/11/19;0500 UTC;0;988,1;988,5;988,1;2716,1;24,8;;24,9;24,7;;;;;;;;;
2024/11/19;0600 UTC;;;;;;;;;;;;;;;;;;
2024/11/19;0700 UTC;;;;;;;;;;;;;;;;;;
2024/11/19;0800 UTC;;;;;;;;;;;;;;;;;;
2024/11/19;0900 UTC;;;;;;;;;;;;;;;;;;
2024/11/19;1000 UTC;0;990,8;990,8;990,2;8;26,1;;26,1;24,6;;;;;;79;;3,8;
2024/11/19;1100 UTC;0;991,7;991,7;990,9;7,8;26,9;26,9;26,9;25,8;;;;;100;91;7,9;4;
2024/11/19;1200 UTC;0;991,9;991,9;991,6;;28,5;25;29,2;26,9;27,5;24,9;100;79;81;78;7,8;3,4;
2024/11/19;1300 UTC;0;991,7;991,9;991,7;;30,6;23,6;30,7;28,4;25,2;23,3;82;66;66;81;9;3,1;
2024/11/19;1400 UTC;0;991,1;991,8;991,1;;31,4;22,7;31,5;29,6;23,7;22,3;69;60;60;90;7,1;3,8;
2024/11/19;1500 UTC;0;989,9;991,1;989,9;;34,7;22,2;34,7;31,3;23,5;21,7;62;49;49;94;7,1;2,9;
2024/11/19;1600 UTC;0;988,6;989,9;988,6;;35,2;21,7;35,2;33,1;22,1;21,2;51;45;46;114;7,7;3;
2024/11/19;1700 UTC;0;987,6;988,6;987,6;;35,6;20,8;36,1;33,4;21,6;20,4;48;42;42;76;8,4;4;
2024/11/19;1800 UTC;0;986,7;987,6;986,7;;35,9;20,5;36,1;34,4;20,8;19,6;43;39;41;68;8,6;3,8;
2024/11/19;1900 UTC;0;986,4;986,8;986,4;;35,1;20,2;36,2;34,6;20,5;19,5;42;39;42;83;8,6;3,7;
2024/11/19;2000 UTC;0;986,8;986,8;986,4;;33,6;20,1;35,1;33,6;20,4;19,7;45;41;45;81;8,4;3,1;
2024/11/19;2100 UTC;0;987,3;987,3;986,8;;32,1;20,5;33,6;32,1;20,6;20;50;45;50;58;7,1;2,7;
2024/11/19;2200 UTC;0;988,2;988,2;987,3;;29,7;20,6;32,1;29,7;20,6;19,9;58;50;58;49;8,1;2,9;
2024/11/19;2300 UTC;0;989,7;989,7;988,3;;28,4;21,7;29,7;28,4;21,7;20,6;67;58;67;53;7,2;2,3;
2024/11/20;0000 UTC;0;990,7;990,7;989,7;;26,8;26,5;28,4;26,8;26,5;21,8;98;67;98;42;7,6;2,4;
2024/11/20;0100 UTC;0;991,2;991,2;990,7;9,6;25,6;;26,8;25,6;;;;;;49;9,1;2,4;
2024/11/20;0200 UTC;0;990,9;991,3;990,9;33,5;25,7;;25,8;25,6;;;;;;53;7,6;2,8;
2024/11/20;0300 UTC;0;990,4;990,9;990,4;112,1;25,3;;25,7;25,3;;;;;;56;7,4;2,2;
2024/11/20;0400 UTC;0;989,9;990,4;989,8;423,8;25,1;;25,3;25,1;;;;;;49;5,7;2,3;
2024/11/20;0500 UTC;0;989,6;989,9;989,5;693,3;24,8;;25,1;24,8;;;;;;73;5,7;3,1;
2024/11/20;0600 UTC;0;989,5;989,6;989,5;1303,4;24,8;;24,8;24,7;;;;;;73;5,7;2,5;
2024/11/20;0700 UTC;0;989,6;989,6;989,3;1085,8;24,9;;25;24,8;;;;;;69;6;2,6;
2024/11/20;0800 UTC;0;989,9;989,9;989,6;990,4;24,9;;24,9;24,8;;;;;;72;6,2;2,6;
2024/11/20;0900 UTC;0;990,7;990,7;989,9;2363,4;24,7;;24,9;24,4;;;;;;90;6;2,3;
2024/11/20;1000 UTC;0;991,7;991,7;990,7;381,5;26,1;26,1;26,3;24,7;;;;;100;93;9,1;4,6;
2024/11/20;1100 UTC;0;992,1;992,1;991,7;;28,2;24,9;28,3;25,9;27,4;24,6;100;82;82;89;9,8;4,8;
2024/11/20;1200 UTC;0;992;992,1;991,9;;29,5;23;30,1;27,9;24,9;22,9;83;67;68;91;9,6;4,3;
2024/11/20;1300 UTC;0;991,7;992,1;991,7;;31,6;21,8;31,6;29,2;23,3;21,8;68;56;56;79;11;4,2;
2024/11/20;1400 UTC;0;990,8;991,7;990,8;;32,6;21,1;33;30,5;22,2;21,1;60;51;51;88;8,5;3,6;
2024/11/20;1500 UTC;0;989,7;990,8;989,7;;34,2;20,2;34,3;32,1;21,4;19,9;52;44;44;90;9,3;3;
2024/11/20;1600 UTC;0;988,6;989,7;988,6;;35,4;19,8;35,8;33,8;20,4;19,3;45;38;40;107;9,4;3,6;
2024/11/20;1700 UTC;0;987,8;988,6;987,8;;36,1;20,2;36,4;34,9;20,4;19,5;42;38;40;88;8,2;2,9;
2024/11/20;1800 UTC;0;987,3;987,8;987,2;;34,8;19,4;36,7;34,8;20,5;19,4;41;38;40;108;8,1;3,8;
2024/11/20;1900 UTC;0;987,3;987,3;987,2;;35,7;19,6;36,3;34,6;20,3;19,4;41;39;39;87;7,5;2,4;
2024/11/20;2000 UTC;0;987,5;987,5;987,3;;34,2;19,8;35,7;34,2;19,9;19,1;43;39;43;56;7,1;3,2;
2024/11/20;2100 UTC;0;988,3;988,3;987,5;;31,2;20,3;34,1;31,2;20,4;19,7;52;43;52;52;7,9;3,1;
2024/11/20;2200 UTC;0;989,4;989,4;988,3;;28,8;22,2;31,2;28,8;22,2;20,3;67;52;67;48;7,8;2,7;
2024/11/20;2300 UTC;0;990,6;990,6;989,4;;27,2;24,8;28,8;27,2;24,8;22,3;87;67;87;49;8,7;3,4;
2024/11/21;0000 UTC;0;991,2;991,2;990,6;;26;26;27,2;26;26,7;24,7;100;86;100;57;8,7;2,7;
2024/11/21;0100 UTC;0;991,4;991,4;991,2;16,7;25,5;;26;25,5;;;;;;57;7;3,1;
2024/11/21;0200 UTC;0;991,4;991,5;991,3;40,5;25,7;;25,7;25,5;;;;;;57;8,6;3,4;
2024/11/21;0300 UTC;0;990,9;991,5;990,9;24,6;25,5;;25,7;25,5;;;;;;53;7,2;2,4;
2024/11/21;0400 UTC;0;990,1;990,9;990,1;2,9;25,4;;25,6;25,3;;;;;;56;7,3;2,4;
2024/11/21;0500 UTC;0;989,7;990,1;989,7;129,7;25,1;;25,5;25,1;;;;;;55;6,1;2,2;
2024/11/21;0600 UTC;0;989,7;989,8;989,7;103,3;25,2;;25,3;25,1;;;;;;58;4,9;2,1;
2024/11/21;0700 UTC;0;990,4;990,4;989,7;7,8;25,2;;25,3;25,1;;;;;;74;5,4;2,2;
2024/11/21;0800 UTC;;;;;;;;;;;;;;;;;;
2024/11/21;0900 UTC;;;;;;;;;;;;;;;;;;
2024/11/21;1000 UTC;0;992;992;991,7;494,5;26,2;;26,4;24;;;;;;92;;3,1;
2024/11/21;1100 UTC;0;992,1;992,2;991,9;;26,8;26,8;27,2;26,1;;;;;100;69;6,8;3,3;
2024/11/21;1200 UTC;0;992,2;992,3;992,1;;29,7;24,6;29,8;26,7;27,2;24,1;100;74;74;76;7,5;3,8;
2024/11/21;1300 UTC;0;991,7;992,2;991,7;;31,2;22,2;31,4;28,6;24,3;22;76;59;59;92;8,4;3,9;
2024/11/21;1400 UTC;0;990,8;991,8;990,8;;31,9;20,7;33,3;30,9;22,9;20,5;59;49;52;79;8,9;3,8;
2024/11/21;1500 UTC;0;989,7;990,8;989,7;;33,5;20,6;34,1;31,8;21,3;20,2;53;47;47;87;8,7;2,8;
2024/11/21;1600 UTC;0;988,4;989,7;988,3;;34,1;19,7;35,8;33,6;20,9;19,6;47;41;43;53;7;3,3;
2024/11/21;1700 UTC;0;987,3;988,4;987,3;;35,8;19,7;36,2;33,9;20,2;18,9;43;38;39;77;7,3;3,3;
2024/11/21;1800 UTC;0;986,6;987,3;986,6;;36,1;19,4;36,2;35,2;20;19,1;40;37;38;82;7,3;3,1;
2024/11/21;1900 UTC;0;986,5;986,6;986,4;;35,6;19,7;36,3;35,4;19,7;19;39;37;39;77;7;2,8;
2024/11/21;2000 UTC;0;987,1;987,1;986,5;;33,6;19,5;35,8;33,6;19,7;18,9;44;38;43;60;7,1;3,2;
2024/11/21;2100 UTC;0;988,1;988,1;987,1;;30,6;21,3;33,6;30,6;21,3;19,2;58;43;58;54;9,9;2,7;
2024/11/21;2200 UTC;0;988,9;988,9;988,1;;28,7;21,3;30,6;28,7;21,6;21,2;64;58;64;53;7,3;3;
2024/11/21;2300 UTC;0;990;990;988,9;;27,3;22,9;28,7;27,3;23,2;21,3;78;64;77;57;7,4;2,3;
2024/11/22;0000 UTC;0;990,4;990,4;990;;26,2;22,1;27,4;26,2;22,9;21,5;78;72;78;47;6,7;2,5;
2024/11/22;0100 UTC;0;990,8;990,8;990,4;;25,3;25,3;26,2;25,3;25,5;22,1;100;78;100;48;5,8;2,2;
2024/11/22;0200 UTC;0;990,7;990,9;990,7;;25,1;;25,4;25,1;;;;;;53;5,9;2,3;
2024/11/22;0300 UTC;0;990,3;990,7;990,3;15,2;25;;25,1;24,9;;;;;;44;5,4;1,8;
2024/11/22;0400 UTC;0;990;990,3;989,9;15,9;25;;25;24,9;;;;;;59;5,4;2,1;
2024/11/22;0500 UTC;0;989,7;990;989,7;8,8;25,3;;25,3;25;;;;;;55;6,3;2,6;
2024/11/22;0600 UTC;;;;;;;;;;;;;;;;;;
2024/11/22;0700 UTC;;;;;;;;;;;;;;;;;;
2024/11/22;0800 UTC;;;;;;;;;;;;;;;;;;
2024/11/22;0900 UTC;;;;;;;;;;;;;;;;;;
2024/11/22;1000 UTC;0;991,3;991,3;990,9;56,3;27,2;;27,5;25,6;;;;;;87;;3,5;
2024/11/22;1100 UTC;0;991,7;991,7;991,3;;29,1;26,5;29,1;26,9;28,5;26,5;100;86;86;76;8,7;4;
2024/11/22;1200 UTC;0;991,7;991,8;991,4;;29,9;24;31,3;28,7;26,8;22,8;86;64;70;76;8;3;
2024/11/22;1300 UTC;0;991,1;991,7;991,1;;32,3;22,7;32,4;29,8;24,3;22,6;71;57;57;95;7,9;3,2;
2024/11/22;1400 UTC;0;990,2;991,1;990,1;;33,4;21,6;33,6;32;22,8;21,2;57;50;50;47;9,5;3;
2024/11/22;1500 UTC;0;989,3;990,2;989,3;;35;21,3;35,2;32,9;22;20,6;51;45;45;87;8;3,2;
2024/11/22;1600 UTC;0;988,1;989,3;988;;35,5;20,2;35,8;33,9;21,4;19,3;46;40;41;91;7,1;2,3;
2024/11/22;1700 UTC;0;986,8;988,1;986,8;;36,5;20;37;35,3;20,7;19,6;42;38;38;63;7,3;3,2;
2024/11/22;1800 UTC;0;985,8;986,8;985,8;;35,7;19,7;37;35,3;20,4;19,2;39;36;39;26;7,9;2,8;
2024/11/22;1900 UTC;0;985,7;985,8;985,7;;35,5;19,4;36,6;35,3;20;19,1;39;37;39;56;8;2,4;
2024/11/22;2000 UTC;0;986,2;986,2;985,7;;33,6;19,7;35,5;33,6;19,8;19,3;44;39;44;50;8,4;3,3;
2024/11/22;2100 UTC;0;987,2;987,2;986,2;;31,3;20,6;33,6;31,3;20,6;19,8;53;44;53;57;7,7;3,3;
2024/11/22;2200 UTC;0;988,4;988,4;987,2;;29,1;21,8;31,3;29,1;21,8;20,6;65;53;65;65;8,1;3,3;
2024/11/22;2300 UTC;0;989,6;989,6;988,4;;27,2;23,5;29,1;27,2;23,5;21,8;80;65;80;51;7,8;2,1;
2024/11/23;0000 UTC;0;990,1;990,1;989,6;;25,9;25,9;27,2;25,9;25,9;23,5;100;80;100;58;6,8;2,5;
2024/11/23;0100 UTC;0;990,2;990,2;990,1;;25,2;23,7;25,9;25,2;25,9;23,7;100;91;91;58;6,4;2;
2024/11/23;0200 UTC;0;990,2;990,2;990,1;9,6;25;;25,2;24,8;;;;;;51;4,9;1,4;
2024/11/23;0300 UTC;0;990;990,3;990;15,2;25;;25,1;24,9;;;;;;51;5,6;2,6;
2024/11/23;0400 UTC;0;989,4;990;989,4;60,7;25;;25;24,7;;;;;;41;5,6;1,6;
2024/11/23;0500 UTC;0;989,2;989,4;989,1;760,6;24,3;;25;24,3;;;;;;49;3,8;1,2;
2024/11/23;0600 UTC;;;;;;;;;;;;;;;;;;
2024/11/23;0700 UTC;;;;;;;;;;;;;;;;;;
2024/11/23;0800 UTC;;;;;;;;;;;;;;;;;;
2024/11/23;0900 UTC;;;;;;;;;;;;;;;;;;
2024/11/23;1000 UTC;0;990,9;;;104,3;25,7;;;;;;;;;39;;1,5;
2024/11/23;1100 UTC;0;991;991;990,9;17,9;26,6;;27;25,7;;;;;;35;7,1;2,7;
2024/11/23;1200 UTC;0;991,2;991,3;991;;28,7;26,4;29;26,6;28,3;26,1;100;86;88;49;7,1;2,2;
2024/11/23;1300 UTC;0;990,8;991,2;990,8;183,3;31,6;24,3;31,8;28,7;26,5;23,4;88;65;66;42;5,3;2,2;
2024/11/23;1400 UTC;0;989,7;990,8;989,7;1836,7;33,8;23;34,3;30;24,5;22,2;71;53;53;102;5,6;2,2;
2024/11/23;1500 UTC;0;988,6;989,7;988,6;;34,2;22,3;34,5;32,7;22,9;21,9;55;50;50;160;7,2;2,2;
2024/11/23;1600 UTC;0;987,4;988,6;987,4;;35,2;21,2;35,5;33,2;22,3;21,2;51;44;44;93;7,2;2,8;
2024/11/23;1700 UTC;0;986,2;987,4;986,2;;36,4;21,2;36,8;34,6;21,5;20,3;45;40;42;73;6,1;1,3;
2024/11/23;1800 UTC;0;985,5;986,2;985,5;;36,4;19,8;37,2;35,1;21,1;19,8;43;38;38;84;5;1,9;
2024/11/23;1900 UTC;0;985,4;985,6;985,4;;35,2;19,8;37,3;35,1;20,6;19;41;37;41;45;5,9;1,3;
2024/11/23;2000 UTC;0;985,9;985,9;985,4;;34;21,2;35,9;34;21,2;19,4;47;39;47;42;8,1;3,3;
2024/11/23;2100 UTC;0;987,1;987,1;985,9;;31,3;22,5;34;31,3;22,5;21,1;60;47;60;59;9,1;3,6;
2024/11/23;2200 UTC;0;988,3;988,3;987,1;;29,3;23,4;31,3;29,3;23,4;22,6;70;60;70;50;9,1;2,2;
2024/11/23;2300 UTC;0;989,6;989,6;988,3;;27,4;26,6;29,3;27,4;26,7;23,4;96;70;96;51;7,3;2,6;
2024/11/24;0000 UTC;0;990,1;990,1;989,6;;26,4;26,4;27,4;26,4;27,1;26,4;100;96;100;52;7,1;2,7;
2024/11/24;0100 UTC;0;990,3;990,3;990,1;1,2;25,4;;26,4;25,4;;;100;100;;49;6;1,3;
2024/11/24;0200 UTC;0;990,5;990,5;990,2;84,7;25,2;;25,4;25,1;;;;;;51;5,2;2,1;
2024/11/24;0300 UTC;0;990;990,5;990;583;25;;25,3;25;;;;;;48;6,5;2,2;
2024/11/24;0400 UTC;;;;;;;;;;;;;;;;;;
2024/11/24;0500 UTC;;;;;;;;;;;;;;;;;;
2024/11/24;0600 UTC;;;;;;;;;;;;;;;;;;
2024/11/24;0700 UTC;;;;;;;;;;;;;;;;;;
2024/11/24;0800 UTC;;;;;;;;;;;;;;;;;;
2024/11/24;0900 UTC;;;;;;;;;;;;;;;;;;
2024/11/24;1000 UTC;;;;;;;;;;;;;;;;;;
2024/11/24;1100 UTC;0;992,2;992,4;992,1;45,8;28,1;28,1;28,2;25,7;;;;;100;103;6,1;3,3;
2024/11/24;1200 UTC;0;992,3;992,3;992,1;;29,2;26,5;29,8;27,5;28,8;25,7;100;83;86;89;6,4;2,8;
2024/11/24;1300 UTC;0;991,5;992,3;991,5;53,3;30,5;24,8;31,6;28,7;27,2;24,7;87;68;72;86;7,1;3,2;
2024/11/24;1400 UTC;0;990,8;991,5;990,8;;32,8;23,5;32,8;30,1;25,4;23;74;58;58;136;7,7;2,8;
2024/11/24;1500 UTC;0;989,9;990,8;989,9;;32,4;22,5;33,6;31,6;23,2;22,1;58;52;56;90;5,6;2,3;
2024/11/24;1600 UTC;0;988,8;989,9;988,8;;33;22,1;33,4;32,4;22,8;21,8;56;52;53;102;5,2;1,8;
2024/11/24;1700 UTC;0;988,1;988,8;988,1;;34,3;22;35,2;32,7;22,5;21,5;53;47;49;71;5,6;2,7;
2024/11/24;1800 UTC;0;987,5;988,1;987,5;;34,3;21,6;35,1;33,1;22,3;21,6;51;47;48;85;6,3;3,1;
2024/11/24;1900 UTC;0;987,2;987,5;987,2;;34,9;21,6;35,4;34;21,8;21,1;48;45;46;71;6,6;1,7;
2024/11/24;2000 UTC;0;987,5;987,5;987,2;;33,4;20,7;35,1;33,4;21,7;20,7;47;45;47;99;6,6;1,7;
2024/11/24;2100 UTC;0;988,2;988,2;987,5;;32,5;21,1;33,4;32;21,1;20,6;52;47;51;66;4,4;2;
2024/11/24;2200 UTC;;;;;;;;;;;;;;;;;;
2024/11/24;2300 UTC;;;;;;;;;;;;;;;;;;
2024/11/25;0000 UTC;;;;;;;;;;;;;;;;;;
2024/11/25;0100 UTC;;;;;;;;;;;;;;;;;;
2024/11/25;0200 UTC;;;;;;;;;;;;;;;;;;
2024/11/25;0300 UTC;;;;;;;;;;;;;;;;;;
2024/11/25;0400 UTC;;;;;;;;;;;;;;;;;;
2024/11/25;0500 UTC;;;;;;;;;;;;;;;;;;
2024/11/25;0600 UTC;;;;;;;;;;;;;;;;;;
2024/11/25;0700 UTC;;;;;;;;;;;;;;;;;;
2024/11/25;0800 UTC;;;;;;;;;;;;;;;;;;
2024/11/25;0900 UTC;;;;;;;;;;;;;;;;;;
2024/11/25;1000 UTC;0;993;;;44,4;26,9;;;;;;;;;67;;2,3;
2024/11/25;1100 UTC;0;993,6;993,6;993;16,3;27,5;27,5;27,8;26,7;;;;;100;86;7;3,7;
2024/11/25;1200 UTC;0;993,6;993,7;993,5;;28,9;24,1;30,1;27,1;28,4;23,8;100;70;75;74;9,2;3,1;
2024/11/25;1300 UTC;0;993,5;993,8;993,5;;29,7;24,5;29,7;28,8;24,6;24;78;73;74;85;8,6;3,5;
2024/11/25;1400 UTC;0;992,6;993,5;992,6;;31,9;23;32,3;29,7;24,7;22,9;74;59;60;83;7,2;3,1;
2024/11/25;1500 UTC;0;991,6;992,6;991,5;;33,4;21,9;34,5;31,1;23,5;21;61;49;51;81;8,2;3,3;
2024/11/25;1600 UTC;0;990,9;991,6;990,9;;34;22,1;34,2;32,3;22,6;21,6;55;50;50;70;7,8;3;
2024/11/25;1700 UTC;0;990;991;990;;34,5;22,1;35,2;32,9;22,5;21,3;51;47;49;89;9,4;2,2;
2024/11/25;1800 UTC;0;989,4;990;989,4;;35,1;21,5;35,3;33,5;22,2;21,2;49;45;45;151;7,7;2,7;
2024/11/25;1900 UTC;0;989,3;989,4;989,3;;32,4;22,1;35,4;32,1;24,1;21,2;63;44;55;64;6,4;2,5;
2024/11/25;2000 UTC;0;989,6;989,6;989,3;;31,7;21,8;32,4;31,7;22,8;21,6;59;54;56;68;5,5;2,2;
2024/11/25;2100 UTC;0;990,1;990,1;989,6;;31;22,1;31,7;31;22,3;21,8;59;56;59;53;4,6;1,8;
2024/11/25;2200 UTC;0;991;991;990,1;;29,5;21,3;31;29,5;22,1;21,3;62;59;62;62;7,7;3,8;
2024/11/25;2300 UTC;0;991,9;991,9;991;;27,8;21,7;29,5;27,8;21,9;21,3;70;62;69;51;7,5;2,3;
2024/11/26;0000 UTC;0;992,5;992,5;991,9;;26,9;22,8;27,8;26,9;22,8;21,4;78;69;78;56;7,3;2,6;
2024/11/26;0100 UTC;0;992,5;992,7;992,5;;25,8;25,8;26,9;25,8;26,1;22,8;100;78;100;52;5,5;2;
2024/11/26;0200 UTC;0;992,4;992,6;992,4;1,7;25,3;;25,8;25,3;;;;;;56;6,1;2,3;
2024/11/26;0300 UTC;0;992,1;992,5;992;124,5;25,2;;25,3;25,2;;;;;;60;5,6;2,3;
2024/11/26;0400 UTC;0;991,6;992,1;991,5;366,7;25;;25,3;25;;;;;;48;6,4;2,5;
2024/11/26;0500 UTC;;;;;;;;;;;;;;;;;;
2024/11/26;0600 UTC;;;;;;;;;;;;;;;;;;
2024/11/26;0700 UTC;;;;;;;;;;;;;;;;;;
2024/11/26;0800 UTC;;;;;;;;;;;;;;;;;;
2024/11/26;0900 UTC;;;;;;;;;;;;;;;;;;
2024/11/26;1000 UTC;0;993,6;;;2,3;25,7;;;;;;;;;90;;3;
2024/11/26;1100 UTC;0;994;994,1;993,6;24,7;27,6;27,6;28,4;25,7;;;;;100;69;7,7;3,2;
2024/11/26;1200 UTC;0;994;994,2;994;;29,8;24,2;30;27,6;28,6;24;100;71;72;76;7,6;3,1;
2024/11/26;1300 UTC;0;993,4;994;993,4;;31,3;21,9;31,4;28,8;24,4;21,6;73;56;57;79;7,9;3,7;
2024/11/26;1400 UTC;0;992,4;993,4;992,4;;33,6;20,9;33,6;31;22,7;20,9;59;48;48;85;9,5;3,6;
2024/11/26;1500 UTC;0;991,2;992,4;991,2;;33,8;19,3;34,4;32,5;21,3;19,3;51;42;43;79;8,4;3,9;
2024/11/26;1600 UTC;0;989,7;991,2;989,7;;34,9;19,6;35,6;33,4;20,3;18,9;44;39;41;89;9,3;4;
2024/11/26;1700 UTC;0;988,6;989,7;988,6;;36;19,2;36,4;34,5;19,8;18,4;41;36;37;75;9,3;3,4;
2024/11/26;1800 UTC;0;988;988,6;987,9;;35,3;18,4;36,4;34,4;19,3;17,9;39;35;37;74;9;3,6;
2024/11/26;1900 UTC;0;987,5;988;987,5;;35,3;17,7;36,1;34,7;18,5;17,3;37;34;35;84;7,6;2,5;
2024/11/26;2000 UTC;0;987,7;987,7;987,5;;34,3;18;35,3;34,3;18,1;17,2;38;35;38;97;7,7;2,8;
2024/11/26;2100 UTC;0;988,4;988,4;987,6;;31,8;19,5;34,3;31,8;19,9;17,8;48;38;48;54;7,2;2,6;
2024/11/26;2200 UTC;0;989,5;989,5;988,4;;29,7;20,6;31,8;29,7;20,6;18,9;58;48;58;48;8,8;3,3;
2024/11/26;2300 UTC;0;990,5;990,6;989,5;;28,2;22;29,7;28,2;22;20,7;69;58;69;56;8,8;2,9;
2024/11/27;0000 UTC;0;991,4;991,4;990,5;;27,1;23,3;28,2;27;23,3;22;80;69;80;58;7,6;2,3;
2024/11/27;0100 UTC;0;991,4;991,5;991,4;;25,9;25,9;27,1;25,9;26,3;23,3;100;80;100;58;6,7;2,3;
2024/11/27;0200 UTC;;;;;;;;;;;;;;;;;;
2024/11/27;0300 UTC;;;;;;;;;;;;;;;;;;
2024/11/27;0400 UTC;;;;;;;;;;;;;;;;;;
2024/11/27;0500 UTC;;;;;;;;;;;;;;;;;;
2024/11/27;0600 UTC;;;;;;;;;;;;;;;;;;
2024/11/27;0700 UTC;;;;;;;;;;;;;;;;;;
2024/11/27;0800 UTC;;;;;;;;;;;;;;;;;;
2024/11/27;0900 UTC;;;;;;;;;;;;;;;;;;
2024/11/27;1000 UTC;0;991,8;;;22;26,3;26,3;;;;;;;100;94;;3,1;
2024/11/27;1100 UTC;0;992,1;992,1;991,8;;27;25,7;27;26;26,9;25,5;100;91;93;67;7,5;4,2;
2024/11/27;1200 UTC;0;992;992,3;992;;29,9;21,5;30,5;27;25,6;21,1;93;59;61;84;8,5;3,8;
2024/11/27;1300 UTC;0;991,7;992,1;991,7;;31,3;20;31,9;29,8;21,5;19,7;60;50;51;91;9,2;4,2;
2024/11/27;1400 UTC;0;990,8;991,7;990,8;;33,1;18,8;34,1;31,3;20,6;18,8;52;42;43;89;9;3,7;
2024/11/27;1500 UTC;0;989,5;990,8;989,5;;34,3;18,8;34,9;32,6;19,5;18,4;44;39;40;94;8,9;4,2;
2024/11/27;1600 UTC;0;988,2;989,5;988,2;;35;18,2;36,1;34,2;19,1;17,9;40;35;37;100;8,3;3,9;
2024/11/27;1700 UTC;0;986,8;988,2;986,8;;37,2;18,1;37,3;35;18,6;17,2;37;33;33;151;8,3;2,5;
2024/11/27;1800 UTC;0;986,2;986,8;986,1;;36,4;16,5;37,2;35,6;17,8;16,4;34;31;31;121;8,2;3,2;
2024/11/27;1900 UTC;0;986;986,2;986;;36;16;36,5;35,8;17;15,9;32;30;31;85;8,2;2,9;
2024/11/27;2000 UTC;0;986,6;986,6;986;;34,7;16,2;36;34,7;16,5;15,8;33;30;33;98;7,1;3;
2024/11/27;2100 UTC;0;987,6;987,6;986,6;;31,8;18,6;34,7;31,8;18,6;16,1;45;33;45;43;7,6;2,7;
2024/11/27;2200 UTC;;;;;;;;;;;;;;;;;;
2024/11/27;2300 UTC;;;;;;;;;;;;;;;;;;
2024/11/28;0000 UTC;;;;;;;;;;;;;;;;;;
2024/11/28;0100 UTC;;;;;;;;;;;;;;;;;;
2024/11/28;0200 UTC;;;;;;;;;;;;;;;;;;
2024/11/28;0300 UTC;;;;;;;;;;;;;;;;;;
2024/11/28;0400 UTC;;;;;;;;;;;;;;;;;;
2024/11/28;0500 UTC;;;;;;;;;;;;;;;;;;
2024/11/28;0600 UTC;;;;;;;;;;;;;;;;;;
2024/11/28;0700 UTC;;;;;;;;;;;;;;;;;;
2024/11/28;0800 UTC;;;;;;;;;;;;;;;;;;
2024/11/28;0900 UTC;;;;;;;;;;;;;;;;;;
2024/11/28;1000 UTC;;;;;;;;;;;;;;;;;;
2024/11/28;1100 UTC;0;991,2;991,3;991;;28,2;23,2;28,2;26,7;24,8;23,2;89;75;75;70;;3,9;
2024/11/28;1200 UTC;0;991,2;991,2;991,1;;29,9;20,8;30,2;28,1;23,3;20,8;75;58;58;78;7,6;3,3;
2024/11/28;1300 UTC;0;991,1;991,2;991;;32,1;20,5;32,2;29,3;21,2;19,7;60;50;50;70;8,4;3,7;
2024/11/28;1400 UTC;0;990,1;991,1;990,1;;32,3;20,3;33,4;31,6;21;19,9;52;48;49;80;8,6;3,7;
2024/11/28;1500 UTC;0;989;990,1;989;;32,9;19,7;34,6;32,3;20,8;19,5;49;42;46;83;8,2;3;
2024/11/28;1600 UTC;0;987,7;989;987,7;;34,9;18,6;35,3;32,8;20,3;18,6;46;38;38;91;8,2;4;
2024/11/28;1700 UTC;0;986,7;987,7;986,6;;35,3;18,5;36;34,6;19,7;18,3;40;37;37;86;8,2;3,1;
2024/11/28;1800 UTC;0;986,1;986,7;986,1;;35,6;17,1;36,5;34,4;19,1;17;38;34;34;72;7,6;2,5;
2024/11/28;1900 UTC;0;986;986,1;985,9;;35;17,7;36,4;35;18,8;17,1;36;33;36;68;7,5;3,5;
2024/11/28;2000 UTC;0;986,6;986,6;986;;33,9;17,3;35;33,9;18,4;16,7;38;35;37;75;7,5;2,6;
2024/11/28;2100 UTC;0;987,4;987,4;986,6;;32,2;19,5;33,9;32,2;19,5;17,2;47;37;47;59;5,6;2,4;
2024/11/28;2200 UTC;;;;;;;;;;;;;;;;;;
2024/11/28;2300 UTC;;;;;;;;;;;;;;;;;;
2024/11/29;0000 UTC;;;;;;;;;;;;;;;;;;
2024/11/29;0100 UTC;;;;;;;;;;;;;;;;;;
2024/11/29;0200 UTC;;;;;;;;;;;;;;;;;;
2024/11/29;0300 UTC;;;;;;;;;;;;;;;;;;
2024/11/29;0400 UTC;;;;;;;;;;;;;;;;;;
2024/11/29;0500 UTC;;;;;;;;;;;;;;;;;;
2024/11/29;0600 UTC;;;;;;;;;;;;;;;;;;
2024/11/29;0700 UTC;;;;;;;;;;;;;;;;;;
2024/11/29;0800 UTC;;;;;;;;;;;;;;;;;;
2024/11/29;0900 UTC;;;;;;;;;;;;;;;;;;
2024/11/29;1000 UTC;0;;;;;;;;;;;;;;;;;
2024/11/29;1100 UTC;0;993;993,1;992,4;;27;27;27,7;25,6;;;;;100;100;8,1;4,1;
2024/11/29;1200 UTC;0;992,9;993,1;992,8;;29,4;23,5;30;27;27,4;23,5;100;70;71;103;8,4;3,2;
2024/11/29;1300 UTC;0;992;992,9;992;;31,5;22,6;32;28,7;24,1;22,4;74;59;59;111;7,5;3;
2024/11/29;1400 UTC;0;990,9;992;990,9;;33,5;21,9;33,6;31,3;23,2;21,7;61;51;51;83;7;3,2;
2024/11/29;1500 UTC;0;989,6;990,9;989,5;;34;21,2;35;32,3;22,1;20,5;53;45;47;64;8,3;4;
2024/11/29;1600 UTC;0;988,4;989,7;988,4;;35,6;20,7;36,2;34,1;21,6;19,9;47;39;42;98;8,7;2,9;
2024/11/29;1700 UTC;0;987,1;988,4;987,1;;36,1;19,9;37;35,4;21,2;19;42;36;39;73;8,9;2,7;
2024/11/29;1800 UTC;0;986,5;987,1;986,5;;36,6;17,4;37,4;35,6;19,9;16,5;39;30;32;123;8,2;3;
2024/11/29;1900 UTC;0;986,6;986,6;986,5;;36,2;17,8;37,3;35,5;18,4;17,2;35;32;34;88;6,8;3,1;
2024/11/29;2000 UTC;0;986,8;986,8;986,6;;35;18,2;36,3;35;18,6;17,6;37;34;37;91;6,2;2,3;
2024/11/29;2100 UTC;0;987,6;987,6;986,8;;31,7;21,2;35,1;31,7;21,3;17,9;54;37;54;42;7,1;2,7;
2024/11/29;2200 UTC;0;988,8;988,8;987,6;;29,8;22;31,7;29,8;22;20,8;63;54;63;53;7,5;3,4;
2024/11/29;2300 UTC;0;989,9;989,9;988,8;;28;23,7;29,8;28;23,7;22;77;63;77;56;8,2;2,7;
2024/11/30;0000 UTC;0;990,7;990,7;989,9;;26,8;25,2;28;26,8;25,2;23,5;91;77;91;58;8;2,9;
2024/11/30;0100 UTC;0;990,9;990,9;990,7;;25,8;;26,8;25,8;26,5;25,2;100;91;;60;7,1;2,6;
2024/11/30;0200 UTC;0;990,6;990,9;990,6;14,3;25,5;;25,8;25,4;;;;;;61;7;2,8;
2024/11/30;0300 UTC;;;;;;;;;;;;;;;;;;
2024/11/30;0400 UTC;;;;;;;;;;;;;;;;;;
2024/11/30;0500 UTC;;;;;;;;;;;;;;;;;;
2024/11/30;0600 UTC;;;;;;;;;;;;;;;;;;
2024/11/30;0700 UTC;;;;;;;;;;;;;;;;;;
2024/11/30;0800 UTC;;;;;;;;;;;;;;;;;;
2024/11/30;0900 UTC;;;;;;;;;;;;;;;;;;
2024/11/30;1000 UTC;0;;;;;;;;;;;;;;;;;
2024/11/30;1100 UTC;0;992;992,1;991,7;;27,2;25,7;27,3;25,9;27,2;25,7;100;91;91;75;7,4;3,8;
2024/11/30;1200 UTC;0;991,9;992,1;991,8;;29,1;22,2;29,8;27,2;25,5;22,2;91;66;66;69;9;3;
2024/11/30;1300 UTC;0;991,3;991,9;991,3;;31,5;21,8;31,7;29,1;22,9;21,3;67;56;56;60;7,8;3,1;
2024/11/30;1400 UTC;0;990,8;991,5;990,8;;31,6;21,8;33;30,6;22;21,2;58;52;56;81;7,5;2,8;
2024/11/30;1500 UTC;0;989,6;990,8;989,6;;33,5;21,4;34,5;31,6;22,1;21,1;56;48;49;99;7,2;3,9;
2024/11/30;1600 UTC;0;988,2;989,6;988,2;;35;21,1;35;32,9;21,8;20,8;50;44;44;67;7,2;3,1;
2024/11/30;1700 UTC;0;987;988,2;987;;34,4;19,8;36,4;34,4;21,8;19,8;46;41;42;73;7,5;3,2;
2024/11/30;1800 UTC;0;986,4;987;986,4;;35,9;20;36,3;34,2;20,8;19,6;43;39;40;121;7,9;2,7;
2024/11/30;1900 UTC;0;986,2;986,4;986,1;;34,8;19,3;36,3;34,7;20,2;19,2;41;38;40;75;7,7;2,5;
2024/11/30;2000 UTC;0;986,4;986,4;986,2;;34,2;19;35,3;34,2;19,6;18,9;41;38;41;74;5,7;2,5;
2024/11/30;2100 UTC;0;987,6;987,6;986,4;;30,3;22,1;34,2;30,3;22,1;18,8;62;41;62;44;8,8;3,9;
2024/11/30;2200 UTC;0;988,9;988,9;987,6;;28,6;22,1;30,3;28,6;22,4;22,1;68;62;68;52;9,1;3,3;
2024/11/30;2300 UTC;0;989,9;989,9;988,9;;26,8;25,9;28,6;26,8;25,9;22;95;68;95;56;8,7;2,7;
